 42
 92
 177
 236
 309
 317
 353
 394
 397
 404
 507
 518
 553
 570
 580
 583
 587
 618
 657
 674
 695
 701
 703
 709
 718
 744
 779
 789
 803
 805
 809
 812
 832
 836
 838
 908
 928
 997
 1004
 1005
 1009
 1023
 1029
 1032
 1036
 1057
 1061
 1111
 1171
 1176
 1215
 1257
 1258
 1261
 1282
 1282
 1286
 1292
 1293
 1300
 1337
 1339
 1369
 1395
 1437
 1467
 1475
 1477
 1479
 1481
 1484
 1504
 1516
 1520
 1540
 1540
 1547
 1584
 1585
 1593
 1607
 1612
 1634
 1634
 1637
 1638
 1649
 1650
 1661
 1662
 1662
 1664
 1664
 1666
 1680
 1680
 1702
 1713
 1728
 1730
 1754
 1758
 1764
 1765
 1767
 1772
 1792
 1809
 1815
 1815
 1817
 1833
 1845
 1858
 1872
 1889
 1893
 1895
 1902
 1904
 1906
 1910
 1934
 1958
 1968
 1989
 1993
 1994
 2005
 2010
 2025
 2031
 2032
 2040
 2042
 2044
 2050
 2055
 2064
 2067
 2074
 2079
 2087
 2092
 2097
 2103
 2103
 2114
 2120
 2125
 2128
 2146
 2148
 2151
 2166
 2175
 2176
 2179
 2180
 2183
 2183
 2185
 2190
 2207
 2211
 2216
 2219
 2223
 2227
 2235
 2253
 2254
 2256
 2268
 2271
 2279
 2280
 2287
 2288
 2303
 2304
 2313
 2317
 2318
 2319
 2331
 2339
 2339
 2340
 2342
 2345
 2355
 2373
 2381
 2391
 2396
 2410
 2414
 2432
 2445
 2450
 2452
 2454
 2480
 2483
 2485
 2496
 2502
 2516
 2516
 2516
 2517
 2521
 2526
 2530
 2532
 2534
 2547
 2548
 2552
 2557
 2569
 2571
 2572
 2577
 2587
 2588
 2595
 2614
 2615
 2617
 2620
 2622
 2623
 2627
 2627
 2641
 2641
 2648
 2671
 2674
 2677
 2696
 2698
 2711
 2718
 2721
 2721
 2724
 2741
 2742
 2752
 2760
 2771
 2776
 2776
 2779
 2781
 2788
 2809
 2810
 2810
 2822
 2834
 2848
 2849
 2858
 2862
 2863
 2866
 2867
 2868
 2870
 2870
 2873
 2875
 2877
 2883
 2886
 2889
 2894
 2901
 2902
 2906
 2917
 2924
 2925
 2946
 2957
 2967
 2969
 2970
 2983
 2985
 2999
 3001
 3007
 3011
 3012
 3012
 3025
 3028
 3039
 3041
 3052
 3053
 3072
 3075
 3079
 3082
 3089
 3095
 3097
 3108
 3112
 3112
 3113
 3121
 3126
 3128
 3133
 3135
 3136
 3141
 3144
 3145
 3150
 3155
 3159
 3166
 3173
 3188
 3190
 3194
 3198
 3204
 3219
 3219
 3220
 3221
 3236
 3237
 3237
 3249
 3250
 3250
 3255
 3261
 3267
 3277
 3287
 3292
 3293
 3293
 3294
 3294
 3296
 3297
 3305
 3307
 3307
 3310
 3312
 3317
 3328
 3337
 3344
 3344
 3346
 3350
 3351
 3371
 3372
 3373
 3377
 3377
 3390
 3397
 3398
 3404
 3406
 3411
 3411
 3411
 3412
 3419
 3426
 3429
 3434
 3435
 3436
 3438
 3444
 3448
 3451
 3452
 3472
 3476
 3478
 3480
 3509
 3517
 3521
 3530
 3533
 3541
 3553
 3553
 3559
 3566
 3580
 3581
 3590
 3592
 3596
 3609
 3611
 3616
 3617
 3618
 3618
 3619
 3624
 3628
 3643
 3650
 3654
 3655
 3664
 3664
 3667
 3675
 3682
 3707
 3707
 3710
 3722
 3722
 3733
 3739
 3739
 3739
 3741
 3754
 3755
 3767
 3771
 3772
 3782
 3789
 3789
 3791
 3796
 3801
 3805
 3806
 3807
 3807
 3810
 3816
 3822
 3823
 3828
 3828
 3833
 3834
 3842
 3843
 3853
 3853
 3853
 3859
 3860
 3869
 3876
 3877
 3885
 3887
 3889
 3893
 3894
 3898
 3898
 3905
 3914
 3915
 3919
 3919
 3922
 3922
 3925
 3925
 3934
 3944
 3962
 3962
 3965
 3965
 3968
 3969
 3969
 3970
 3971
 3971
 3976
 3980
 3981
 3987
 3989
 3993
 3999
 4000
 4011
 4016
 4021
 4031
 4036
 4036
 4037
 4038
 4041
 4046
 4051
 4059
 4060
 4067
 4074
 4075
 4076
 4079
 4083
 4091
 4091
 4101
 4105
 4106
 4107
 4107
 4111
 4121
 4126
 4131
 4135
 4160
 4161
 4162
 4167
 4167
 4167
 4170
 4171
 4175
 4180
 4181
 4182
 4191
 4195
 4197
 4201
 4204
 4206
 4209
 4209
 4211
 4215
 4221
 4225
 4234
 4238
 4240
 4245
 4250
 4250
 4251
 4258
 4268
 4276
 4276
 4284
 4284
 4284
 4291
 4292
 4295
 4295
 4297
 4298
 4300
 4304
 4305
 4309
 4312
 4318
 4320
 4324
 4331
 4347
 4347
 4352
 4355
 4355
 4360
 4369
 4370
 4370
 4376
 4377
 4378
 4390
 4391
 4398
 4401
 4416
 4417
 4421
 4423
 4429
 4432
 4436
 4438
 4443
 4445
 4445
 4450
 4452
 4457
 4461
 4461
 4463
 4466
 4471
 4472
 4474
 4475
 4484
 4485
 4497
 4500
 4501
 4505
 4508
 4511
 4518
 4520
 4523
 4523
 4525
 4536
 4537
 4539
 4544
 4545
 4548
 4550
 4557
 4563
 4567
 4567
 4572
 4580
 4592
 4600
 4603
 4605
 4608
 4611
 4613
 4614
 4626
 4628
 4631
 4633
 4642
 4642
 4643
 4648
 4654
 4656
 4660
 4662
 4662
 4662
 4663
 4664
 4664
 4674
 4681
 4683
 4684
 4688
 4689
 4690
 4691
 4697
 4699
 4699
 4703
 4710
 4714
 4715
 4716
 4719
 4719
 4727
 4728
 4728
 4739
 4740
 4742
 4744
 4754
 4755
 4765
 4765
 4770
 4770
 4770
 4771
 4775
 4781
 4783
 4788
 4789
 4789
 4794
 4799
 4800
 4802
 4804
 4808
 4808
 4811
 4811
 4819
 4820
 4821
 4825
 4828
 4840
 4841
 4842
 4846
 4849
 4851
 4852
 4854
 4856
 4863
 4867
 4868
 4869
 4873
 4874
 4875
 4886
 4886
 4892
 4892
 4893
 4898
 4905
 4914
 4915
 4916
 4919
 4921
 4922
 4929
 4929
 4934
 4935
 4940
 4940
 4941
 4941
 4944
 4944
 4947
 4949
 4961
 4963
 4967
 4969
 4975
 4987
 4989
 4992
 4994
 4995
 4995
 4996
 4996
 5004
 5005
 5010
 5013
 5015
 5023
 5037
 5037
 5037
 5042
 5043
 5047
 5049
 5050
 5052
 5052
 5052
 5053
 5059
 5060
 5060
 5062
 5063
 5064
 5080
 5084
 5084
 5090
 5092
 5093
 5094
 5096
 5097
 5098
 5107
 5111
 5115
 5118
 5127
 5131
 5132
 5133
 5137
 5137
 5140
 5140
 5141
 5144
 5147
 5147
 5148
 5151
 5155
 5158
 5159
 5159
 5164
 5166
 5167
 5172
 5174
 5180
 5180
 5182
 5183
 5192
 5196
 5200
 5202
 5208
 5210
 5212
 5213
 5215
 5216
 5216
 5217
 5226
 5226
 5227
 5228
 5229
 5231
 5233
 5234
 5238
 5246
 5253
 5256
 5258
 5259
 5262
 5263
 5264
 5267
 5267
 5268
 5269
 5272
 5277
 5278
 5280
 5281
 5281
 5282
 5287
 5289
 5297
 5303
 5310
 5313
 5314
 5314
 5314
 5327
 5330
 5331
 5336
 5336
 5336
 5337
 5338
 5340
 5343
 5348
 5350
 5353
 5368
 5372
 5382
 5385
 5387
 5390
 5401
 5416
 5416
 5418
 5419
 5424
 5425
 5426
 5426
 5428
 5432
 5432
 5433
 5434
 5439
 5441
 5455
 5455
 5456
 5456
 5457
 5459
 5465
 5471
 5478
 5478
 5482
 5483
 5487
 5487
 5490
 5495
 5495
 5500
 5503
 5504
 5507
 5509
 5509
 5520
 5523
 5527
 5527
 5530
 5534
 5535
 5536
 5540
 5545
 5549
 5551
 5555
 5556
 5557
 5558
 5559
 5564
 5571
 5573
 5576
 5576
 5578
 5580
 5582
 5586
 5587
 5587
 5589
 5591
 5592
 5597
 5598
 5598
 5598
 5604
 5611
 5616
 5617
 5622
 5627
 5631
 5632
 5633
 5635
 5636
 5637
 5642
 5643
 5644
 5645
 5651
 5657
 5665
 5665
 5671
 5671
 5672
 5678
 5678
 5679
 5681
 5681
 5682
 5683
 5684
 5687
 5688
 5689
 5690
 5691
 5696
 5698
 5704
 5704
 5706
 5711
 5716
 5727
 5730
 5731
 5737
 5741
 5745
 5745
 5749
 5749
 5750
 5757
 5759
 5763
 5764
 5767
 5775
 5775
 5781
 5781
 5784
 5805
 5809
 5815
 5820
 5825
 5830
 5832
 5835
 5837
 5837
 5838
 5839
 5850
 5851
 5855
 5861
 5862
 5874
 5875
 5876
 5879
 5889
 5891
 5894
 5895
 5896
 5896
 5897
 5899
 5902
 5903
 5904
 5906
 5914
 5914
 5919
 5920
 5929
 5932
 5935
 5937
 5938
 5942
 5945
 5945
 5946
 5950
 5950
 5951
 5954
 5957
 5961
 5965
 5969
 5970
 5973
 5977
 5978
 5979
 5981
 5986
 5998
 6001
 6001
 6003
 6008
 6020
 6023
 6024
 6024
 6024
 6027
 6031
 6033
 6041
 6048
 6052
 6054
 6057
 6057
 6058
 6068
 6077
 6078
 6081
 6081
 6092
 6097
 6101
 6103
 6107
 6108
 6109
 6109
 6113
 6115
 6117
 6118
 6120
 6121
 6124
 6124
 6125
 6128
 6137
 6139
 6156
 6159
 6162
 6176
 6177
 6177
 6178
 6184
 6186
 6189
 6190
 6193
 6194
 6195
 6198
 6202
 6205
 6205
 6209
 6210
 6214
 6217
 6220
 6222
 6227
 6230
 6234
 6235
 6235
 6237
 6237
 6238
 6244
 6246
 6248
 6249
 6250
 6251
 6256
 6261
 6264
 6264
 6266
 6267
 6270
 6272
 6274
 6275
 6275
 6277
 6279
 6279
 6286
 6288
 6290
 6291
 6294
 6299
 6302
 6304
 6305
 6309
 6312
 6314
 6318
 6323
 6323
 6325
 6326
 6329
 6329
 6330
 6332
 6332
 6337
 6337
 6338
 6338
 6339
 6346
 6354
 6355
 6355
 6358
 6360
 6373
 6374
 6375
 6378
 6383
 6385
 6388
 6388
 6389
 6391
 6392
 6395
 6395
 6395
 6396
 6398
 6398
 6400
 6412
 6414
 6418
 6418
 6418
 6421
 6423
 6423
 6424
 6425
 6435
 6436
 6437
 6437
 6437
 6445
 6446
 6454
 6457
 6459
 6459
 6461
 6462
 6466
 6471
 6473
 6473
 6474
 6475
 6478
 6479
 6486
 6489
 6496
 6498
 6498
 6504
 6512
 6512
 6512
 6513
 6514
 6514
 6521
 6521
 6521
 6521
 6525
 6525
 6525
 6526
 6526
 6529
 6530
 6536
 6543
 6545
 6549
 6559
 6562
 6570
 6570
 6573
 6574
 6578
 6582
 6583
 6586
 6587
 6588
 6591
 6592
 6594
 6595
 6603
 6604
 6606
 6611
 6611
 6615
 6619
 6619
 6622
 6623
 6626
 6631
 6631
 6631
 6632
 6633
 6634
 6635
 6636
 6638
 6641
 6642
 6642
 6645
 6645
 6646
 6649
 6651
 6654
 6657
 6658
 6659
 6660
 6661
 6663
 6664
 6668
 6673
 6673
 6676
 6676
 6677
 6677
 6681
 6681
 6684
 6688
 6691
 6701
 6702
 6705
 6705
 6706
 6708
 6715
 6718
 6719
 6720
 6723
 6726
 6729
 6730
 6731
 6736
 6737
 6741
 6747
 6750
 6753
 6755
 6758
 6760
 6767
 6769
 6770
 6773
 6774
 6774
 6777
 6779
 6781
 6781
 6788
 6790
 6791
 6791
 6795
 6801
 6802
 6803
 6807
 6814
 6815
 6816
 6818
 6827
 6831
 6836
 6836
 6838
 6839
 6840
 6842
 6843
 6844
 6845
 6846
 6846
 6847
 6852
 6853
 6862
 6863
 6864
 6864
 6864
 6875
 6876
 6878
 6881
 6883
 6884
 6884
 6888
 6891
 6892
 6893
 6893
 6894
 6896
 6897
 6899
 6902
 6905
 6906
 6910
 6915
 6918
 6918
 6920
 6921
 6922
 6931
 6931
 6937
 6938
 6939
 6940
 6940
 6941
 6948
 6952
 6954
 6954
 6955
 6955
 6962
 6962
 6965
 6965
 6969
 6969
 6971
 6972
 6976
 6977
 6979
 6983
 6984
 6986
 6990
 6995
 6996
 7000
 7001
 7001
 7006
 7008
 7009
 7010
 7010
 7012
 7013
 7013
 7027
 7029
 7036
 7037
 7038
 7047
 7050
 7053
 7058
 7065
 7066
 7067
 7071
 7076
 7078
 7080
 7084
 7084
 7086
 7086
 7087
 7087
 7087
 7090
 7095
 7096
 7102
 7107
 7107
 7113
 7116
 7118
 7119
 7119
 7130
 7132
 7133
 7136
 7137
 7140
 7140
 7142
 7143
 7144
 7144
 7144
 7149
 7151
 7152
 7154
 7154
 7155
 7157
 7158
 7159
 7159
 7161
 7162
 7164
 7164
 7166
 7171
 7176
 7176
 7176
 7182
 7187
 7188
 7191
 7191
 7194
 7196
 7198
 7202
 7202
 7204
 7205
 7206
 7207
 7209
 7212
 7215
 7215
 7217
 7220
 7223
 7224
 7228
 7234
 7238
 7239
 7240
 7241
 7241
 7242
 7245
 7245
 7250
 7254
 7256
 7257
 7260
 7262
 7264
 7264
 7266
 7267
 7267
 7269
 7274
 7277
 7280
 7287
 7291
 7293
 7301
 7305
 7307
 7307
 7308
 7313
 7316
 7318
 7321
 7326
 7328
 7329
 7331
 7334
 7336
 7338
 7347
 7350
 7352
 7352
 7353
 7355
 7363
 7370
 7379
 7380
 7383
 7385
 7389
 7393
 7395
 7395
 7397
 7404
 7405
 7406
 7407
 7407
 7412
 7419
 7420
 7423
 7427
 7430
 7430
 7431
 7432
 7439
 7440
 7441
 7441
 7442
 7442
 7443
 7444
 7445
 7449
 7449
 7450
 7450
 7456
 7459
 7463
 7464
 7468
 7479
 7481
 7488
 7489
 7489
 7490
 7492
 7494
 7501
 7502
 7504
 7509
 7509
 7509
 7512
 7514
 7516
 7517
 7519
 7520
 7520
 7524
 7525
 7526
 7531
 7532
 7533
 7534
 7534
 7534
 7536
 7537
 7540
 7545
 7554
 7556
 7557
 7562
 7567
 7568
 7570
 7571
 7572
 7573
 7574
 7575
 7576
 7577
 7580
 7587
 7588
 7592
 7592
 7595
 7595
 7596
 7597
 7602
 7615
 7619
 7621
 7622
 7623
 7629
 7631
 7632
 7635
 7637
 7638
 7641
 7642
 7643
 7643
 7644
 7646
 7649
 7654
 7656
 7658
 7658
 7659
 7660
 7663
 7665
 7667
 7668
 7669
 7670
 7673
 7674
 7675
 7675
 7676
 7677
 7679
 7682
 7684
 7685
 7686
 7688
 7691
 7694
 7696
 7698
 7703
 7703
 7706
 7707
 7711
 7711
 7711
 7714
 7714
 7715
 7716
 7720
 7722
 7723
 7728
 7729
 7730
 7732
 7734
 7738
 7739
 7741
 7741
 7749
 7750
 7751
 7752
 7753
 7754
 7755
 7755
 7756
 7757
 7758
 7759
 7759
 7759
 7760
 7762
 7762
 7762
 7765
 7768
 7771
 7774
 7775
 7776
 7777
 7778
 7785
 7787
 7787
 7792
 7797
 7801
 7807
 7809
 7811
 7813
 7814
 7814
 7816
 7818
 7820
 7821
 7822
 7824
 7825
 7828
 7829
 7831
 7832
 7832
 7833
 7834
 7834
 7842
 7844
 7844
 7845
 7849
 7851
 7854
 7854
 7855
 7857
 7863
 7865
 7866
 7867
 7868
 7870
 7870
 7877
 7878
 7880
 7883
 7884
 7884
 7886
 7890
 7893
 7894
 7895
 7895
 7896
 7896
 7900
 7902
 7903
 7905
 7905
 7906
 7907
 7915
 7917
 7921
 7924
 7927
 7928
 7928
 7929
 7933
 7937
 7937
 7938
 7942
 7944
 7947
 7952
 7952
 7952
 7953
 7962
 7963
 7964
 7967
 7970
 7971
 7971
 7972
 7978
 7981
 7983
 7989
 7993
 7994
 7995
 7997
 7997
 8000
 8006
 8010
 8010
 8012
 8014
 8014
 8016
 8017
 8019
 8019
 8029
 8031
 8034
 8037
 8040
 8043
 8043
 8049
 8051
 8054
 8056
 8056
 8056
 8057
 8058
 8060
 8062
 8064
 8066
 8069
 8070
 8070
 8071
 8076
 8081
 8083
 8084
 8089
 8089
 8091
 8093
 8100
 8101
 8102
 8106
 8109
 8109
 8114
 8124
 8125
 8131
 8135
 8135
 8136
 8137
 8138
 8138
 8139
 8139
 8139
 8143
 8143
 8144
 8144
 8145
 8148
 8148
 8152
 8156
 8157
 8157
 8158
 8159
 8160
 8162
 8162
 8165
 8165
 8166
 8166
 8167
 8167
 8168
 8180
 8180
 8182
 8186
 8188
 8188
 8191
 8193
 8193
 8194
 8197
 8199
 8201
 8203
 8203
 8204
 8206
 8208
 8211
 8213
 8218
 8220
 8222
 8223
 8224
 8224
 8226
 8228
 8233
 8237
 8238
 8240
 8241
 8242
 8243
 8244
 8244
 8245
 8246
 8246
 8246
 8248
 8248
 8256
 8257
 8257
 8263
 8267
 8269
 8271
 8275
 8277
 8278
 8281
 8282
 8284
 8285
 8285
 8292
 8293
 8295
 8297
 8299
 8300
 8302
 8304
 8304
 8308
 8308
 8310
 8312
 8314
 8316
 8318
 8319
 8322
 8322
 8323
 8324
 8326
 8328
 8332
 8333
 8336
 8337
 8337
 8339
 8342
 8347
 8350
 8351
 8352
 8353
 8360
 8363
 8364
 8364
 8367
 8372
 8374
 8375
 8377
 8379
 8380
 8380
 8381
 8384
 8386
 8392
 8393
 8397
 8398
 8398
 8400
 8401
 8402
 8403
 8403
 8407
 8410
 8420
 8422
 8426
 8428
 8432
 8433
 8433
 8434
 8434
 8435
 8440
 8441
 8443
 8443
 8444
 8445
 8450
 8451
 8451
 8454
 8456
 8458
 8461
 8461
 8462
 8463
 8463
 8466
 8468
 8470
 8471
 8472
 8473
 8475
 8477
 8479
 8485
 8487
 8492
 8494
 8495
 8496
 8497
 8498
 8498
 8502
 8503
 8505
 8509
 8512
 8513
 8517
 8518
 8522
 8524
 8525
 8526
 8526
 8527
 8528
 8529
 8532
 8532
 8534
 8535
 8543
 8543
 8544
 8547
 8548
 8548
 8550
 8554
 8560
 8561
 8561
 8563
 8567
 8569
 8570
 8572
 8576
 8577
 8580
 8583
 8586
 8587
 8588
 8589
 8592
 8593
 8602
 8604
 8605
 8606
 8607
 8607
 8608
 8610
 8611
 8612
 8613
 8614
 8615
 8618
 8618
 8620
 8623
 8624
 8625
 8626
 8628
 8631
 8632
 8642
 8643
 8644
 8647
 8649
 8650
 8650
 8653
 8655
 8657
 8657
 8660
 8663
 8666
 8671
 8672
 8673
 8674
 8676
 8677
 8679
 8683
 8686
 8689
 8689
 8689
 8690
 8690
 8690
 8691
 8692
 8693
 8694
 8695
 8703
 8704
 8704
 8705
 8711
 8713
 8716
 8718
 8719
 8720
 8721
 8729
 8730
 8734
 8736
 8736
 8737
 8737
 8739
 8739
 8744
 8744
 8745
 8748
 8752
 8754
 8757
 8758
 8758
 8759
 8759
 8761
 8762
 8763
 8767
 8774
 8774
 8774
 8777
 8777
 8780
 8780
 8781
 8785
 8788
 8790
 8791
 8792
 8792
 8792
 8794
 8794
 8796
 8798
 8798
 8798
 8799
 8806
 8806
 8810
 8811
 8816
 8817
 8818
 8818
 8819
 8826
 8827
 8831
 8831
 8833
 8840
 8843
 8848
 8849
 8850
 8850
 8851
 8854
 8856
 8857
 8864
 8867
 8868
 8868
 8868
 8870
 8872
 8873
 8873
 8875
 8878
 8882
 8884
 8885
 8885
 8886
 8887
 8887
 8888
 8888
 8888
 8889
 8890
 8895
 8903
 8903
 8904
 8906
 8906
 8908
 8910
 8913
 8914
 8916
 8919
 8921
 8921
 8923
 8926
 8928
 8934
 8936
 8937
 8939
 8939
 8940
 8942
 8945
 8946
 8947
 8949
 8950
 8952
 8954
 8954
 8957
 8957
 8958
 8961
 8963
 8965
 8971
 8973
 8975
 8979
 8984
 8985
 8985
 8985
 8987
 8992
 8996
 8996
 8996
 8997
 8999
 9001
 9006
 9008
 9010
 9011
 9012
 9014
 9014
 9016
 9019
 9019
 9022
 9023
 9027
 9029
 9029
 9029
 9033
 9033
 9033
 9035
 9039
 9040
 9041
 9044
 9045
 9049
 9053
 9055
 9057
 9058
 9059
 9060
 9060
 9062
 9063
 9064
 9065
 9066
 9068
 9069
 9069
 9071
 9074
 9075
 9077
 9078
 9079
 9081
 9082
 9083
 9083
 9084
 9085
 9086
 9087
 9090
 9090
 9091
 9092
 9093
 9093
 9094
 9096
 9097
 9100
 9103
 9105
 9107
 9107
 9107
 9110
 9112
 9114
 9117
 9119
 9120
 9123
 9124
 9126
 9130
 9131
 9132
 9134
 9142
 9143
 9144
 9144
 9145
 9145
 9146
 9148
 9150
 9151
 9154
 9155
 9160
 9160
 9161
 9162
 9162
 9163
 9165
 9166
 9166
 9167
 9167
 9173
 9178
 9178
 9183
 9184
 9185
 9188
 9188
 9188
 9188
 9191
 9192
 9193
 9193
 9198
 9201
 9202
 9203
 9204
 9204
 9209
 9210
 9212
 9215
 9216
 9216
 9216
 9216
 9219
 9219
 9224
 9224
 9225
 9226
 9243
 9246
 9248
 9250
 9251
 9252
 9254
 9254
 9254
 9257
 9257
 9259
 9259
 9259
 9262
 9262
 9265
 9265
 9268
 9268
 9270
 9273
 9274
 9276
 9277
 9277
 9279
 9280
 9280
 9281
 9281
 9282
 9282
 9284
 9284
 9288
 9298
 9299
 9299
 9307
 9307
 9316
 9319
 9322
 9324
 9325
 9326
 9330
 9331
 9335
 9335
 9337
 9338
 9341
 9342
 9346
 9347
 9349
 9354
 9355
 9358
 9360
 9360
 9362
 9366
 9367
 9367
 9368
 9370
 9372
 9375
 9376
 9377
 9380
 9380
 9382
 9387
 9388
 9390
 9392
 9394
 9396
 9396
 9397
 9401
 9403
 9404
 9406
 9406
 9406
 9408
 9410
 9410
 9411
 9412
 9415
 9419
 9419
 9419
 9421
 9426
 9427
 9427
 9429
 9433
 9433
 9434
 9439
 9442
 9446
 9446
 9447
 9448
 9448
 9448
 9450
 9451
 9452
 9452
 9454
 9456
 9457
 9458
 9459
 9462
 9465
 9469
 9469
 9470
 9471
 9471
 9472
 9476
 9476
 9478
 9478
 9481
 9481
 9486
 9490
 9490
 9491
 9492
 9493
 9493
 9494
 9495
 9497
 9497
 9498
 9499
 9500
 9504
 9504
 9506
 9507
 9507
 9507
 9507
 9509
 9510
 9511
 9514
 9515
 9515
 9516
 9517
 9518
 9518
 9521
 9521
 9522
 9523
 9524
 9524
 9526
 9527
 9533
 9536
 9537
 9539
 9539
 9539
 9543
 9546
 9547
 9547
 9547
 9547
 9547
 9548
 9551
 9551
 9557
 9557
 9557
 9559
 9565
 9568
 9569
 9569
 9570
 9570
 9571
 9572
 9574
 9574
 9574
 9575
 9577
 9580
 9580
 9581
 9581
 9584
 9586
 9589
 9595
 9597
 9600
 9601
 9607
 9608
 9608
 9608
 9608
 9613
 9613
 9616
 9619
 9619
 9620
 9622
 9624
 9624
 9625
 9625
 9626
 9628
 9629
 9630
 9632
 9633
 9637
 9638
 9640
 9642
 9642
 9643
 9648
 9649
 9652
 9652
 9654
 9656
 9656
 9657
 9659
 9661
 9664
 9664
 9668
 9670
 9672
 9673
 9676
 9677
 9678
 9678
 9681
 9682
 9690
 9698
 9698
 9699
 9701
 9702
 9703
 9706
 9706
 9709
 9711
 9714
 9719
 9719
 9720
 9721
 9723
 9723
 9724
 9725
 9725
 9726
 9727
 9727
 9727
 9729
 9730
 9732
 9734
 9736
 9740
 9742
 9743
 9744
 9745
 9746
 9747
 9750
 9750
 9752
 9755
 9758
 9759
 9759
 9761
 9762
 9765
 9767
 9769
 9775
 9776
 9776
 9779
 9779
 9785
 9785
 9787
 9789
 9791
 9792
 9795
 9796
 9797
 9797
 9798
 9799
 9799
 9807
 9809
 9809
 9810
 9811
 9811
 9812
 9822
 9822
 9823
 9824
 9827
 9828
 9829
 9831
 9833
 9833
 9837
 9837
 9841
 9846
 9846
 9847
 9848
 9854
 9855
 9856
 9856
 9858
 9858
 9859
 9864
 9866
 9868
 9871
 9871
 9873
 9875
 9876
 9879
 9882
 9882
 9884
 9885
 9885
 9888
 9888
 9891
 9893
 9893
 9898
 9898
 9899
 9901
 9902
 9905
 9906
 9907
 9908
 9909
 9912
 9915
 9917
 9920
 9923
 9923
 9923
 9925
 9926
 9928
 9928
 9931
 9934
 9934
 9940
 9942
 9943
 9945
 9945
 9946
 9948
 9948
 9949
 9952
 9954
 9954
 9956
 9957
 9958
 9960
 9960
 9962
 9962
 9963
 9963
 9969
 9969
 9971
 9973
 9974
 9975
 9976
 9976
 9978
 9978
 9982
 9984
 9985
 9985
 9987
 9989
 9991
 9992
 9992
 9994
 9995
 9995
 9995
 9996
 9996
 9997
 10000
 10003
 10005
 10009
 10011
 10011
 10012
 10017
 10017
 10017
 10019
 10021
 10022
 10022
 10023
 10026
 10028
 10030
 10031
 10031
 10036
 10036
 10037
 10038
 10038
 10040
 10043
 10043
 10045
 10046
 10048
 10049
 10050
 10051
 10051
 10052
 10055
 10058
 10061
 10062
 10063
 10064
 10064
 10071
 10072
 10073
 10074
 10077
 10080
 10080
 10081
 10081
 10081
 10087
 10091
 10093
 10095
 10095
 10096
 10099
 10102
 10106
 10106
 10106
 10107
 10111
 10117
 10120
 10120
 10120
 10120
 10121
 10122
 10124
 10125
 10127
 10128
 10130
 10131
 10132
 10133
 10134
 10134
 10135
 10137
 10140
 10140
 10141
 10142
 10146
 10147
 10150
 10151
 10151
 10152
 10152
 10153
 10153
 10157
 10157
 10158
 10159
 10160
 10164
 10164
 10165
 10166
 10166
 10169
 10169
 10172
 10174
 10177
 10178
 10179
 10181
 10182
 10183
 10184
 10185
 10186
 10186
 10188
 10190
 10191
 10192
 10196
 10200
 10200
 10201
 10201
 10202
 10205
 10211
 10214
 10216
 10218
 10218
 10222
 10226
 10226
 10227
 10227
 10229
 10231
 10233
 10234
 10234
 10235
 10238
 10238
 10242
 10242
 10242
 10243
 10245
 10245
 10248
 10249
 10250
 10251
 10255
 10255
 10256
 10257
 10259
 10261
 10266
 10269
 10272
 10273
 10274
 10276
 10278
 10279
 10280
 10280
 10281
 10285
 10287
 10290
 10292
 10295
 10296
 10297
 10298
 10299
 10300
 10301
 10301
 10303
 10303
 10303
 10304
 10308
 10313
 10314
 10316
 10318
 10318
 10318
 10319
 10320
 10321
 10323
 10325
 10328
 10329
 10329
 10330
 10332
 10334
 10334
 10334
 10334
 10335
 10336
 10336
 10337
 10337
 10341
 10341
 10344
 10348
 10350
 10351
 10351
 10352
 10352
 10357
 10357
 10359
 10360
 10361
 10364
 10364
 10364
 10366
 10370
 10372
 10373
 10374
 10377
 10379
 10379
 10381
 10381
 10381
 10382
 10383
 10384
 10389
 10390
 10390
 10391
 10391
 10395
 10398
 10398
 10399
 10400
 10401
 10401
 10402
 10403
 10406
 10406
 10408
 10409
 10409
 10411
 10411
 10413
 10417
 10421
 10421
 10421
 10423
 10426
 10431
 10435
 10436
 10438
 10439
 10440
 10441
 10441
 10441
 10443
 10447
 10448
 10448
 10449
 10449
 10451
 10456
 10456
 10456
 10457
 10459
 10460
 10462
 10468
 10469
 10471
 10472
 10474
 10481
 10485
 10486
 10486
 10494
 10498
 10498
 10501
 10502
 10504
 10505
 10509
 10509
 10510
 10511
 10512
 10513
 10515
 10516
 10519
 10527
 10529
 10533
 10535
 10536
 10537
 10537
 10540
 10540
 10540
 10541
 10541
 10541
 10543
 10546
 10551
 10554
 10554
 10555
 10556
 10557
 10564
 10565
 10567
 10568
 10569
 10571
 10571
 10575
 10583
 10583
 10585
 10587
 10589
 10589
 10590
 10593
 10597
 10598
 10601
 10602
 10604
 10606
 10609
 10611
 10612
 10612
 10613
 10615
 10616
 10621
 10622
 10625
 10627
 10629
 10629
 10632
 10633
 10635
 10636
 10639
 10639
 10641
 10642
 10643
 10646
 10654
 10656
 10656
 10657
 10657
 10657
 10659
 10660
 10661
 10662
 10664
 10664
 10665
 10665
 10665
 10666
 10667
 10668
 10669
 10670
 10671
 10672
 10673
 10676
 10678
 10680
 10683
 10683
 10686
 10687
 10687
 10688
 10688
 10688
 10689
 10689
 10690
 10690
 10692
 10694
 10695
 10699
 10700
 10701
 10703
 10703
 10704
 10705
 10706
 10707
 10710
 10712
 10713
 10713
 10716
 10718
 10718
 10722
 10725
 10725
 10727
 10727
 10728
 10732
 10736
 10736
 10738
 10740
 10740
 10742
 10742
 10742
 10743
 10744
 10745
 10745
 10746
 10747
 10754
 10755
 10758
 10759
 10759
 10761
 10762
 10764
 10769
 10769
 10770
 10771
 10771
 10773
 10773
 10773
 10773
 10773
 10774
 10777
 10780
 10781
 10784
 10790
 10791
 10792
 10793
 10794
 10794
 10797
 10797
 10798
 10799
 10799
 10801
 10801
 10805
 10806
 10806
 10807
 10814
 10817
 10817
 10817
 10824
 10824
 10828
 10830
 10830
 10831
 10833
 10835
 10835
 10836
 10837
 10839
 10840
 10841
 10841
 10842
 10846
 10848
 10848
 10852
 10853
 10855
 10856
 10861
 10864
 10864
 10864
 10867
 10868
 10873
 10874
 10876
 10877
 10879
 10886
 10886
 10888
 10888
 10888
 10891
 10892
 10893
 10893
 10896
 10897
 10897
 10898
 10898
 10900
 10901
 10903
 10911
 10911
 10917
 10918
 10919
 10920
 10922
 10925
 10925
 10928
 10929
 10931
 10932
 10932
 10935
 10937
 10940
 10940
 10941
 10946
 10947
 10948
 10949
 10950
 10950
 10951
 10958
 10958
 10958
 10958
 10959
 10959
 10961
 10962
 10962
 10963
 10964
 10969
 10971
 10972
 10972
 10973
 10977
 10977
 10980
 10980
 10985
 10988
 10989
 10989
 10992
 10993
 10997
 10999
 10999
 11000
 11004
 11007
 11008
 11008
 11008
 11009
 11010
 11011
 11011
 11011
 11014
 11019
 11022
 11023
 11024
 11025
 11025
 11028
 11029
 11031
 11035
 11037
 11041
 11043
 11044
 11049
 11052
 11052
 11052
 11053
 11054
 11054
 11057
 11060
 11061
 11062
 11063
 11063
 11066
 11070
 11071
 11072
 11074
 11076
 11077
 11078
 11079
 11079
 11079
 11081
 11084
 11084
 11085
 11086
 11089
 11089
 11089
 11091
 11091
 11094
 11095
 11098
 11101
 11102
 11104
 11108
 11108
 11110
 11110
 11111
 11112
 11113
 11115
 11118
 11119
 11119
 11120
 11124
 11125
 11126
 11127
 11130
 11130
 11130
 11132
 11135
 11138
 11139
 11139
 11139
 11140
 11140
 11143
 11145
 11146
 11147
 11148
 11150
 11150
 11151
 11153
 11154
 11155
 11156
 11161
 11163
 11167
 11168
 11169
 11170
 11170
 11173
 11174
 11174
 11174
 11176
 11177
 11179
 11181
 11186
 11188
 11194
 11195
 11195
 11197
 11197
 11197
 11199
 11202
 11204
 11206
 11214
 11214
 11217
 11220
 11220
 11220
 11223
 11228
 11229
 11231
 11232
 11233
 11234
 11234
 11236
 11236
 11238
 11241
 11243
 11243
 11244
 11244
 11247
 11250
 11251
 11252
 11256
 11257
 11257
 11257
 11260
 11261
 11262
 11262
 11263
 11273
 11274
 11279
 11281
 11281
 11282
 11284
 11288
 11290
 11290
 11292
 11294
 11294
 11305
 11306
 11308
 11308
 11308
 11308
 11311
 11311
 11313
 11315
 11316
 11317
 11318
 11321
 11322
 11326
 11329
 11330
 11331
 11332
 11333
 11333
 11338
 11342
 11344
 11346
 11347
 11347
 11347
 11349
 11351
 11352
 11353
 11353
 11358
 11359
 11360
 11363
 11364
 11364
 11364
 11364
 11365
 11369
 11372
 11372
 11372
 11377
 11377
 11378
 11380
 11381
 11389
 11391
 11395
 11398
 11400
 11400
 11400
 11401
 11402
 11402
 11403
 11404
 11405
 11407
 11410
 11411
 11413
 11415
 11417
 11419
 11421
 11424
 11424
 11428
 11431
 11431
 11435
 11437
 11439
 11440
 11440
 11445
 11448
 11448
 11448
 11449
 11449
 11452
 11456
 11458
 11460
 11460
 11461
 11462
 11463
 11463
 11464
 11465
 11467
 11468
 11469
 11473
 11473
 11474
 11477
 11477
 11480
 11481
 11481
 11482
 11483
 11484
 11484
 11485
 11489
 11491
 11493
 11493
 11494
 11498
 11502
 11502
 11502
 11504
 11507
 11510
 11511
 11513
 11514
 11516
 11516
 11520
 11522
 11523
 11526
 11527
 11528
 11529
 11530
 11532
 11532
 11533
 11535
 11536
 11537
 11538
 11539
 11541
 11542
 11544
 11544
 11545
 11549
 11549
 11551
 11553
 11558
 11558
 11558
 11561
 11568
 11568
 11569
 11570
 11570
 11571
 11572
 11574
 11574
 11575
 11576
 11578
 11578
 11578
 11579
 11579
 11579
 11581
 11582
 11583
 11584
 11586
 11587
 11587
 11589
 11589
 11597
 11602
 11602
 11602
 11605
 11612
 11617
 11618
 11621
 11621
 11621
 11622
 11622
 11623
 11624
 11625
 11626
 11628
 11629
 11629
 11630
 11631
 11635
 11636
 11639
 11642
 11643
 11646
 11647
 11647
 11649
 11649
 11650
 11651
 11652
 11653
 11653
 11656
 11657
 11658
 11662
 11662
 11663
 11663
 11665
 11666
 11667
 11667
 11668
 11671
 11671
 11675
 11675
 11678
 11678
 11681
 11682
 11683
 11684
 11685
 11690
 11691
 11692
 11694
 11695
 11698
 11700
 11701
 11701
 11703
 11706
 11709
 11712
 11716
 11716
 11718
 11719
 11721
 11721
 11723
 11723
 11725
 11725
 11725
 11726
 11728
 11728
 11732
 11734
 11737
 11738
 11738
 11739
 11742
 11743
 11743
 11744
 11750
 11751
 11752
 11752
 11758
 11758
 11758
 11759
 11761
 11762
 11762
 11762
 11763
 11764
 11765
 11766
 11767
 11768
 11769
 11773
 11774
 11777
 11777
 11778
 11779
 11781
 11781
 11782
 11782
 11784
 11785
 11789
 11792
 11794
 11795
 11797
 11800
 11801
 11801
 11804
 11807
 11809
 11815
 11815
 11817
 11819
 11819
 11819
 11820
 11821
 11823
 11823
 11824
 11825
 11825
 11825
 11828
 11830
 11834
 11834
 11835
 11840
 11848
 11851
 11852
 11852
 11852
 11852
 11852
 11853
 11854
 11854
 11854
 11857
 11857
 11859
 11863
 11863
 11865
 11865
 11869
 11871
 11874
 11874
 11882
 11883
 11883
 11885
 11887
 11888
 11890
 11891
 11891
 11892
 11893
 11896
 11897
 11904
 11904
 11906
 11906
 11912
 11912
 11925
 11925
 11925
 11926
 11926
 11928
 11928
 11930
 11931
 11934
 11934
 11945
 11947
 11949
 11951
 11952
 11952
 11952
 11953
 11955
 11957
 11960
 11961
 11962
 11964
 11965
 11965
 11967
 11968
 11975
 11976
 11976
 11976
 11977
 11978
 11978
 11982
 11983
 11983
 11985
 11988
 11989
 11991
 11994
 11995
 11997
 11997
 11998
 12000
 12000
 12002
 12004
 12005
 12006
 12006
 12008
 12011
 12012
 12014
 12016
 12016
 12018
 12019
 12023
 12023
 12026
 12028
 12029
 12031
 12031
 12033
 12033
 12034
 12037
 12038
 12039
 12039
 12040
 12043
 12044
 12044
 12048
 12052
 12052
 12054
 12054
 12057
 12057
 12059
 12060
 12063
 12063
 12067
 12068
 12069
 12073
 12073
 12074
 12074
 12075
 12076
 12077
 12081
 12081
 12084
 12087
 12091
 12092
 12094
 12096
 12097
 12098
 12099
 12102
 12103
 12104
 12105
 12109
 12110
 12113
 12114
 12119
 12119
 12119
 12120
 12122
 12123
 12123
 12127
 12128
 12128
 12130
 12131
 12131
 12138
 12139
 12139
 12143
 12145
 12149
 12151
 12154
 12155
 12155
 12156
 12156
 12158
 12159
 12159
 12163
 12164
 12166
 12168
 12168
 12171
 12171
 12172
 12172
 12173
 12174
 12175
 12181
 12182
 12185
 12185
 12185
 12188
 12189
 12190
 12190
 12191
 12198
 12198
 12199
 12204
 12208
 12212
 12214
 12215
 12219
 12221
 12222
 12222
 12222
 12223
 12224
 12225
 12228
 12229
 12229
 12230
 12233
 12237
 12239
 12239
 12239
 12242
 12242
 12247
 12250
 12252
 12254
 12255
 12256
 12257
 12259
 12261
 12261
 12263
 12263
 12264
 12267
 12270
 12271
 12271
 12273
 12280
 12286
 12286
 12287
 12288
 12290
 12290
 12291
 12293
 12293
 12294
 12295
 12299
 12301
 12301
 12301
 12307
 12307
 12308
 12309
 12311
 12311
 12312
 12312
 12318
 12318
 12321
 12325
 12326
 12326
 12326
 12328
 12328
 12329
 12329
 12330
 12331
 12333
 12333
 12334
 12336
 12338
 12340
 12340
 12340
 12340
 12341
 12342
 12344
 12351
 12355
 12356
 12356
 12357
 12357
 12357
 12358
 12359
 12361
 12361
 12361
 12363
 12366
 12371
 12371
 12376
 12376
 12377
 12377
 12377
 12378
 12379
 12380
 12380
 12381
 12383
 12385
 12390
 12390
 12393
 12395
 12395
 12400
 12408
 12408
 12409
 12410
 12410
 12410
 12411
 12412
 12412
 12413
 12414
 12415
 12415
 12416
 12417
 12418
 12419
 12421
 12425
 12427
 12429
 12429
 12434
 12436
 12437
 12441
 12442
 12442
 12442
 12443
 12445
 12446
 12449
 12457
 12458
 12458
 12460
 12462
 12463
 12465
 12466
 12471
 12474
 12476
 12480
 12484
 12485
 12486
 12488
 12488
 12492
 12497
 12499
 12501
 12502
 12503
 12503
 12504
 12505
 12505
 12509
 12511
 12513
 12513
 12514
 12515
 12515
 12516
 12517
 12519
 12520
 12521
 12524
 12528
 12529
 12530
 12531
 12531
 12531
 12532
 12532
 12533
 12535
 12535
 12536
 12536
 12539
 12539
 12544
 12545
 12546
 12547
 12548
 12549
 12550
 12552
 12553
 12554
 12554
 12554
 12557
 12559
 12560
 12560
 12560
 12561
 12562
 12563
 12563
 12565
 12566
 12568
 12569
 12570
 12570
 12570
 12571
 12574
 12576
 12576
 12577
 12585
 12585
 12586
 12595
 12597
 12599
 12601
 12603
 12609
 12614
 12614
 12614
 12619
 12621
 12622
 12625
 12630
 12630
 12630
 12634
 12635
 12635
 12635
 12638
 12643
 12644
 12644
 12649
 12650
 12652
 12652
 12653
 12653
 12655
 12656
 12656
 12658
 12660
 12662
 12662
 12663
 12666
 12669
 12672
 12676
 12678
 12679
 12680
 12680
 12690
 12692
 12693
 12696
 12700
 12704
 12705
 12705
 12705
 12706
 12706
 12706
 12710
 12715
 12715
 12715
 12716
 12716
 12717
 12720
 12720
 12721
 12722
 12725
 12727
 12728
 12733
 12734
 12735
 12735
 12737
 12739
 12741
 12744
 12746
 12747
 12748
 12748
 12749
 12750
 12750
 12750
 12752
 12752
 12753
 12754
 12757
 12758
 12759
 12760
 12765
 12765
 12767
 12769
 12769
 12770
 12771
 12771
 12772
 12774
 12774
 12777
 12777
 12779
 12780
 12782
 12783
 12784
 12787
 12787
 12788
 12788
 12788
 12790
 12792
 12793
 12795
 12796
 12798
 12798
 12801
 12802
 12802
 12804
 12804
 12810
 12810
 12811
 12811
 12812
 12813
 12814
 12816
 12817
 12817
 12820
 12821
 12821
 12821
 12823
 12828
 12829
 12831
 12832
 12839
 12843
 12843
 12844
 12848
 12848
 12849
 12854
 12855
 12858
 12859
 12862
 12867
 12870
 12872
 12872
 12873
 12874
 12874
 12875
 12875
 12875
 12880
 12881
 12883
 12883
 12884
 12885
 12886
 12887
 12888
 12888
 12890
 12894
 12895
 12896
 12898
 12898
 12901
 12906
 12908
 12910
 12912
 12915
 12915
 12916
 12918
 12920
 12921
 12922
 12929
 12930
 12930
 12931
 12934
 12934
 12935
 12940
 12942
 12944
 12944
 12947
 12951
 12955
 12956
 12959
 12959
 12959
 12964
 12965
 12968
 12970
 12971
 12972
 12976
 12977
 12978
 12979
 12980
 12981
 12987
 12988
 12989
 12993
 12993
 12994
 12996
 12996
 12997
 12999
 13001
 13002
 13002
 13003
 13003
 13005
 13005
 13009
 13010
 13012
 13013
 13013
 13014
 13014
 13015
 13016
 13018
 13018
 13025
 13025
 13026
 13028
 13030
 13030
 13031
 13032
 13033
 13035
 13038
 13039
 13040
 13040
 13049
 13050
 13053
 13055
 13056
 13057
 13060
 13060
 13063
 13064
 13069
 13070
 13075
 13075
 13078
 13079
 13086
 13087
 13088
 13091
 13092
 13096
 13097
 13098
 13098
 13101
 13102
 13102
 13106
 13106
 13107
 13108
 13109
 13114
 13115
 13116
 13116
 13117
 13117
 13120
 13120
 13120
 13123
 13124
 13125
 13126
 13142
 13144
 13152
 13154
 13155
 13156
 13157
 13162
 13163
 13163
 13164
 13164
 13165
 13170
 13172
 13172
 13175
 13176
 13177
 13182
 13183
 13184
 13184
 13185
 13186
 13187
 13191
 13196
 13198
 13199
 13200
 13201
 13202
 13203
 13204
 13208
 13217
 13222
 13222
 13226
 13226
 13228
 13228
 13229
 13229
 13233
 13234
 13238
 13238
 13240
 13242
 13243
 13244
 13246
 13247
 13249
 13250
 13254
 13255
 13255
 13257
 13257
 13261
 13263
 13265
 13267
 13269
 13271
 13271
 13273
 13273
 13273
 13275
 13281
 13281
 13281
 13282
 13282
 13285
 13286
 13286
 13290
 13292
 13292
 13293
 13294
 13295
 13298
 13300
 13305
 13312
 13312
 13313
 13315
 13315
 13315
 13316
 13319
 13319
 13331
 13331
 13332
 13332
 13335
 13336
 13340
 13341
 13344
 13347
 13348
 13348
 13349
 13350
 13350
 13352
 13353
 13363
 13364
 13366
 13366
 13366
 13367
 13369
 13369
 13372
 13373
 13376
 13379
 13379
 13380
 13382
 13384
 13387
 13387
 13388
 13391
 13392
 13393
 13404
 13405
 13406
 13407
 13407
 13408
 13408
 13409
 13409
 13409
 13412
 13414
 13414
 13417
 13417
 13417
 13418
 13419
 13427
 13428
 13428
 13429
 13437
 13439
 13439
 13439
 13440
 13443
 13443
 13444
 13446
 13448
 13449
 13450
 13450
 13454
 13457
 13457
 13459
 13460
 13461
 13461
 13463
 13463
 13465
 13465
 13465
 13466
 13468
 13469
 13469
 13473
 13474
 13480
 13481
 13482
 13483
 13484
 13491
 13493
 13495
 13495
 13496
 13498
 13499
 13500
 13501
 13501
 13502
 13505
 13506
 13506
 13507
 13508
 13508
 13509
 13511
 13513
 13514
 13514
 13522
 13524
 13525
 13528
 13529
 13532
 13533
 13535
 13536
 13536
 13536
 13539
 13541
 13542
 13544
 13547
 13548
 13548
 13550
 13550
 13551
 13552
 13554
 13558
 13561
 13562
 13563
 13566
 13567
 13567
 13568
 13572
 13572
 13574
 13578
 13581
 13581
 13582
 13588
 13590
 13591
 13594
 13595
 13596
 13597
 13598
 13600
 13601
 13604
 13604
 13606
 13607
 13608
 13609
 13613
 13615
 13616
 13616
 13617
 13621
 13622
 13622
 13624
 13625
 13633
 13633
 13636
 13637
 13639
 13642
 13643
 13647
 13648
 13648
 13651
 13660
 13663
 13664
 13664
 13664
 13666
 13668
 13668
 13675
 13676
 13678
 13682
 13684
 13685
 13685
 13685
 13686
 13686
 13688
 13692
 13696
 13696
 13696
 13699
 13699
 13700
 13700
 13703
 13704
 13704
 13705
 13705
 13706
 13706
 13709
 13709
 13710
 13711
 13712
 13721
 13723
 13723
 13724
 13726
 13729
 13732
 13734
 13737
 13737
 13739
 13741
 13745
 13751
 13752
 13757
 13757
 13758
 13758
 13759
 13759
 13764
 13765
 13766
 13768
 13769
 13771
 13772
 13773
 13775
 13778
 13778
 13780
 13780
 13783
 13785
 13786
 13787
 13791
 13793
 13795
 13795
 13795
 13797
 13798
 13798
 13804
 13805
 13805
 13805
 13806
 13807
 13810
 13811
 13812
 13815
 13815
 13816
 13816
 13818
 13818
 13818
 13819
 13820
 13821
 13821
 13822
 13824
 13824
 13830
 13830
 13830
 13830
 13833
 13833
 13841
 13845
 13846
 13849
 13851
 13852
 13854
 13854
 13855
 13855
 13856
 13859
 13862
 13862
 13866
 13871
 13875
 13877
 13878
 13882
 13883
 13884
 13886
 13890
 13890
 13891
 13891
 13892
 13893
 13902
 13904
 13911
 13911
 13912
 13912
 13914
 13914
 13915
 13917
 13917
 13918
 13919
 13920
 13921
 13925
 13925
 13925
 13928
 13928
 13929
 13929
 13932
 13932
 13935
 13940
 13941
 13942
 13947
 13950
 13953
 13955
 13955
 13957
 13958
 13958
 13959
 13960
 13964
 13965
 13968
 13968
 13974
 13976
 13978
 13981
 13983
 13984
 13985
 13986
 13989
 13990
 13990
 13991
 13993
 13997
 13997
 14000
 14002
 14003
 14008
 14009
 14012
 14014
 14014
 14016
 14017
 14017
 14017
 14017
 14020
 14020
 14021
 14023
 14023
 14023
 14028
 14028
 14028
 14028
 14029
 14032
 14033
 14034
 14037
 14039
 14041
 14042
 14043
 14049
 14052
 14053
 14056
 14058
 14058
 14059
 14061
 14064
 14065
 14074
 14077
 14080
 14081
 14084
 14086
 14087
 14088
 14088
 14090
 14092
 14092
 14094
 14095
 14097
 14097
 14099
 14101
 14101
 14102
 14104
 14105
 14108
 14108
 14108
 14108
 14112
 14114
 14116
 14118
 14119
 14121
 14123
 14124
 14124
 14130
 14130
 14136
 14138
 14138
 14138
 14140
 14142
 14142
 14145
 14146
 14146
 14147
 14148
 14150
 14151
 14153
 14156
 14158
 14160
 14163
 14171
 14173
 14175
 14177
 14178
 14180
 14180
 14180
 14181
 14182
 14183
 14184
 14186
 14187
 14187
 14188
 14191
 14196
 14196
 14196
 14198
 14202
 14208
 14208
 14210
 14222
 14226
 14228
 14229
 14230
 14234
 14235
 14236
 14237
 14240
 14241
 14242
 14242
 14243
 14246
 14247
 14247
 14250
 14250
 14251
 14259
 14260
 14261
 14262
 14263
 14268
 14270
 14271
 14276
 14277
 14278
 14281
 14284
 14285
 14287
 14288
 14288
 14289
 14293
 14297
 14303
 14311
 14313
 14313
 14314
 14316
 14321
 14324
 14328
 14332
 14332
 14334
 14334
 14339
 14339
 14340
 14342
 14342
 14344
 14345
 14345
 14349
 14350
 14352
 14355
 14359
 14360
 14364
 14365
 14365
 14367
 14369
 14370
 14371
 14372
 14373
 14375
 14377
 14379
 14379
 14379
 14386
 14386
 14388
 14389
 14391
 14393
 14396
 14398
 14402
 14404
 14404
 14405
 14406
 14407
 14411
 14414
 14425
 14427
 14429
 14434
 14438
 14440
 14442
 14443
 14444
 14446
 14447
 14447
 14449
 14452
 14452
 14454
 14461
 14463
 14464
 14466
 14466
 14467
 14467
 14470
 14475
 14477
 14477
 14482
 14484
 14489
 14493
 14494
 14494
 14495
 14496
 14498
 14500
 14505
 14506
 14507
 14507
 14507
 14510
 14512
 14516
 14518
 14518
 14519
 14523
 14525
 14527
 14528
 14533
 14535
 14536
 14538
 14541
 14545
 14547
 14549
 14549
 14551
 14551
 14552
 14553
 14557
 14557
 14558
 14563
 14564
 14568
 14571
 14574
 14577
 14580
 14580
 14580
 14584
 14585
 14587
 14588
 14588
 14589
 14590
 14591
 14592
 14601
 14606
 14609
 14610
 14612
 14617
 14619
 14620
 14622
 14626
 14626
 14627
 14630
 14631
 14631
 14632
 14634
 14641
 14642
 14649
 14649
 14649
 14651
 14655
 14656
 14656
 14657
 14657
 14662
 14665
 14667
 14668
 14669
 14671
 14671
 14672
 14673
 14674
 14678
 14682
 14684
 14685
 14688
 14690
 14690
 14694
 14695
 14695
 14698
 14701
 14704
 14704
 14707
 14710
 14710
 14711
 14711
 14713
 14716
 14717
 14722
 14722
 14723
 14725
 14726
 14732
 14735
 14735
 14737
 14737
 14737
 14738
 14743
 14746
 14748
 14750
 14751
 14751
 14752
 14754
 14755
 14756
 14756
 14758
 14760
 14760
 14766
 14766
 14766
 14770
 14773
 14775
 14779
 14784
 14785
 14787
 14788
 14788
 14788
 14791
 14792
 14793
 14795
 14798
 14798
 14804
 14806
 14806
 14809
 14811
 14812
 14812
 14815
 14816
 14817
 14817
 14817
 14820
 14821
 14825
 14827
 14828
 14828
 14832
 14832
 14833
 14834
 14837
 14840
 14841
 14847
 14849
 14849
 14849
 14852
 14852
 14855
 14856
 14856
 14857
 14858
 14859
 14865
 14869
 14870
 14871
 14873
 14876
 14877
 14878
 14878
 14880
 14881
 14881
 14882
 14883
 14884
 14884
 14884
 14887
 14888
 14889
 14891
 14891
 14892
 14892
 14897
 14897
 14898
 14899
 14899
 14902
 14902
 14903
 14903
 14906
 14909
 14911
 14912
 14912
 14912
 14914
 14917
 14921
 14921
 14921
 14922
 14922
 14922
 14928
 14929
 14929
 14933
 14936
 14937
 14937
 14939
 14941
 14942
 14949
 14951
 14951
 14952
 14954
 14955
 14955
 14956
 14956
 14957
 14958
 14960
 14961
 14962
 14962
 14970
 14970
 14974
 14974
 14974
 14975
 14980
 14982
 14982
 14982
 14983
 14985
 14986
 14988
 14989
 14989
 14993
 14993
 14994
 14995
 14995
 15000
 15000
 15001
 15001
 15001
 15004
 15004
 15007
 15011
 15012
 15013
 15016
 15017
 15018
 15023
 15025
 15025
 15029
 15029
 15030
 15033
 15034
 15036
 15039
 15039
 15042
 15044
 15044
 15046
 15047
 15050
 15053
 15053
 15053
 15054
 15055
 15056
 15062
 15066
 15069
 15069
 15069
 15069
 15072
 15073
 15074
 15075
 15079
 15080
 15083
 15083
 15084
 15085
 15086
 15090
 15090
 15090
 15091
 15093
 15100
 15108
 15113
 15113
 15114
 15114
 15114
 15115
 15116
 15117
 15127
 15127
 15128
 15133
 15133
 15136
 15139
 15141
 15145
 15149
 15151
 15152
 15152
 15156
 15158
 15165
 15167
 15169
 15170
 15173
 15175
 15176
 15180
 15180
 15180
 15181
 15182
 15183
 15186
 15188
 15192
 15192
 15193
 15195
 15197
 15198
 15200
 15201
 15201
 15201
 15203
 15204
 15205
 15205
 15206
 15209
 15213
 15215
 15216
 15217
 15217
 15218
 15219
 15219
 15222
 15227
 15233
 15235
 15239
 15241
 15243
 15245
 15245
 15254
 15257
 15259
 15261
 15261
 15265
 15266
 15268
 15269
 15271
 15272
 15274
 15275
 15276
 15276
 15278
 15278
 15278
 15279
 15280
 15280
 15281
 15282
 15282
 15283
 15287
 15290
 15294
 15297
 15297
 15297
 15300
 15302
 15302
 15304
 15308
 15308
 15310
 15311
 15311
 15311
 15318
 15318
 15319
 15321
 15322
 15326
 15329
 15329
 15333
 15336
 15337
 15337
 15337
 15338
 15339
 15340
 15342
 15346
 15346
 15347
 15350
 15351
 15351
 15352
 15352
 15358
 15359
 15360
 15361
 15362
 15364
 15364
 15371
 15373
 15378
 15379
 15380
 15381
 15384
 15384
 15386
 15387
 15387
 15392
 15392
 15394
 15394
 15395
 15398
 15405
 15405
 15406
 15407
 15416
 15418
 15419
 15423
 15425
 15425
 15425
 15426
 15426
 15426
 15430
 15431
 15432
 15434
 15438
 15442
 15442
 15444
 15449
 15450
 15451
 15451
 15451
 15453
 15454
 15455
 15456
 15457
 15457
 15459
 15460
 15460
 15461
 15465
 15465
 15467
 15469
 15471
 15473
 15473
 15474
 15475
 15476
 15477
 15477
 15481
 15482
 15483
 15486
 15488
 15491
 15495
 15495
 15498
 15498
 15499
 15503
 15505
 15505
 15506
 15506
 15507
 15511
 15513
 15514
 15515
 15517
 15518
 15519
 15520
 15523
 15523
 15524
 15525
 15525
 15530
 15540
 15540
 15542
 15542
 15546
 15546
 15551
 15551
 15554
 15554
 15556
 15556
 15562
 15565
 15565
 15567
 15573
 15574
 15579
 15579
 15581
 15582
 15583
 15585
 15588
 15592
 15592
 15593
 15596
 15597
 15598
 15598
 15599
 15603
 15608
 15611
 15611
 15615
 15615
 15615
 15615
 15616
 15618
 15623
 15626
 15626
 15637
 15639
 15640
 15640
 15641
 15647
 15651
 15651
 15652
 15654
 15658
 15658
 15659
 15661
 15664
 15665
 15665
 15667
 15667
 15669
 15674
 15675
 15680
 15681
 15683
 15684
 15685
 15687
 15688
 15689
 15691
 15691
 15693
 15695
 15700
 15701
 15702
 15703
 15703
 15703
 15705
 15710
 15713
 15717
 15725
 15726
 15728
 15729
 15730
 15732
 15737
 15738
 15738
 15740
 15741
 15743
 15743
 15748
 15752
 15754
 15756
 15759
 15759
 15760
 15761
 15762
 15770
 15771
 15772
 15774
 15776
 15780
 15780
 15785
 15785
 15787
 15787
 15789
 15789
 15790
 15796
 15797
 15800
 15800
 15800
 15801
 15806
 15807
 15807
 15808
 15809
 15811
 15812
 15813
 15814
 15816
 15817
 15819
 15819
 15821
 15822
 15823
 15825
 15826
 15827
 15828
 15830
 15831
 15831
 15831
 15834
 15835
 15836
 15838
 15841
 15844
 15848
 15848
 15849
 15850
 15850
 15852
 15853
 15853
 15854
 15861
 15861
 15862
 15862
 15864
 15867
 15867
 15868
 15869
 15869
 15870
 15870
 15871
 15873
 15873
 15873
 15873
 15874
 15874
 15874
 15875
 15877
 15877
 15878
 15892
 15901
 15903
 15904
 15905
 15905
 15910
 15913
 15913
 15914
 15914
 15923
 15923
 15925
 15925
 15926
 15929
 15929
 15929
 15938
 15938
 15938
 15944
 15945
 15952
 15952
 15953
 15961
 15963
 15965
 15966
 15968
 15970
 15974
 15978
 15985
 15985
 15987
 15988
 15990
 15991
 15994
 15996
 16000
 16000
 16000
 16002
 16006
 16008
 16009
 16010
 16011
 16011
 16011
 16013
 16018
 16018
 16023
 16024
 16026
 16026
 16028
 16028
 16033
 16033
 16034
 16041
 16042
 16042
 16043
 16045
 16047
 16048
 16049
 16051
 16056
 16056
 16057
 16060
 16060
 16061
 16065
 16068
 16070
 16071
 16076
 16076
 16079
 16080
 16086
 16086
 16087
 16088
 16089
 16090
 16096
 16097
 16102
 16102
 16102
 16105
 16107
 16108
 16112
 16113
 16118
 16120
 16123
 16125
 16125
 16126
 16127
 16127
 16128
 16131
 16131
 16134
 16136
 16136
 16137
 16141
 16145
 16148
 16149
 16151
 16157
 16157
 16158
 16159
 16159
 16169
 16170
 16173
 16174
 16179
 16180
 16182
 16182
 16183
 16184
 16184
 16184
 16187
 16196
 16199
 16203
 16204
 16204
 16205
 16206
 16207
 16207
 16209
 16209
 16213
 16215
 16227
 16228
 16234
 16234
 16235
 16237
 16237
 16237
 16238
 16238
 16241
 16244
 16245
 16247
 16251
 16252
 16254
 16254
 16255
 16261
 16263
 16271
 16274
 16277
 16283
 16283
 16286
 16288
 16295
 16298
 16301
 16302
 16303
 16306
 16309
 16310
 16319
 16322
 16322
 16324
 16325
 16326
 16328
 16330
 16333
 16333
 16337
 16338
 16344
 16345
 16347
 16348
 16351
 16351
 16356
 16357
 16364
 16367
 16370
 16370
 16372
 16374
 16377
 16378
 16380
 16383
 16385
 16386
 16387
 16391
 16394
 16395
 16399
 16400
 16403
 16404
 16410
 16411
 16412
 16419
 16419
 16420
 16421
 16423
 16427
 16427
 16428
 16429
 16431
 16434
 16435
 16439
 16439
 16442
 16447
 16451
 16451
 16452
 16453
 16454
 16456
 16458
 16459
 16460
 16461
 16462
 16463
 16467
 16467
 16467
 16468
 16468
 16470
 16473
 16473
 16474
 16476
 16477
 16479
 16481
 16483
 16489
 16492
 16492
 16493
 16499
 16499
 16500
 16502
 16508
 16512
 16514
 16516
 16524
 16524
 16526
 16527
 16528
 16532
 16534
 16539
 16543
 16543
 16546
 16547
 16547
 16558
 16558
 16558
 16565
 16568
 16570
 16579
 16581
 16581
 16590
 16596
 16598
 16600
 16600
 16601
 16601
 16606
 16607
 16610
 16614
 16615
 16615
 16616
 16621
 16621
 16623
 16626
 16628
 16628
 16632
 16632
 16637
 16638
 16638
 16641
 16642
 16642
 16645
 16645
 16646
 16652
 16653
 16655
 16656
 16656
 16658
 16659
 16660
 16664
 16668
 16671
 16675
 16676
 16682
 16684
 16684
 16686
 16688
 16696
 16697
 16697
 16699
 16699
 16701
 16704
 16705
 16706
 16709
 16709
 16711
 16711
 16714
 16715
 16716
 16717
 16717
 16718
 16722
 16725
 16726
 16726
 16727
 16727
 16729
 16729
 16730
 16734
 16734
 16734
 16736
 16736
 16738
 16742
 16748
 16750
 16752
 16759
 16759
 16761
 16761
 16763
 16763
 16764
 16766
 16777
 16777
 16777
 16778
 16782
 16784
 16788
 16793
 16794
 16794
 16799
 16800
 16802
 16805
 16806
 16807
 16810
 16812
 16815
 16822
 16830
 16837
 16837
 16838
 16839
 16841
 16846
 16846
 16847
 16850
 16854
 16855
 16855
 16856
 16857
 16857
 16858
 16858
 16859
 16865
 16867
 16873
 16879
 16882
 16882
 16883
 16887
 16887
 16890
 16890
 16893
 16894
 16895
 16900
 16908
 16908
 16911
 16912
 16913
 16914
 16914
 16918
 16923
 16924
 16926
 16931
 16931
 16935
 16936
 16936
 16938
 16938
 16941
 16948
 16950
 16950
 16952
 16958
 16960
 16969
 16969
 16970
 16971
 16971
 16971
 16973
 16974
 16975
 16978
 16978
 16981
 16986
 16986
 16988
 16993
 16997
 16999
 17002
 17003
 17004
 17004
 17005
 17006
 17007
 17014
 17014
 17015
 17017
 17017
 17018
 17021
 17022
 17022
 17023
 17027
 17030
 17030
 17031
 17035
 17035
 17035
 17038
 17040
 17044
 17044
 17045
 17049
 17051
 17053
 17057
 17058
 17059
 17069
 17074
 17074
 17081
 17086
 17088
 17092
 17093
 17093
 17095
 17098
 17100
 17105
 17106
 17109
 17109
 17112
 17112
 17113
 17113
 17114
 17115
 17117
 17120
 17122
 17125
 17127
 17128
 17129
 17132
 17133
 17134
 17135
 17136
 17139
 17141
 17141
 17144
 17154
 17154
 17154
 17159
 17160
 17163
 17167
 17172
 17173
 17173
 17175
 17179
 17180
 17181
 17183
 17186
 17187
 17190
 17192
 17195
 17197
 17198
 17199
 17201
 17202
 17205
 17205
 17209
 17211
 17212
 17212
 17213
 17216
 17218
 17218
 17226
 17228
 17229
 17234
 17235
 17236
 17236
 17240
 17240
 17244
 17247
 17249
 17249
 17252
 17253
 17256
 17259
 17260
 17266
 17268
 17271
 17271
 17274
 17274
 17277
 17278
 17282
 17286
 17293
 17297
 17302
 17303
 17311
 17316
 17318
 17321
 17321
 17322
 17324
 17324
 17330
 17336
 17336
 17340
 17344
 17348
 17349
 17354
 17361
 17362
 17363
 17364
 17365
 17366
 17368
 17371
 17372
 17377
 17378
 17383
 17387
 17387
 17388
 17389
 17389
 17389
 17390
 17394
 17397
 17399
 17399
 17404
 17408
 17409
 17409
 17410
 17411
 17414
 17416
 17418
 17418
 17421
 17422
 17422
 17424
 17427
 17427
 17428
 17432
 17438
 17439
 17441
 17442
 17443
 17443
 17446
 17448
 17450
 17451
 17454
 17456
 17457
 17457
 17457
 17459
 17460
 17461
 17468
 17471
 17471
 17475
 17480
 17480
 17483
 17484
 17485
 17486
 17488
 17489
 17495
 17496
 17501
 17502
 17503
 17503
 17505
 17505
 17509
 17511
 17512
 17512
 17517
 17517
 17518
 17519
 17520
 17521
 17522
 17524
 17524
 17526
 17527
 17530
 17534
 17535
 17540
 17544
 17549
 17551
 17551
 17553
 17557
 17558
 17558
 17559
 17559
 17565
 17565
 17567
 17568
 17568
 17568
 17571
 17572
 17578
 17579
 17582
 17584
 17590
 17592
 17592
 17596
 17597
 17601
 17601
 17601
 17602
 17602
 17603
 17606
 17608
 17609
 17609
 17612
 17614
 17616
 17616
 17618
 17622
 17623
 17625
 17625
 17626
 17631
 17634
 17634
 17638
 17638
 17639
 17641
 17643
 17649
 17651
 17655
 17657
 17657
 17659
 17660
 17661
 17662
 17664
 17666
 17669
 17670
 17672
 17672
 17672
 17674
 17674
 17675
 17675
 17680
 17682
 17682
 17684
 17685
 17686
 17686
 17687
 17687
 17687
 17687
 17688
 17688
 17689
 17692
 17693
 17696
 17696
 17697
 17700
 17701
 17702
 17706
 17709
 17713
 17713
 17718
 17719
 17719
 17720
 17722
 17723
 17725
 17726
 17729
 17733
 17735
 17742
 17743
 17743
 17744
 17745
 17747
 17747
 17748
 17748
 17749
 17759
 17759
 17765
 17765
 17766
 17769
 17770
 17775
 17776
 17778
 17779
 17784
 17786
 17786
 17788
 17790
 17792
 17796
 17800
 17802
 17802
 17803
 17807
 17807
 17812
 17814
 17819
 17820
 17821
 17822
 17822
 17822
 17825
 17825
 17828
 17833
 17835
 17836
 17837
 17838
 17838
 17841
 17843
 17844
 17846
 17848
 17849
 17853
 17853
 17854
 17854
 17857
 17861
 17863
 17871
 17877
 17878
 17882
 17887
 17887
 17891
 17892
 17894
 17895
 17897
 17898
 17899
 17899
 17901
 17904
 17911
 17916
 17919
 17921
 17928
 17929
 17931
 17931
 17936
 17941
 17941
 17942
 17942
 17944
 17949
 17950
 17953
 17954
 17962
 17963
 17966
 17968
 17968
 17975
 17981
 17984
 17985
 17986
 17986
 17986
 17990
 17993
 17995
 17997
 17999
 18000
 18002
 18004
 18005
 18006
 18006
 18010
 18012
 18014
 18018
 18020
 18020
 18024
 18025
 18026
 18028
 18030
 18033
 18037
 18037
 18040
 18043
 18044
 18046
 18047
 18055
 18055
 18057
 18058
 18059
 18060
 18064
 18068
 18071
 18073
 18073
 18083
 18084
 18085
 18085
 18086
 18092
 18093
 18094
 18098
 18102
 18103
 18104
 18108
 18109
 18111
 18112
 18122
 18124
 18125
 18125
 18127
 18127
 18129
 18130
 18131
 18132
 18138
 18141
 18142
 18146
 18149
 18150
 18153
 18158
 18167
 18171
 18172
 18173
 18173
 18174
 18175
 18178
 18182
 18183
 18188
 18190
 18193
 18194
 18195
 18198
 18199
 18201
 18207
 18210
 18218
 18219
 18219
 18220
 18225
 18227
 18229
 18230
 18235
 18237
 18238
 18239
 18244
 18246
 18247
 18256
 18256
 18258
 18262
 18262
 18276
 18278
 18278
 18281
 18284
 18286
 18288
 18290
 18291
 18296
 18298
 18298
 18301
 18302
 18303
 18307
 18309
 18309
 18311
 18312
 18313
 18314
 18315
 18316
 18316
 18318
 18322
 18330
 18332
 18336
 18337
 18341
 18343
 18350
 18353
 18357
 18361
 18362
 18368
 18369
 18369
 18369
 18370
 18372
 18373
 18374
 18375
 18381
 18382
 18385
 18385
 18386
 18386
 18386
 18391
 18394
 18396
 18398
 18399
 18401
 18401
 18402
 18406
 18408
 18408
 18409
 18412
 18417
 18429
 18430
 18431
 18432
 18433
 18434
 18448
 18449
 18449
 18450
 18454
 18464
 18464
 18469
 18473
 18473
 18475
 18475
 18477
 18478
 18478
 18479
 18481
 18485
 18497
 18498
 18499
 18504
 18505
 18505
 18509
 18511
 18512
 18515
 18515
 18517
 18520
 18521
 18527
 18528
 18531
 18533
 18541
 18541
 18541
 18547
 18548
 18553
 18555
 18557
 18559
 18562
 18562
 18569
 18571
 18571
 18572
 18583
 18584
 18588
 18591
 18597
 18598
 18598
 18598
 18598
 18600
 18601
 18604
 18607
 18608
 18608
 18609
 18609
 18613
 18620
 18622
 18625
 18631
 18631
 18632
 18633
 18643
 18645
 18649
 18655
 18657
 18657
 18660
 18663
 18663
 18668
 18672
 18675
 18678
 18678
 18681
 18685
 18689
 18695
 18696
 18701
 18703
 18707
 18709
 18709
 18711
 18713
 18721
 18723
 18723
 18728
 18728
 18730
 18731
 18732
 18732
 18734
 18735
 18738
 18741
 18743
 18744
 18745
 18749
 18753
 18760
 18762
 18768
 18774
 18777
 18777
 18783
 18786
 18787
 18789
 18790
 18790
 18791
 18793
 18797
 18799
 18800
 18803
 18803
 18806
 18809
 18821
 18822
 18825
 18826
 18828
 18831
 18834
 18835
 18838
 18839
 18841
 18841
 18842
 18846
 18856
 18857
 18862
 18863
 18869
 18869
 18870
 18870
 18871
 18871
 18873
 18873
 18874
 18878
 18886
 18889
 18889
 18891
 18892
 18899
 18904
 18909
 18911
 18916
 18916
 18916
 18919
 18919
 18919
 18921
 18921
 18924
 18925
 18932
 18935
 18941
 18942
 18947
 18949
 18951
 18952
 18956
 18956
 18956
 18959
 18960
 18960
 18960
 18963
 18970
 18970
 18972
 18973
 18977
 18983
 18988
 18993
 18994
 18997
 19000
 19008
 19009
 19011
 19023
 19025
 19027
 19028
 19031
 19035
 19035
 19036
 19036
 19036
 19037
 19038
 19038
 19039
 19040
 19041
 19041
 19046
 19048
 19050
 19063
 19064
 19065
 19070
 19071
 19075
 19075
 19076
 19076
 19082
 19083
 19089
 19089
 19090
 19095
 19097
 19100
 19101
 19103
 19103
 19105
 19106
 19107
 19116
 19119
 19121
 19123
 19124
 19124
 19125
 19128
 19128
 19128
 19132
 19133
 19134
 19136
 19136
 19138
 19145
 19145
 19148
 19149
 19151
 19151
 19152
 19154
 19155
 19156
 19157
 19157
 19158
 19158
 19159
 19160
 19160
 19163
 19163
 19163
 19168
 19173
 19174
 19176
 19177
 19180
 19181
 19181
 19181
 19186
 19189
 19191
 19192
 19199
 19203
 19208
 19210
 19217
 19217
 19217
 19221
 19224
 19228
 19228
 19235
 19237
 19239
 19240
 19241
 19242
 19246
 19254
 19256
 19259
 19260
 19266
 19271
 19272
 19272
 19275
 19277
 19281
 19282
 19285
 19285
 19286
 19293
 19293
 19293
 19294
 19294
 19297
 19303
 19304
 19307
 19309
 19309
 19310
 19312
 19313
 19313
 19313
 19314
 19316
 19316
 19321
 19323
 19326
 19329
 19330
 19332
 19333
 19334
 19335
 19335
 19336
 19339
 19339
 19340
 19341
 19342
 19342
 19352
 19360
 19361
 19372
 19374
 19376
 19379
 19380
 19386
 19388
 19391
 19399
 19405
 19405
 19408
 19408
 19409
 19416
 19417
 19421
 19424
 19424
 19426
 19431
 19431
 19432
 19435
 19435
 19436
 19437
 19439
 19441
 19442
 19443
 19444
 19444
 19445
 19454
 19455
 19458
 19460
 19464
 19464
 19466
 19469
 19469
 19470
 19470
 19470
 19470
 19479
 19481
 19481
 19484
 19484
 19485
 19489
 19490
 19490
 19492
 19492
 19492
 19493
 19495
 19495
 19497
 19499
 19500
 19506
 19506
 19509
 19511
 19512
 19514
 19514
 19517
 19523
 19524
 19524
 19524
 19532
 19533
 19533
 19535
 19537
 19539
 19544
 19545
 19547
 19547
 19548
 19550
 19554
 19562
 19564
 19564
 19567
 19568
 19572
 19573
 19575
 19577
 19579
 19580
 19580
 19583
 19585
 19587
 19589
 19591
 19591
 19593
 19596
 19600
 19601
 19602
 19604
 19607
 19611
 19620
 19621
 19623
 19624
 19625
 19627
 19628
 19629
 19634
 19636
 19640
 19640
 19640
 19645
 19645
 19646
 19650
 19653
 19658
 19667
 19670
 19672
 19673
 19676
 19678
 19679
 19682
 19682
 19682
 19683
 19685
 19685
 19689
 19691
 19694
 19696
 19702
 19705
 19710
 19710
 19716
 19717
 19719
 19728
 19732
 19733
 19736
 19738
 19738
 19744
 19746
 19747
 19748
 19749
 19749
 19751
 19754
 19757
 19759
 19761
 19765
 19767
 19770
 19771
 19772
 19778
 19780
 19781
 19788
 19791
 19792
 19799
 19801
 19802
 19802
 19804
 19805
 19810
 19810
 19811
 19815
 19818
 19820
 19822
 19823
 19826
 19826
 19828
 19828
 19832
 19839
 19842
 19847
 19849
 19851
 19852
 19855
 19856
 19857
 19858
 19865
 19873
 19879
 19880
 19884
 19885
 19887
 19890
 19893
 19897
 19898
 19904
 19907
 19910
 19910
 19916
 19916
 19916
 19920
 19921
 19921
 19921
 19924
 19925
 19925
 19936
 19939
 19948
 19950
 19950
 19959
 19961
 19962
 19962
 19963
 19964
 19964
 19964
 19965
 19968
 19971
 19973
 19975
 19975
 19976
 19977
 19978
 19979
 19983
 19985
 19988
 19990
 19991
 19993
 19994
 19997
 19997
 19998
 20003
 20003
 20004
 20008
 20008
 20011
 20012
 20015
 20016
 20016
 20019
 20024
 20025
 20026
 20026
 20029
 20030
 20032
 20034
 20035
 20038
 20038
 20042
 20045
 20058
 20059
 20061
 20062
 20064
 20070
 20070
 20072
 20073
 20073
 20079
 20079
 20079
 20087
 20089
 20090
 20099
 20101
 20103
 20104
 20106
 20107
 20115
 20124
 20125
 20131
 20132
 20132
 20139
 20142
 20148
 20149
 20151
 20152
 20152
 20153
 20154
 20155
 20156
 20157
 20160
 20165
 20166
 20170
 20177
 20183
 20185
 20189
 20191
 20192
 20195
 20197
 20198
 20198
 20204
 20206
 20207
 20212
 20213
 20215
 20216
 20218
 20220
 20223
 20223
 20223
 20229
 20229
 20234
 20240
 20248
 20249
 20251
 20263
 20263
 20263
 20265
 20265
 20268
 20275
 20277
 20279
 20282
 20283
 20283
 20284
 20286
 20287
 20288
 20289
 20289
 20290
 20296
 20297
 20304
 20312
 20317
 20319
 20323
 20323
 20324
 20327
 20328
 20329
 20329
 20332
 20333
 20336
 20336
 20339
 20339
 20340
 20340
 20341
 20343
 20343
 20344
 20348
 20352
 20355
 20365
 20365
 20367
 20371
 20373
 20382
 20382
 20383
 20384
 20389
 20394
 20401
 20401
 20403
 20404
 20406
 20410
 20412
 20415
 20418
 20420
 20427
 20430
 20430
 20430
 20432
 20433
 20437
 20449
 20452
 20454
 20459
 20462
 20462
 20464
 20464
 20464
 20464
 20475
 20479
 20483
 20486
 20487
 20489
 20491
 20496
 20502
 20502
 20509
 20509
 20514
 20514
 20516
 20523
 20524
 20526
 20527
 20533
 20533
 20535
 20544
 20545
 20546
 20549
 20551
 20553
 20554
 20555
 20559
 20562
 20563
 20565
 20566
 20579
 20583
 20585
 20586
 20596
 20597
 20599
 20601
 20602
 20605
 20606
 20610
 20613
 20613
 20627
 20628
 20628
 20629
 20636
 20638
 20640
 20644
 20647
 20648
 20648
 20649
 20652
 20653
 20654
 20656
 20662
 20663
 20668
 20669
 20671
 20675
 20676
 20677
 20679
 20682
 20692
 20693
 20695
 20696
 20701
 20701
 20704
 20710
 20712
 20712
 20718
 20723
 20734
 20734
 20735
 20739
 20741
 20742
 20746
 20751
 20755
 20756
 20757
 20758
 20759
 20761
 20761
 20766
 20767
 20771
 20773
 20773
 20775
 20779
 20780
 20781
 20782
 20786
 20794
 20795
 20796
 20800
 20801
 20802
 20804
 20807
 20808
 20820
 20821
 20824
 20826
 20828
 20829
 20830
 20831
 20831
 20832
 20833
 20838
 20843
 20846
 20850
 20852
 20856
 20861
 20861
 20864
 20864
 20866
 20868
 20868
 20868
 20869
 20874
 20879
 20884
 20888
 20891
 20895
 20898
 20902
 20903
 20910
 20919
 20927
 20929
 20929
 20937
 20941
 20945
 20945
 20948
 20949
 20953
 20955
 20956
 20957
 20959
 20960
 20966
 20969
 20972
 20973
 20977
 20978
 20979
 20979
 20985
 20987
 20992
 20997
 20997
 20999
 21001
 21002
 21006
 21012
 21016
 21021
 21021
 21021
 21022
 21024
 21026
 21030
 21030
 21032
 21034
 21040
 21055
 21061
 21065
 21073
 21079
 21081
 21084
 21087
 21090
 21090
 21090
 21091
 21096
 21096
 21100
 21101
 21103
 21103
 21106
 21107
 21109
 21111
 21115
 21116
 21116
 21120
 21121
 21121
 21122
 21125
 21126
 21127
 21129
 21131
 21133
 21139
 21141
 21142
 21143
 21143
 21148
 21149
 21151
 21157
 21161
 21169
 21186
 21186
 21189
 21190
 21194
 21194
 21196
 21196
 21199
 21200
 21200
 21200
 21203
 21203
 21210
 21211
 21218
 21218
 21220
 21224
 21224
 21226
 21227
 21229
 21231
 21234
 21235
 21237
 21242
 21242
 21243
 21245
 21245
 21255
 21258
 21259
 21260
 21261
 21261
 21263
 21266
 21268
 21269
 21270
 21271
 21274
 21279
 21282
 21283
 21287
 21295
 21309
 21316
 21317
 21319
 21322
 21327
 21327
 21333
 21335
 21349
 21359
 21364
 21366
 21371
 21381
 21394
 21396
 21397
 21402
 21404
 21413
 21416
 21420
 21425
 21434
 21438
 21442
 21444
 21447
 21450
 21451
 21454
 21463
 21467
 21469
 21480
 21481
 21485
 21486
 21493
 21493
 21493
 21496
 21499
 21500
 21513
 21518
 21520
 21523
 21523
 21532
 21532
 21534
 21538
 21540
 21541
 21544
 21544
 21547
 21548
 21550
 21551
 21553
 21553
 21554
 21562
 21565
 21565
 21568
 21568
 21571
 21585
 21585
 21586
 21586
 21587
 21591
 21592
 21599
 21599
 21617
 21628
 21629
 21637
 21639
 21639
 21641
 21643
 21647
 21647
 21649
 21650
 21650
 21662
 21664
 21667
 21683
 21685
 21686
 21696
 21697
 21704
 21707
 21709
 21709
 21713
 21717
 21717
 21718
 21722
 21723
 21723
 21725
 21729
 21729
 21732
 21733
 21734
 21736
 21737
 21741
 21745
 21747
 21749
 21752
 21755
 21777
 21777
 21780
 21780
 21787
 21788
 21795
 21796
 21802
 21804
 21811
 21815
 21820
 21821
 21821
 21830
 21842
 21845
 21847
 21850
 21857
 21866
 21866
 21868
 21879
 21880
 21882
 21882
 21883
 21887
 21889
 21890
 21893
 21893
 21898
 21899
 21900
 21900
 21901
 21902
 21903
 21915
 21918
 21918
 21924
 21928
 21933
 21935
 21938
 21940
 21944
 21954
 21968
 21970
 21977
 21978
 21985
 21990
 21991
 21996
 21999
 22000
 22001
 22001
 22009
 22012
 22014
 22016
 22016
 22022
 22023
 22023
 22039
 22043
 22047
 22047
 22049
 22054
 22055
 22056
 22074
 22075
 22076
 22078
 22080
 22081
 22082
 22093
 22100
 22103
 22104
 22106
 22108
 22114
 22120
 22125
 22126
 22128
 22129
 22134
 22142
 22143
 22143
 22144
 22146
 22150
 22151
 22153
 22159
 22173
 22179
 22179
 22183
 22185
 22188
 22190
 22193
 22193
 22193
 22198
 22200
 22209
 22214
 22218
 22222
 22235
 22249
 22250
 22250
 22251
 22257
 22265
 22272
 22280
 22285
 22286
 22289
 22295
 22299
 22299
 22308
 22310
 22316
 22317
 22327
 22328
 22336
 22337
 22338
 22343
 22344
 22353
 22353
 22357
 22360
 22362
 22363
 22366
 22372
 22396
 22397
 22398
 22406
 22411
 22412
 22418
 22424
 22424
 22434
 22437
 22452
 22453
 22453
 22457
 22459
 22462
 22468
 22473
 22475
 22482
 22482
 22483
 22484
 22484
 22490
 22493
 22496
 22501
 22517
 22517
 22520
 22523
 22532
 22534
 22546
 22550
 22553
 22556
 22559
 22564
 22565
 22568
 22571
 22574
 22581
 22592
 22599
 22600
 22604
 22606
 22611
 22613
 22618
 22619
 22623
 22623
 22625
 22627
 22627
 22628
 22631
 22641
 22642
 22646
 22674
 22679
 22683
 22686
 22689
 22694
 22708
 22710
 22718
 22720
 22728
 22730
 22733
 22736
 22740
 22745
 22746
 22748
 22763
 22770
 22770
 22771
 22774
 22776
 22797
 22804
 22809
 22812
 22813
 22813
 22820
 22826
 22827
 22828
 22830
 22832
 22834
 22851
 22852
 22856
 22876
 22878
 22881
 22884
 22886
 22898
 22908
 22915
 22929
 22933
 22935
 22952
 22952
 22952
 22953
 22953
 22954
 22954
 22968
 22969
 22973
 22975
 22978
 22980
 22983
 23004
 23009
 23017
 23020
 23020
 23021
 23026
 23028
 23030
 23044
 23046
 23050
 23055
 23058
 23061
 23067
 23072
 23073
 23074
 23074
 23075
 23085
 23091
 23103
 23105
 23110
 23111
 23113
 23118
 23121
 23122
 23122
 23123
 23128
 23144
 23148
 23162
 23170
 23174
 23175
 23178
 23180
 23187
 23193
 23202
 23202
 23203
 23205
 23206
 23223
 23238
 23254
 23257
 23258
 23269
 23271
 23278
 23281
 23282
 23284
 23290
 23290
 23303
 23316
 23321
 23323
 23327
 23332
 23337
 23349
 23350
 23352
 23358
 23363
 23365
 23367
 23368
 23380
 23386
 23386
 23390
 23393
 23402
 23406
 23410
 23418
 23420
 23422
 23425
 23426
 23427
 23428
 23430
 23432
 23450
 23456
 23462
 23463
 23466
 23467
 23478
 23480
 23481
 23490
 23490
 23497
 23510
 23513
 23513
 23517
 23524
 23538
 23542
 23551
 23563
 23565
 23565
 23567
 23575
 23577
 23581
 23582
 23594
 23595
 23601
 23608
 23612
 23614
 23614
 23637
 23654
 23664
 23673
 23676
 23680
 23687
 23688
 23689
 23692
 23694
 23695
 23697
 23704
 23706
 23713
 23718
 23718
 23725
 23742
 23742
 23747
 23759
 23763
 23763
 23778
 23788
 23793
 23793
 23805
 23808
 23808
 23822
 23822
 23824
 23833
 23834
 23839
 23847
 23848
 23849
 23853
 23865
 23872
 23887
 23888
 23890
 23895
 23897
 23898
 23900
 23915
 23918
 23919
 23923
 23932
 23941
 23946
 23957
 23966
 23967
 23967
 23970
 23975
 23977
 23990
 23993
 24000
 24008
 24018
 24024
 24033
 24041
 24042
 24044
 24051
 24053
 24053
 24057
 24060
 24066
 24069
 24079
 24090
 24095
 24099
 24102
 24107
 24110
 24118
 24131
 24135
 24136
 24143
 24146
 24149
 24162
 24162
 24163
 24164
 24178
 24181
 24183
 24187
 24187
 24190
 24196
 24209
 24209
 24214
 24223
 24228
 24228
 24230
 24232
 24239
 24239
 24242
 24246
 24248
 24248
 24256
 24262
 24277
 24286
 24297
 24301
 24302
 24308
 24317
 24321
 24325
 24333
 24355
 24355
 24357
 24358
 24375
 24376
 24378
 24408
 24411
 24412
 24417
 24418
 24422
 24441
 24444
 24445
 24457
 24459
 24460
 24466
 24467
 24472
 24475
 24482
 24486
 24491
 24493
 24500
 24509
 24516
 24530
 24534
 24536
 24537
 24538
 24541
 24563
 24565
 24583
 24593
 24597
 24600
 24615
 24621
 24623
 24629
 24635
 24636
 24645
 24652
 24653
 24658
 24660
 24670
 24675
 24685
 24693
 24694
 24695
 24701
 24711
 24719
 24719
 24728
 24732
 24747
 24750
 24752
 24783
 24783
 24791
 24795
 24799
 24801
 24820
 24824
 24824
 24834
 24840
 24844
 24850
 24853
 24856
 24861
 24862
 24874
 24878
 24889
 24895
 24912
 24912
 24914
 24917
 24926
 24926
 24937
 24941
 24951
 24952
 24953
 24954
 24956
 24991
 24992
 24998
 25008
 25028
 25030
 25034
 25038
 25066
 25070
 25089
 25091
 25093
 25098
 25101
 25104
 25114
 25120
 25126
 25131
 25137
 25147
 25148
 25154
 25154
 25173
 25177
 25194
 25194
 25209
 25212
 25231
 25232
 25243
 25248
 25249
 25250
 25260
 25285
 25287
 25287
 25294
 25298
 25326
 25337
 25341
 25348
 25349
 25353
 25366
 25376
 25396
 25402
 25417
 25417
 25420
 25432
 25437
 25441
 25441
 25443
 25446
 25451
 25462
 25463
 25465
 25476
 25496
 25504
 25507
 25515
 25531
 25535
 25547
 25548
 25556
 25556
 25563
 25570
 25574
 25580
 25587
 25591
 25596
 25602
 25603
 25606
 25606
 25608
 25608
 25634
 25636
 25638
 25647
 25660
 25665
 25675
 25677
 25678
 25686
 25694
 25699
 25700
 25703
 25714
 25723
 25724
 25728
 25729
 25734
 25735
 25745
 25757
 25765
 25769
 25771
 25772
 25776
 25792
 25793
 25801
 25807
 25814
 25814
 25814
 25815
 25837
 25851
 25853
 25860
 25861
 25870
 25876
 25878
 25895
 25909
 25917
 25920
 25920
 25958
 25963
 25964
 25966
 25969
 25976
 25978
 25981
 25995
 26006
 26017
 26024
 26026
 26039
 26081
 26087
 26088
 26099
 26101
 26108
 26126
 26135
 26141
 26157
 26161
 26172
 26186
 26205
 26207
 26217
 26248
 26250
 26256
 26319
 26325
 26328
 26352
 26363
 26370
 26380
 26391
 26403
 26413
 26422
 26424
 26424
 26432
 26446
 26461
 26472
 26472
 26484
 26493
 26497
 26507
 26516
 26542
 26544
 26568
 26633
 26633
 26640
 26648
 26652
 26652
 26655
 26656
 26661
 26668
 26672
 26674
 26674
 26685
 26723
 26735
 26746
 26767
 26767
 26773
 26776
 26779
 26821
 26867
 26882
 26893
 26895
 26899
 26910
 26925
 26927
 26929
 26943
 26947
 26949
 26953
 26963
 26966
 26983
 26991
 27001
 27002
 27006
 27017
 27024
 27032
 27033
 27036
 27038
 27063
 27083
 27111
 27114
 27116
 27117
 27135
 27139
 27140
 27144
 27149
 27169
 27169
 27190
 27198
 27198
 27204
 27205
 27208
 27209
 27211
 27212
 27216
 27239
 27243
 27317
 27345
 27349
 27387
 27409
 27414
 27414
 27416
 27435
 27450
 27456
 27478
 27511
 27547
 27555
 27561
 27566
 27577
 27603
 27614
 27616
 27621
 27628
 27651
 27677
 27691
 27693
 27732
 27733
 27743
 27768
 27777
 27780
 27793
 27832
 27858
 27860
 27868
 27902
 27904
 27908
 27913
 27930
 27936
 27947
 27960
 27979
 27992
 28002
 28003
 28004
 28017
 28020
 28075
 28078
 28088
 28138
 28170
 28172
 28179
 28199
 28206
 28217
 28245
 28285
 28297
 28320
 28349
 28362
 28392
 28406
 28482
 28484
 28525
 28544
 28574
 28575
 28575
 28619
 28663
 28693
 28718
 28727
 28732
 28784
 28791
 28796
 28841
 28851
 28863
 28888
 28932
 28933
 28942
 29001
 29021
 29025
 29068
 29132
 29171
 29172
 29340
 29344
 29361
 29362
 29421
 29437
 29612
 29750
