 42
 18469
 6337
 6504
 19174
 15730
 11485
 9366
 6971
 4474
 5716
 8157
 3294
 16841
 9976
 507
 3012
 11960
 4846
 5456
 12412
 14626
 3925
 177
 317
 12408
 17448
 18744
 19747
 19925
 5478
 1758
 14804
 11572
 1904
 19948
 5704
 6337
 17074
 9934
 8744
 3853
 11365
 10377
 17718
 4710
 15188
 7759
 8302
 6918
 5598
 7696
 12715
 12811
 92
 12915
 8780
 9799
 7588
 838
 12377
 3097
 2253
 1906
 353
 10172
 9107
 9010
 19333
 2718
 7517
 3877
 15963
 6803
 4445
 15426
 15083
 11179
 4472
 3628
 19710
 12705
 4167
 20038
 18841
 11926
 5053
 7464
 14020
 6398
 17035
 12531
 4719
 11417
 5632
 1634
 16215
 2180
 3028
 16641
 4934
 11217
 4742
 9762
 2809
 10036
 14084
 2414
 11782
 2496
 5132
 8857
 7037
 19186
 6385
 5945
 6894
 15691
 5216
 16632
 4107
 13412
 9284
 18760
 2480
 4893
 3782
 15702
 4160
 12182
 7481
 1282
 17074
 1858
 14101
 3566
 11244
 10329
 18146
 11477
 15598
 12429
 7896
 10527
 15090
 9055
 12356
 9906
 4370
 18738
 6573
 5098
 7659
 13184
 16568
 9324
 1057
 12749
 18921
 1815
 17571
 6521
 7787
 701
 1713
 6649
 7762
 4209
 3771
 4520
 10462
 11008
 9547
 11194
 4771
 4197
 7525
 3377
 19847
 4664
 8462
 4916
 236
 2183
 6603
 8124
 7087
 3976
 18316
 657
 3919
 15085
 4841
 2677
 18002
 2617
 14507
 6815
 3012
 9714
 14510
 7818
 19138
 17655
 805
 5455
 16726
 11764
 3007
 10513
 6435
 11220
 6057
 12823
 15204
 12918
 3412
 703
 3312
 14563
 10744
 1809
 9537
 9727
 7673
 5426
 13685
 6846
 809
 20026
 15029
 15513
 19822
 1032
 8244
 7393
 709
 3860
 18777
 12532
 6279
 4421
 18433
 9901
 8203
 6437
 20062
 3136
 19405
 11761
 16453
 2886
 4525
 309
 583
 2902
 6619
 5144
 19134
 8693
 10130
 404
 4107
 1680
 2146
 12264
 10589
 18919
 10290
 5969
 3828
 8748
 8165
 4663
 5350
 10988
 2877
 2788
 1282
 7149
 18142
 14970
 13684
 10073
 15540
 16709
 5289
 10873
 4471
 10575
 7379
 11718
 8910
 4051
 10127
 11228
 4466
 2452
 6020
 17489
 20277
 11631
 2671
 8996
 1730
 10861
 3741
 16857
 7750
 9822
 10456
 18372
 2031
 4067
 16454
 12739
 16596
 6314
 17006
 12849
 2870
 17759
 20189
 13273
 518
 3521
 3624
 744
 8615
 16435
 4819
 16614
 12788
 6068
 18449
 12037
 11653
 1009
 6125
 12603
 4654
 4697
 11528
 397
 1257
 11154
 2179
 1293
 4662
 8106
 8672
 19910
 3999
 8336
 836
 4500
 3553
 580
 7488
 2521
 5896
 812
 11536
 10830
 12409
 2025
 6659
 6807
 17622
 394
 6525
 9882
 5118
 1023
 13561
 8689
 4851
 8400
 2547
 14398
 19168
 10287
 18341
 7775
 10587
 4011
 6864
 4802
 9703
 6214
 9725
 6266
 4765
 553
 12228
 8466
 7884
 8695
 7917
 8577
 18174
 12672
 2166
 3072
 17597
 14391
 3509
 8888
 9622
 8037
 5213
 4511
 10940
 3039
 1958
 2340
 11440
 10390
 13480
 14601
 11424
 7854
 17928
 8017
 3150
 13457
 8919
 570
 17651
 11716
 13495
 8332
 19620
 8794
 2848
 11410
 14707
 9608
 674
 11273
 20152
 6202
 19339
 5111
 7730
 12996
 587
 14142
 3144
 2074
 8470
 2577
 7029
 2148
 3113
 6758
 17828
 2924
 5137
 3053
 4312
 5946
 1481
 8928
 1584
 3618
 3267
 18555
 11529
 2396
 9481
 5229
 12643
 789
 10051
 10703
 12520
 3236
 7643
 5589
 8363
 17568
 10048
 3971
 10062
 14960
 3112
 6115
 6118
 12418
 5914
 9012
 7395
 15456
 618
 5092
 4234
 13759
 10694
 13025
 1765
 8762
 6705
 8620
 5535
 832
 9518
 11279
 6920
 6057
 1664
 2032
 10303
 15438
 10703
 2279
 5457
 1369
 19181
 14349
 11421
 18235
 19481
 18102
 8890
 13533
 12004
 1728
 6587
 6969
 2834
 13292
 19890
 2858
 7012
 5644
 1650
 15425
 20340
 3390
 15001
 2970
 13536
 7928
 19950
 7086
 11658
 9252
 13384
 12906
 6623
 9902
 19376
 15039
 1111
 3772
 2183
 9915
 9085
 13917
 9898
 3833
 4432
 9925
 13461
 13588
 10184
 10680
 13286
 19266
 12156
 4613
 4996
 4703
 4804
 5141
 7136
 9510
 2875
 10435
 12634
 17544
 4167
 10318
 7239
 17558
 2044
 14957
 3121
 3553
 3198
 3075
 1504
 12229
 10662
 3444
 5272
 13536
 2822
 2742
 4355
 7113
 3344
 779
 2064
 18431
 3828
 18478
 2235
 12544
 15816
 12395
 4463
 18012
 2894
 3317
 12810
 13352
 2256
 7154
 6177
 2615
 10799
 6329
 7587
 11174
 16508
 928
 15042
 17271
 20486
 5487
 13775
 12096
 8246
 11513
 1061
 13316
 2391
 19083
 8937
 13315
 10683
 9957
 1520
 718
 13465
 1258
 1666
 15582
 8763
 11347
 13822
 4485
 695
 7144
 9342
 19748
 20156
 3249
 6651
 15807
 20016
 19978
 19316
 7406
 2711
 11926
 1004
 9429
 11863
 8277
 5937
 12855
 9178
 4505
 4452
 1286
 9971
 6677
 18230
 10238
 6244
 12311
 7152
 10227
 6816
 11928
 8502
 9864
 1292
 6769
 908
 9377
 8908
 4688
 6521
 6299
 4091
 16459
 3371
 7130
 8730
 4788
 10780
 19492
 16205
 5678
 6996
 4557
 13315
 1215
 1934
 3377
 6421
 3079
 9727
 2889
 8208
 18960
 12885
 6264
 8342
 1637
 8316
 7430
 12545
 9960
 1479
 5935
 5706
 2271
 1036
 12156
 1833
 11983
 14321
 14386
 3710
 18604
 3654
 11817
 2288
 9456
 18291
 19424
 2516
 16010
 9268
 14735
 9040
 16696
 3618
 19294
 4000
 6264
 9075
 8628
 10360
 9083
 1893
 5234
 7915
 5851
 9335
 10529
 10668
 17871
 15192
 4297
 12371
 7741
 14788
 6339
 803
 2319
 6124
 2866
 3722
 13417
 3190
 7245
 5832
 5465
 2373
 12128
 1395
 12848
 2010
 2548
 10745
 1680
 14939
 1484
 8744
 13639
 2227
 6418
 1547
 7867
 5337
 1585
 18838
 13030
 15990
 7844
 10660
 6437
 12033
 16558
 20734
 4171
 13070
 5580
 5759
 15771
 4135
 13544
 6230
 1845
 1176
 11823
 3372
 10320
 19409
 10341
 18791
 4170
 8904
 18743
 16973
 12028
 2781
 5906
 1261
 15442
 7010
 5267
 13243
 7545
 1467
 10654
 20218
 10937
 17410
 16882
 15583
 9989
 11663
 6844
 9107
 7504
 4789
 11692
 1337
 2211
 1872
 1989
 19089
 18701
 15486
 2873
 13500
 5050
 20555
 2516
 6529
 2502
 11762
 11223
 2287
 14324
 14881
 8136
 3108
 6330
 17180
 17512
 7182
 15136
 1029
 12006
 13200
 5097
 7994
 4914
 10087
 1968
 2207
 17748
 4941
 5047
 12254
 16158
 12798
 4572
 10540
 7807
 15801
 4461
 9390
 5850
 2185
 14557
 11579
 3126
 6309
 7831
 4740
 20279
 4789
 1171
 19921
 3533
 4886
 10919
 2862
 10699
 7423
 13312
 13606
 6235
 7621
 6513
 13647
 6864
 19964
 7338
 12390
 7164
 13439
 10893
 4892
 7427
 2450
 6205
 5874
 9807
 997
 15640
 14912
 7206
 16060
 17159
 5500
 8761
 19277
 3987
 11161
 10238
 9033
 2906
 17038
 1664
 5439
 5730
 9337
 10773
 6910
 7501
 19076
 2641
 18073
 6862
 4038
 1754
 4944
 19100
 10925
 9659
 7084
 10980
 13914
 16764
 2698
 2339
 1005
 6162
 5757
 8180
 6052
 2867
 2957
 2055
 12318
 3853
 7140
 15283
 13157
 1815
 10667
 16621
 9643
 3592
 4304
 5689
 5683
 11078
 11115
 13249
 7668
 2530
 7682
 8868
 10426
 9411
 9833
 7824
 8525
 8736
 9677
 10099
 8694
 20978
 2355
 6702
 7038
 12680
 15740
 7084
 10330
 1437
 18925
 10897
 18149
 4967
 13772
 12790
 9452
 8561
 5837
 13300
 10351
 6636
 12942
 5343
 4518
 2050
 2175
 7670
 5155
 7851
 5127
 4600
 13335
 2339
 11043
 10200
 2103
 6395
 15759
 1300
 8544
 14766
 6186
 11170
 17496
 9016
 5781
 10764
 8056
 2114
 6332
 8543
 19303
 7489
 8985
 11934
 18728
 13568
 9557
 2268
 8535
 7707
 13233
 13098
 2223
 19470
 14116
 5005
 11728
 10540
 7685
 11891
 5183
 8916
 10379
 15688
 8367
 1889
 19443
 1540
 14975
 1634
 9410
 5671
 9859
 10665
 3435
 19497
 12519
 20999
 6931
 14955
 7921
 5336
 5556
 18033
 1767
 1339
 5631
 12052
 10673
 16261
 6277
 2771
 1792
 1910
 3480
 12874
 17519
 4268
 9837
 8070
 2313
 20695
 9765
 8791
 16204
 5645
 12652
 1607
 16748
 1662
 14369
 13706
 2042
 10602
 20696
 10102
 15302
 11666
 13692
 18613
 1475
 13069
 9497
 15481
 4074
 12060
 20888
 17488
 19490
 2432
 13548
 8792
 11871
 9322
 12750
 21109
 20296
 3667
 14500
 11168
 17502
 3789
 9831
 11138
 6777
 11738
 20452
 8257
 10325
 19547
 9827
 9370
 11053
 5004
 9575
 8752
 7430
 15822
 10357
 20003
 2128
 13797
 3128
 1477
 9608
 6755
 4996
 8777
 17409
 12644
 2810
 3805
 12261
 10364
 18092
 17274
 14710
 11502
 20898
 10777
 16794
 14367
 12379
 19176
 8567
 7241
 7479
 20638
 9723
 11636
 11989
 9995
 12127
 4770
 5401
 6611
 16716
 6986
 2097
 2588
 16127
 9481
 5687
 1702
 8201
 8051
 7353
 6779
 2810
 11023
 6840
 11431
 8831
 9188
 17582
 1994
 3722
 2254
 12915
 4683
 14673
 7158
 11009
 7215
 5657
 5665
 3159
 18475
 13012
 7688
 6459
 10742
 5576
 2216
 7204
 8066
 9427
 19962
 12630
 18956
 3052
 9798
 11823
 12242
 4716
 6291
 19554
 7494
 10604
 3650
 9858
 8224
 14000
 19260
 3297
 16056
 10501
 12393
 13465
 5140
 20775
 10211
 5611
 7774
 20966
 17259
 12934
 8826
 16970
 3962
 12363
 3287
 13493
 9081
 18127
 9027
 10727
 17173
 12000
 18916
 20008
 12333
 12715
 6853
 10817
 8495
 11549
 5549
 7756
 2627
 3816
 10166
 6445
 3429
 4969
 9469
 12513
 2776
 17192
 2005
 8790
 1593
 19040
 21121
 19963
 6802
 2303
 4162
 6234
 9776
 6512
 15213
 7107
 2040
 15703
 2721
 17931
 10165
 3580
 9367
 13524
 17941
 1516
 3675
 13391
 12660
 9533
 12410
 9279
 10841
 3025
 13884
 7008
 3616
 8572
 11220
 7144
 2648
 4105
 9974
 5837
 8494
 19801
 7209
 2087
 4873
 16238
 6237
 12311
 3255
 10632
 4126
 9991
 19976
 9837
 4041
 7444
 14138
 2190
 1662
 20874
 20821
 7752
 13463
 8975
 2776
 9224
 9752
 14723
 7442
 10323
 10888
 13830
 5238
 8165
 3135
 21211
 13001
 13240
 3296
 13387
 8734
 10759
 12777
 12653
 3204
 8019
 10664
 13060
 18846
 10950
 8624
 4681
 4915
 4662
 9069
 3436
 8263
 1612
 17524
 21237
 12074
 10950
 21279
 5903
 10063
 11322
 8632
 21287
 11424
 7132
 6355
 19217
 4016
 14370
 13984
 4781
 14929
 2342
 3969
 9928
 6984
 8939
 7641
 9701
 6461
 3011
 17286
 3293
 12951
 4240
 19985
 12997
 20263
 10250
 14852
 14671
 15011
 3041
 8443
 12436
 10743
 1540
 1661
 3089
 2967
 15297
 12748
 21263
 8056
 15053
 12635
 1895
 7967
 1638
 4929
 14405
 10554
 11863
 8492
 9452
 11694
 7964
 19991
 16859
 14097
 15687
 13566
 15215
 14105
 20514
 10257
 12553
 14388
 12662
 18183
 15217
 21434
 6955
 4245
 6459
 8319
 4369
 11904
 16969
 2125
 12415
 4111
 1649
 6194
 10713
 8548
 15904
 14102
 8759
 5037
 18527
 10192
 1764
 20406
 6774
 5049
 13285
 13633
 11150
 18625
 8827
 11448
 17211
 11712
 15114
 6594
 9114
 14288
 15546
 5269
 5622
 4537
 4221
 6220
 9298
 2445
 13331
 17113
 4642
 15158
 7723
 12795
 11482
 9068
 11723
 6611
 12748
 7531
 10481
 8308
 7212
 12548
 3707
 18010
 13142
 8083
 16196
 11484
 7443
 17361
 17040
 4484
 9719
 12267
 10666
 11391
 8526
 8435
 2219
 7632
 1817
 10133
 11070
 12810
 9747
 18541
 4770
 9982
 11769
 17687
 4656
 8657
 4106
 10855
 14173
 2674
 18475
 15738
 6210
 13547
 4046
 1772
 11578
 15093
 6355
 7755
 4940
 15473
 3823
 18892
 8618
 9044
 10509
 17981
 10137
 6498
 13427
 19259
 8850
 3807
 8326
 8101
 7944
 8162
 12976
 21073
 5835
 11274
 3905
 7389
 11820
 12054
 9299
 10120
 5090
 3664
 11251
 6498
 10892
 13417
 12989
 14145
 12504
 4075
 10727
 14101
 15844
 3754
 10401
 17471
 18947
 7933
 7674
 6109
 17602
 8780
 19975
 10793
 13035
 3434
 11520
 6660
 13737
 10917
 8587
 12301
 3310
 10556
 9822
 14902
 6418
 10352
 21599
 7352
 8125
 16477
 6638
 15877
 2534
 8043
 7397
 12255
 13244
 4929
 8158
 9960
 3237
 6041
 2870
 5977
 4390
 19802
 20336
 19159
 8867
 4225
 11678
 3810
 15175
 6081
 9948
 8592
 18374
 10509
 14077
 11738
 5696
 11028
 4874
 17141
 11369
 13005
 18919
 8292
 18663
 3922
 8888
 19884
 5115
 18417
 12741
 5416
 17252
 16512
 11834
 19710
 13696
 10706
 3346
 5745
 18357
 5416
 10901
 19640
 7663
 13833
 9855
 6128
 16938
 13525
 16227
 20941
 14163
 2454
 20016
 17559
 9162
 7833
 2067
 5330
 3082
 9019
 10140
 15198
 4941
 16263
 6117
 19585
 9833
 8191
 8913
 12033
 12031
 6457
 21650
 2103
 13078
 19372
 14446
 2176
 9539
 10794
 21186
 6774
 2317
 19313
 11815
 3166
 9134
 15069
 13428
 4963
 14876
 18368
 12772
 12547
 2280
 10005
 11290
 19272
 11238
 17457
 12546
 3898
 16879
 20891
 15322
 12019
 5763
 3581
 6673
 9908
 5459
 5147
 4398
 8886
 17887
 16676
 3220
 15523
 2779
 5063
 9029
 13893
 10583
 18856
 13348
 14751
 5598
 2483
 14080
 8475
 9759
 3919
 6190
 13700
 9547
 8663
 7509
 10806
 20286
 7557
 5904
 6642
 15394
 10992
 7439
 19670
 9744
 12280
 9216
 3404
 4728
 3806
 2925
 3682
 12644
 13050
 12357
 11930
 7191
 13928
 10911
 13347
 9595
 10402
 2331
 6631
 20956
 10740
 5196
 12934
 5263
 2571
 4820
 2532
 6008
 5456
 14350
 19038
 10186
 21268
 18098
 2883
 3887
 20012
 13332
 20640
 6922
 2622
 1902
 19804
 6395
 11132
 7903
 9254
 5604
 11602
 19539
 15180
 5226
 14651
 5062
 3789
 7198
 4536
 3876
 6097
 11004
 6691
 20562
 10583
 5555
 10657
 5938
 13935
 17894
 8950
 8162
 1993
 13331
 17726
 14631
 14158
 12978
 9145
 2569
 20782
 6688
 12390
 16926
 2969
 3517
 3411
 6251
 5202
 3250
 8468
 9608
 5920
 14519
 6642
 11204
 19879
 11156
 10406
 2120
 5527
 5894
 6918
 6720
 6948
 15205
 2079
 5432
 9142
 10980
 4036
 14884
 21729
 17944
 16742
 6915
 20919
 12956
 21061
 13764
 6525
 4628
 5094
 14632
 3419
 14961
 5509
 15562
 16184
 10805
 16812
 9341
 10533
 2999
 11236
 10774
 16697
 15465
 9580
 13578
 6205
 13176
 5672
 21752
 2345
 11284
 4347
 9706
 5551
 19408
 5433
 20599
 2485
 18732
 17014
 13805
 11145
 5010
 10051
 5390
 10736
 17278
 21882
 3609
 14656
 5825
 14711
 6250
 3344
 2151
 4298
 13348
 5164
 6615
 6635
 4238
 2092
 3739
 13997
 4347
 11751
 10242
 2614
 11151
 20868
 7010
 11469
 20830
 10642
 7777
 2517
 9367
 3993
 10166
 16729
 14242
 3664
 5259
 3944
 8774
 6512
 13959
 9412
 12334
 5897
 8777
 11605
 13101
 9652
 10231
 9123
 10431
 16169
 8792
 12484
 6737
 14833
 14334
 20339
 2724
 12894
 6184
 6178
 14798
 20090
 14182
 2641
 12802
 16157
 2623
 4863
 18129
 3971
 10864
 5504
 4209
 6654
 16950
 7983
 3261
 10152
 10798
 8870
 2557
 12123
 5434
 10413
 18375
 5060
 5159
 5679
 14278
 17877
 13581
 5331
 16986
 5147
 19158
 12777
 8000
 9103
 6275
 20579
 3796
 8241
 14571
 16102
 3188
 5745
 11622
 9729
 12102
 17936
 17833
 5950
 6941
 14695
 6514
 11094
 14008
 3141
 9062
 6954
 16364
 9471
 4825
 10831
 2627
 7267
 12814
 10474
 18020
 6767
 20544
 13532
 4949
 13824
 15297
 11071
 11263
 21548
 22016
 13522
 8401
 9331
 8848
 16018
 4808
 2868
 14342
 4714
 18509
 8188
 20739
 9963
 10398
 11621
 14580
 9023
 15346
 12700
 15222
 3707
 12663
 11779
 11262
 7187
 19391
 13369
 12215
 3219
 3739
 10806
 11629
 8139
 10629
 11579
 13706
 12138
 8996
 10153
 12735
 9711
 13676
 10226
 12774
 8987
 5573
 21101
 9637
 14507
 8461
 7981
 11574
 12325
 3968
 6836
 5764
 20496
 20151
 14276
 5784
 4457
 7534
 3095
 12693
 12307
 6955
 19439
 12929
 6479
 21820
 21200
 12549
 3853
 5471
 21261
 4567
 11874
 2696
 7520
 14902
 21210
 12223
 17790
 6645
 19119
 8360
 20234
 14588
 18970
 4423
 5929
 5419
 2410
 6275
 13591
 6176
 4083
 9706
 18583
 6619
 14153
 17205
 7952
 2304
 7629
 2318
 9750
 11709
 14951
 10351
 13319
 7405
 5781
 13805
 14328
 21404
 5986
 4501
 13102
 15308
 16378
 6326
 8625
 21815
 11037
 20735
 11997
 9014
 9779
 8138
 16668
 12769
 9375
 9625
 7953
 10328
 15319
 16799
 13366
 3842
 8114
 12131
 19304
 9523
 4195
 11777
 7937
 10867
 17765
 9905
 12166
 21469
 7512
 16908
 4642
 9093
 14475
 13932
 19155
 5182
 3962
 21203
 10564
 21723
 22074
 21327
 11579
 8148
 14994
 11197
 6227
 14028
 4204
 16011
 13581
 14064
 2381
 12706
 9250
 7938
 18401
 4324
 11452
 15351
 20955
 16914
 5478
 20957
 21500
 22193
 8737
 14626
 7760
 12014
 20824
 8945
 8513
 13408
 7574
 8798
 2983
 19181
 9975
 9380
 6237
 4975
 2620
 15340
 11130
 14552
 19811
 10641
 22014
 4660
 3351
 13506
 20779
 11247
 19075
 8999
 11063
 7927
 7245
 6024
 5023
 20610
 2752
 15018
 15133
 21970
 19210
 19580
 3869
 9656
 11624
 20433
 10797
 2552
 12959
 9166
 5651
 6668
 10381
 14887
 7363
 4523
 13086
 2917
 4849
 14507
 2595
 9931
 21220
 6852
 14016
 16793
 6156
 9495
 15333
 12880
 13014
 21968
 20895
 10999
 21565
 10151
 12944
 10077
 2946
 3885
 3965
 7328
 18783
 19173
 8166
 16173
 17849
 14672
 11483
 3145
 4821
 5455
 15181
 12816
 12972
 9698
 21218
 18620
 15361
 12566
 19533
 6121
 10643
 16127
 7102
 15062
 9934
 3426
 17686
 6318
 14087
 13590
 13373
 3112
 13319
 8043
 7895
 7883
 7047
 2572
 3893
 4182
 20606
 5314
 6888
 11840
 6423
 13273
 13851
 19163
 12326
 13414
 12770
 10686
 21148
 13257
 5133
 12515
 14937
 16399
 13281
 22285
 18562
 7900
 6217
 4079
 13075
 18951
 9673
 2985
 7638
 20070
 12340
 10292
 20373
 13932
 2526
 6305
 11852
 20464
 2516
 7580
 4995
 12559
 8906
 9335
 15066
 17173
 7893
 11140
 12486
 20152
 3611
 10690
 2587
 3590
 5896
 13757
 21194
 7264
 13891
 10639
 8014
 6790
 13376
 8939
 6081
 6389
 3350
 13404
 16948
 9167
 3411
 9001
 13407
 7450
 3791
 13787
 7573
 3307
 8351
 16386
 5052
 15460
 7307
 7669
 9787
 5212
 15874
 18873
 3541
 5278
 11852
 8517
 10134
 2901
 3617
 14627
 13483
 14694
 19832
 4376
 21270
 16126
 7266
 15592
 7554
 12462
 9720
 4276
 11252
 22100
 10609
 13509
 21667
 12796
 6681
 3406
 8426
 3398
 5215
 5965
 19771
 22218
 16846
 3250
 4438
 14649
 16351
 5059
 13818
 9478
 6124
 12191
 21787
 5862
 8711
 2721
 3989
 11667
 20972
 2760
 3328
 10071
 20533
 3733
 21317
 14023
 13261
 4276
 4175
 9325
 8583
 10303
 10565
 11467
 18608
 21055
 7703
 3293
 6626
 17748
 12119
 16606
 3898
 5559
 12875
 3438
 9676
 7262
 20288
 13298
 2741
 12480
 5665
 11516
 7890
 4250
 9543
 10701
 20559
 3472
 7347
 20248
 15170
 17592
 10395
 3337
 16090
 7732
 6881
 14470
 15090
 7870
 14442
 18869
 12970
 14921
 20781
 5534
 17688
 14821
 9514
 15282
 7738
 14564
 17534
 9580
 9743
 12059
 5684
 16854
 5767
 12075
 18429
 8432
 18073
 13344
 16452
 3373
 17460
 12505
 13563
 3294
 20759
 10409
 7866
 3219
 20676
 4765
 14698
 18302
 13106
 5280
 4060
 6939
 12355
 20795
 15615
 15182
 8758
 9057
 11794
 5131
 15294
 13514
 17014
 4987
 17682
 19038
 5256
 8509
 7334
 4181
 9518
 16492
 9945
 10781
 7728
 13536
 5264
 4699
 10153
 19511
 16356
 21717
 19037
 12821
 16664
 9775
 21229
 12554
 20430
 22484
 9257
 3411
 17530
 9112
 12870
 21571
 19990
 4892
 14352
 7076
 12312
 3922
 2849
 15800
 7329
 8673
 3155
 3397
 12503
 7755
 11155
 14704
 18997
 21485
 16118
 8873
 8257
 10758
 20336
 13704
 5855
 17244
 7714
 18198
 4548
 19772
 13172
 17616
 3822
 9856
 11236
 8167
 15442
 16310
 10141
 9035
 10421
 18046
 4300
 3305
 13535
 8244
 15279
 15506
 19885
 10671
 5231
 20734
 11174
 5353
 16303
 22257
 6193
 5281
 12293
 11229
 3173
 17053
 4201
 11400
 20832
 7155
 8267
 13968
 3452
 12746
 14314
 17324
 4031
 3292
 9570
 20692
 12562
 9439
 10278
 8548
 3476
 11333
 10095
 10973
 20367
 7520
 9907
 4076
 8204
 14506
 7449
 2863
 11139
 4868
 15180
 16213
 8278
 5981
 13294
 14662
 10590
 9750
 8463
 9571
 4101
 8611
 3934
 7151
 19158
 15892
 6847
 19310
 7058
 12565
 22686
 11852
 18309
 9107
 13795
 16642
 11480
 21568
 5895
 14229
 8168
 19481
 19973
 4191
 3478
 17030
 9652
 11825
 22016
 21729
 17557
 13529
 6641
 15867
 15080
 3969
 10421
 8347
 9251
 13816
 20751
 6664
 3237
 14262
 11150
 14313
 18024
 12442
 8445
 17387
 15830
 6773
 3194
 15044
 4318
 8012
 9354
 6965
 7238
 16730
 4875
 8213
 9507
 19189
 20489
 6731
 10023
 9362
 19893
 14364
 10234
 11403
 20275
 20198
 11308
 17088
 7027
 5228
 22826
 4508
 4355
 8851
 4783
 9945
 14371
 10828
 16893
 20902
 14425
 9492
 9740
 4808
 8293
 8312
 11330
 8159
 20087
 11612
 18499
 11243
 4800
 6622
 16107
 6414
 14183
 15703
 9178
 10612
 4989
 9058
 7536
 10256
 15603
 4352
 3001
 10120
 3530
 5691
 5482
 16628
 7274
 8745
 16333
 13955
 19544
 4563
 7449
 22592
 12706
 11351
 9574
 21683
 9885
 21226
 8895
 17578
 11089
 4450
 5688
 9273
 4370
 19828
 14434
 3807
 7571
 13785
 12829
 17835
 7254
 9143
 15278
 15039
 9319
 3133
 7217
 13460
 13418
 13550
 5233
 12414
 5682
 19361
 15029
 9682
 5268
 8328
 15261
 5861
 5210
 11985
 5166
 15511
 9884
 14986
 4905
 10896
 9548
 17480
 13795
 20553
 5809
 10281
 21649
 16526
 7575
 5336
 9154
 15074
 21157
 15281
 5617
 20868
 4719
 19493
 5979
 21169
 14124
 15968
 8206
 5545
 9131
 12586
 5731
 4854
 6530
 4331
 3277
 10571
 3655
 8339
 4754
 15434
 8674
 8856
 11834
 14793
 21890
 11233
 11621
 9173
 10447
 9347
 18018
 17271
 15585
 9866
 16254
 11766
 17775
 10074
 21977
 9758
 22730
 9270
 12063
 20831
 17451
 10017
 12981
 4121
 4842
 9699
 5587
 11031
 7313
 4206
 17713
 11321
 4944
 18210
 10661
 6902
 5426
 13229
 18188
 11489
 9648
 4567
 6246
 14028
 19524
 8926
 4391
 6634
 18721
 21021
 6027
 11130
 13313
 19314
 14858
 9985
 15359
 6400
 4429
 3894
 9638
 13554
 14112
 13668
 7785
 12385
 10568
 12492
 17749
 16759
 12054
 21161
 11108
 11957
 17372
 4664
 11891
 15923
 13440
 10391
 8182
 13862
 7119
 7597
 15691
 17383
 12692
 3307
 8588
 10321
 10441
 16434
 7241
 6475
 22188
 15476
 3221
 14151
 22198
 18175
 17216
 14889
 22953
 22776
 16997
 3596
 6536
 22852
 11076
 6818
 4523
 15789
 9491
 4251
 12018
 11778
 8145
 21736
 3834
 10848
 10747
 11008
 6574
 6288
 6466
 4898
 6048
 12625
 13501
 14332
 19128
 7576
 8379
 7691
 6092
 20596
 17179
 10852
 9969
 6391
 20800
 8019
 10448
 10898
 12159
 21218
 3965
 14912
 3451
 15004
 6884
 12679
 15347
 5043
 4037
 22490
 10106
 14175
 7202
 19842
 17095
 3559
 21493
 21245
 19470
 13125
 14088
 12199
 7119
 15525
 13855
 21081
 15693
 12750
 10361
 11568
 12994
 11460
 7223
 12400
 10833
 12173
 21243
 11112
 14268
 17747
 7829
 3767
 17399
 6473
 13498
 5167
 9148
 8434
 17687
 9433
 13473
 15966
 9732
 8473
 22343
 13686
 16476
 11347
 6836
 12122
 11883
 5262
 14404
 15945
 19849
 3801
 21499
 6113
 22023
 12843
 12222
 15944
 5671
 11311
 9570
 19082
 8497
 4416
 4869
 4291
 9891
 12081
 4284
 11647
 14921
 13616
 3980
 4608
 11597
 11308
 5598
 7905
 21745
 21685
 11629
 4377
 15386
 11139
 10337
 14817
 16207
 19577
 6753
 9657
 10147
 12171
 4292
 7176
 7631
 6718
 6760
 15203
 15780
 7759
 20551
 7952
 8958
 6838
 11527
 20139
 21245
 12012
 8721
 15913
 11313
 9388
 5509
 7963
 8403
 13366
 21451
 15861
 8188
 6329
 8237
 15952
 11024
 8626
 8451
 11052
 3739
 7280
 21231
 13978
 12351
 10266
 7370
 23321
 14092
 6195
 6238
 9791
 14002
 6972
 7703
 15387
 14899
 4699
 4180
 19416
 7260
 13595
 20929
 10245
 19765
 8660
 5418
 15091
 4631
 7116
 5385
 23358
 21534
 9086
 9216
 20464
 6559
 4794
 6286
 10242
 11675
 15821
 13275
 4580
 6708
 8323
 10486
 5151
 13152
 10026
 19682
 14649
 14108
 4633
 11308
 13016
 4611
 20977
 21568
 14379
 13855
 16546
 20412
 9094
 15903
 8433
 17253
 4940
 10218
 11768
 8057
 4626
 7698
 9326
 5093
 15329
 9996
 10665
 7000
 14684
 9664
 15554
 5815
 3843
 6588
 3448
 11570
 15416
 13806
 12696
 11095
 4320
 4305
 4443
 22534
 3915
 6375
 14928
 10245
 4728
 12328
 10235
 5428
 14738
 18330
 11934
 12516
 4992
 17218
 12759
 3619
 7516
 12666
 10314
 20283
 18689
 23363
 16705
 9917
 9963
 8605
 6545
 15703
 9690
 15380
 13567
 22733
 15831
 9885
 18723
 7623
 13114
 8450
 21707
 7592
 21194
 4378
 22179
 13663
 14631
 13821
 15828
 10401
 10597
 15030
 5578
 15318
 14074
 16890
 7995
 9299
 18138
 9368
 11333
 8233
 11232
 14737
 18071
 8443
 5200
 8010
 23282
 12725
 12123
 20704
 11857
 7419
 9730
 4059
 13607
 17792
 22975
 15206
 12488
 4921
 16000
 14270
 17003
 14289
 11925
 20648
 10606
 10814
 15469
 6632
 3643
 16051
 11195
 9360
 21802
 9079
 17503
 14198
 12614
 16182
 5282
 13929
 23284
 12535
 3970
 20229
 18609
 21454
 10255
 8868
 5052
 15667
 15381
 10840
 22484
 15090
 4603
 16374
 16451
 10308
 8139
 15573
 6139
 17662
 13332
 16184
 5536
 10505
 16108
 4840
 16806
 8690
 17625
 13990
 8284
 14243
 12658
 7615
 17354
 6801
 10977
 12256
 5527
 20343
 18284
 11532
 5998
 19523
 17044
 19596
 5441
 20079
 21918
 8774
 9262
 11635
 4592
 11474
 6977
 22265
 16734
 20969
 13723
 12081
 10150
 6078
 8850
 18598
 11353
 3889
 16089
 8817
 15611
 14914
 4545
 11405
 6604
 13315
 12063
 3914
 11848
 14097
 16112
 14406
 13228
 16228
 22299
 16601
 18970
 19749
 20758
 8655
 20223
 15488
 7308
 15483
 12595
 5338
 5597
 15338
 6272
 11364
 16070
 15318
 16134
 16337
 13506
 12221
 12895
 23332
 11281
 15729
 18655
 17454
 9465
 18481
 5310
 14263
 9546
 22327
 6425
 13786
 11206
 23187
 12533
 5942
 9281
 6392
 21734
 19009
 14373
 10646
 14287
 11456
 10169
 12488
 7722
 22581
 4131
 8143
 3755
 7832
 14795
 9727
 23072
 15498
 23427
 5015
 17596
 7686
 8612
 5879
 11188
 12920
 14042
 10285
 11977
 5586
 4674
 5137
 4775
 4284
 22418
 12690
 13550
 8524
 19035
 21040
 18127
 13495
 14443
 13739
 9209
 10471
 8758
 13499
 12212
 7854
 7318
 17634
 23565
 13177
 15952
 9920
 7924
 19208
 20216
 21893
 14755
 6781
 17368
 19340
 8736
 10451
 19437
 11622
 5636
 11569
 3859
 12820
 12765
 11647
 10019
 7257
 4401
 5080
 16473
 5775
 9155
 9633
 5690
 14713
 14587
 6521
 23030
 9946
 18337
 14033
 12074
 20868
 9419
 13758
 13482
 7762
 18296
 3981
 19293
 15738
 4475
 14230
 19145
 12509
 4091
 11700
 9969
 14466
 11290
 10132
 5180
 19810
 4021
 15276
 7256
 5540
 19916
 6446
 14622
 14284
 12867
 7036
 8888
 12048
 9640
 6462
 17984
 16460
 17942
 8979
 12779
 13622
 14649
 14788
 12710
 12084
 7762
 5503
 12031
 12044
 15261
 23202
 12040
 7228
 22898
 14710
 12119
 14156
 8393
 9087
 21585
 9632
 10690
 16113
 19625
 9490
 6979
 11173
 16387
 9856
 8131
 13964
 20382
 12002
 22023
 14467
 5681
 21887
 6474
 9767
 23637
 13120
 21283
 4811
 16451
 5253
 7842
 6120
 8384
 13815
 19514
 22453
 22550
 17213
 12485
 20183
 10181
 16467
 5348
 9882
 21978
 5208
 5287
 12321
 6750
 12358
 8653
 8058
 6962
 5096
 18891
 3925
 16377
 18343
 19442
 12887
 5592
 5637
 15180
 14250
 10009
 8686
 12359
 19191
 9462
 9387
 22134
 4727
 16148
 7161
 8243
 10918
 6893
 7066
 5642
 7385
 13459
 12619
 8946
 11602
 11538
 10485
 12413
 8433
 4309
 19271
 4947
 4461
 23788
 4036
 17209
 4867
 18956
 17689
 11127
 22126
 20344
 11347
 10555
 10712
 11743
 23278
 15352
 12784
 16581
 23888
 23091
 9053
 4550
 7159
 9664
 21938
 14936
 6896
 23175
 4770
 12881
 9450
 10893
 19509
 12073
 16170
 13265
 19228
 15809
 8961
 5140
 5954
 8228
 15579
 17404
 20131
 6412
 10201
 7643
 4161
 5961
 5889
 18571
 21012
 15454
 5107
 15453
 11618
 13228
 16000
 21587
 13745
 10003
 6103
 9962
 17112
 15862
 12288
 13116
 5148
 23614
 14316
 14372
 8314
 4994
 12940
 18307
 8767
 13766
 15297
 9507
 12832
 19873
 7188
 21755
 9672
 18531
 19272
 17778
 17836
 21335
 12301
 14023
 13349
 7749
 13974
 12720
 6526
 10043
 12076
 20801
 5932
 9581
 14788
 5616
 13182
 23067
 7118
 10391
 13429
 17106
 9616
 10457
 23990
 12630
 9203
 11049
 20766
 8606
 18909
 4295
 9654
 9184
 21438
 8364
 20903
 7886
 8718
 14856
 14414
 6657
 4215
 21866
 4211
 17846
 6159
 10784
 14711
 22646
 14634
 12287
 19181
 23898
 6189
 12357
 13003
 11854
 18949
 13597
 15520
 4662
 15257
 9476
 6312
 20015
 23581
 13993
 14750
 23575
 15209
 11642
 19313
 7215
 8522
 17821
 12570
 15007
 15127
 12443
 17229
 10011
 17606
 11364
 12110
 18533
 7264
 16655
 14342
 16788
 16274
 5281
 16182
 15379
 8774
 12912
 11691
 23148
 4497
 10728
 14259
 10439
 7534
 9006
 17167
 12077
 10411
 11683
 15689
 6290
 17603
 12747
 4167
 4755
 18220
 10958
 12097
 15100
 6001
 8223
 5424
 16141
 21090
 9019
 6023
 8062
 23595
 4852
 14311
 15680
 8322
 10959
 14285
 13798
 8997
 5227
 21327
 9380
 9828
 7972
 8199
 12151
 4250
 11734
 21902
 7013
 4258
 8677
 7277
 4614
 15848
 4284
 8304
 17475
 4445
 10932
 7644
 5246
 5839
 22360
 20099
 20786
 6489
 10280
 16245
 4828
 4886
 23706
 9785
 6107
 5084
 14407
 24060
 4436
 16646
 9029
 15914
 10233
 16338
 10864
 19579
 22251
 8397
 21647
 24143
 14429
 4684
 13109
 20829
 19163
 23612
 13156
 19623
 9419
 8796
 20249
 9811
 8242
 11401
 12964
 5174
 17018
 12858
 5750
 5490
 4691
 11118
 14912
 9090
 15640
 15139
 12601
 6418
 12883
 9992
 7776
 17044
 22884
 5749
 17443
 4689
 20669
 15929
 4544
 20861
 11377
 12340
 19466
 5678
 9071
 6726
 13871
 7534
 17418
 4360
 5495
 15726
 16923
 14906
 19246
 14494
 10537
 12476
 17702
 4539
 11079
 23425
 9719
 15752
 10334
 4417
 9033
 12128
 23085
 11022
 14484
 16427
 18703
 12585
 22501
 21103
 13116
 18262
 12419
 7080
 8690
 21933
 20339
 6267
 18229
 22770
 22553
 4295
 15540
 7463
 24256
 13406
 10030
 7937
 5180
 13651
 19285
 10296
 21709
 6003
 16658
 4643
 7751
 16345
 15050
 5060
 12656
 16061
 4799
 22623
 5258
 20365
 19994
 15217
 24018
 15167
 6471
 20382
 4935
 6373
 19041
 4811
 13551
 6274
 10929
 11982
 24214
 21532
 11089
 11363
 23577
 8498
 15797
 10688
 5314
 15280
 11852
 16427
 7509
 11553
 11011
 12874
 15850
 6884
 6570
 6684
 6235
 15970
 23676
 15398
 11617
 7711
 8281
 14832
 13914
 10191
 6358
 6001
 16463
 14827
 22104
 10120
 18707
 15588
 4605
 5037
 9421
 5303
 13852
 7880
 7834
 7906
 22797
 18528
 12780
 23542
 16971
 22710
 5432
 16013
 23257
 4690
 5711
 7166
 5507
 22366
 24107
 7694
 13063
 16883
 14989
 13609
 7540
 7441
 12676
 13202
 16882
 12787
 18512
 10359
 6338
 6209
 8679
 20937
 8135
 23847
 8056
 6346
 7524
 11431
 7087
 10888
 21096
 8811
 15449
 12073
 19048
 16157
 9928
 20647
 23020
 7962
 6905
 15358
 10381
 22564
 12563
 6595
 5052
 8248
 17843
 17336
 20679
 23808
 13830
 14717
 11928
 16777
 7734
 21481
 7870
 6583
 14345
 15514
 10000
 15831
 15878
 10569
 10543
 5013
 5914
 13633
 6827
 11792
 8282
 7729
 6921
 9259
 8650
 9280
 22308
 14949
 10557
 12225
 16018
 5899
 15806
 19880
 21544
 21709
 8526
 12539
 20960
 13038
 10158
 21996
 6937
 19199
 12704
 12038
 9408
 17807
 15337
 12261
 10318
 10140
 16474
 4715
 6770
 6893
 5487
 8561
 14929
 7331
 4919
 11195
 12043
 10540
 15862
 15311
 15743
 17786
 19495
 14983
 23058
 10196
 13446
 14533
 18572
 12652
 9517
 6663
 11139
 21777
 10205
 21467
 10716
 13989
 6719
 8788
 20079
 5970
 21899
 19997
 17195
 7352
 14313
 15053
 20058
 8618
 9527
 8156
 10214
 7834
 7595
 21686
 10972
 15826
 11865
 5582
 8496
 13604
 9494
 5876
 11777
 24228
 11261
 8906
 14942
 10773
 17682
 15987
 10313
 18753
 7142
 7404
 9243
 20654
 24475
 9248
 13608
 16621
 8297
 12119
 10341
 16660
 19360
 15695
 22055
 7758
 14574
 15854
 9997
 8689
 13699
 14678
 7905
 5297
 20755
 16026
 6843
 17139
 22075
 12528
 14247
 8644
 4744
 13928
 11976
 14859
 6261
 9404
 5084
 11101
 5172
 16391
 11202
 12752
 11983
 6395
 19738
 22193
 19470
 7086
 14988
 8218
 10011
 8245
 14955
 16254
 22437
 12532
 14427
 11719
 10498
 7572
 9201
 11874
 6969
 12662
 4922
 8505
 15647
 10248
 14655
 14210
 9119
 16725
 12039
 6582
 9471
 11649
 7997
 22628
 13185
 14806
 23380
 10022
 15272
 19160
 23368
 17365
 16028
 7456
 8167
 24057
 11439
 16615
 13039
 4739
 20352
 16033
 24538
 20415
 6496
 16684
 15800
 13700
 10612
 17129
 16251
 17838
 12026
 15658
 11353
 10925
 16623
 15565
 13709
 15615
 14832
 4648
 16895
 5564
 15519
 19781
 15461
 18449
 5737
 12560
 16938
 21903
 14630
 11951
 16975
 7556
 12257
 11025
 15311
 17387
 14393
 17098
 16935
 9888
 21126
 12798
 7637
 9014
 21120
 14171
 6976
 10188
 23004
 12109
 5368
 17853
 5336
 7820
 22336
 15639
 6586
 11256
 18153
 5327
 8275
 7656
 5313
 8882
 11498
 20223
 20524
 5919
 8407
 8224
 9649
 20852
 14444
 9316
 7993
 24422
 17819
 9226
 21107
 13685
 8148
 15278
 6396
 11294
 15245
 5372
 22813
 5587
 5064
 7654
 21717
 15337
 19567
 20341
 22328
 12560
 13443
 15869
 4856
 18312
 14869
 12052
 8580
 12530
 16468
 21637
 24110
 17509
 13833
 14815
 5425
 15266
 22047
 10835
 10898
 15785
 7144
 20030
 22310
 14701
 17371
 6883
 5973
 12326
 17218
 6526
 12189
 23206
 6899
 14196
 9498
 20879
 11965
 9454
 10373
 15938
 9574
 10824
 20987
 14234
 12242
 24357
 17247
 7771
 23303
 20101
 15874
 12357
 15503
 20410
 15938
 5838
 19293
 13175
 9809
 22286
 18675
 18218
 8759
 7420
 13028
 8843
 8954
 5530
 12149
 9557
 15838
 11308
 21258
 15350
 16936
 7855
 10398
 13986
 6983
 6024
 8402
 21804
 6101
 16570
 5226
 16151
 10201
 9372
 10037
 6473
 10961
 16810
 8428
 13985
 15599
 15482
 16412
 16395
 11041
 22546
 11079
 16978
 8246
 8089
 24135
 5558
 5277
 9995
 14389
 6398
 13040
 14065
 11721
 6543
 6897
 9584
 13795
 12381
 19604
 6592
 15626
 13057
 9406
 14784
 6931
 15117
 7660
 12425
 15684
 14236
 24118
 16736
 18681
 15661
 9493
 12175
 23174
 14737
 16483
 17878
 6270
 5314
 10754
 6846
 7220
 7863
 15201
 23695
 10817
 6325
 17274
 15235
 7205
 14921
 23967
 13466
 16145
 14995
 7894
 14191
 20132
 20997
 9858
 24042
 6388
 5037
 9476
 11448
 8463
 9742
 4961
 16024
 7907
 9942
 14086
 6839
 6747
 5643
 17418
 12959
 11243
 5159
 13267
 7787
 19342
 7622
 14012
 10174
 8461
 16958
 12341
 18709
 16931
 21647
 16011
 7706
 8831
 11098
 23946
 10234
 7978
 18678
 9504
 7321
 6058
 13281
 4995
 20197
 7269
 22708
 18806
 15336
 13226
 22618
 7336
 13186
 20653
 7971
 12222
 13366
 21617
 10900
 5042
 5891
 7307
 11329
 12571
 22103
 7684
 9789
 23887
 16543
 22047
 15985
 9446
 14722
 12828
 14891
 24066
 15054
 5340
 6521
 10700
 10546
 10886
 13463
 21696
 16815
 10409
 13574
 11819
 13257
 11011
 7741
 14196
 6562
 21442
 17059
 8377
 16136
 20585
 21918
 24444
 5902
 23349
 20742
 24670
 14009
 5216
 24286
 14345
 10460
 8166
 9188
 6676
 14982
 12614
 7942
 17187
 13273
 7468
 10519
 19342
 11199
 13548
 6658
 12163
 19064
 10801
 8799
 18350
 9847
 13911
 18244
 17688
 24750
 22453
 14974
 15597
 12103
 20032
 10304
 10274
 5749
 15308
 7450
 24695
 19562
 8308
 8398
 11578
 6378
 14108
 11231
 21868
 8607
 13172
 13387
 13768
 12655
 10272
 15611
 12417
 10571
 22774
 16088
 5387
 21513
 15047
 12576
 15965
 17684
 10050
 22809
 14293
 5635
 18678
 20997
 12188
 20807
 16598
 14359
 10636
 9161
 19426
 18309
 19791
 5267
 11491
 9151
 12458
 5805
 7095
 23967
 13818
 11244
 16558
 13793
 13469
 13830
 16403
 24853
 12821
 23337
 9551
 7154
 21928
 15116
 20843
 15853
 8203
 8070
 6549
 17450
 13217
 11102
 10406
 11763
 6814
 21026
 22689
 16199
 9681
 18972
 8093
 10516
 19105
 23170
 13382
 5192
 24791
 23021
 5217
 14980
 13757
 8940
 21551
 22482
 16709
 10106
 23957
 20985
 12333
 9069
 12569
 24783
 6177
 10897
 6383
 16238
 17186
 15796
 11381
 17802
 18278
 9059
 16283
 11010
 10911
 12181
 14568
 10676
 11904
 5158
 7001
 9078
 12446
 7207
 17802
 8963
 6323
 15732
 15290
 17234
 19177
 6054
 6730
 24493
 20533
 16458
 24583
 21024
 5698
 7857
 23688
 23793
 8016
 14954
 15961
 16912
 6875
 15245
 21242
 11662
 17057
 19993
 25154
 12371
 10335
 21985
 6024
 20554
 22619
 6338
 20003
 15616
 14951
 12408
 8144
 5741
 11460
 12145
 14580
 12817
 13222
 8322
 7234
 6723
 5591
 13688
 14847
 13254
 10718
 9394
 17733
 17822
 8353
 9262
 8197
 7490
 14952
 11649
 6512
 6705
 7140
 5483
 15608
 6249
 13648
 8810
 6354
 24246
 11063
 24302
 23839
 10185
 13942
 21133
 11147
 18473
 7395
 15351
 13013
 8014
 12239
 11725
 17105
 19851
 7432
 18381
 17002
 20011
 8833
 20177
 24460
 10656
 11126
 18713
 11968
 22200
 22571
 7078
 23481
 5681
 6677
 22953
 19408
 7407
 17051
 10299
 20523
 13643
 13981
 15406
 15651
 19341
 23478
 10468
 13925
 9470
 9022
 7519
 10329
 21847
 13363
 9912
 12098
 16671
 9978
 22483
 16837
 8403
 9568
 6323
 19309
 7814
 11494
 20106
 6222
 12331
 17820
 10964
 9193
 13392
 8364
 24069
 20304
 11726
 8091
 13920
 17035
 12190
 10316
 7754
 12057
 15086
 23238
 10494
 23162
 17268
 23254
 15233
 15853
 19971
 15800
 11257
 20662
 23900
 6706
 16986
 7107
 8518
 17601
 12801
 18030
 7137
 12185
 20773
 15173
 12599
 17511
 17674
 18473
 21780
 10969
 17687
 12884
 19224
 8160
 17163
 14590
 11530
 12980
 17388
 8705
 11119
 22969
 19424
 10332
 15451
 12130
 5727
 11701
 11400
 5523
 23848
 5571
 18085
 15083
 21396
 15274
 14032
 23713
 21224
 11784
 13031
 16493
 6831
 19696
 5627
 9451
 10759
 10357
 6791
 18108
 7514
 24041
 19008
 18862
 21200
 5382
 10541
 17277
 11523
 7533
 13816
 11257
 17747
 10157
 17701
 12554
 11035
 13511
 7202
 17521
 11364
 12016
 8992
 20401
 13912
 6198
 8610
 10670
 24954
 17638
 5875
 21749
 17236
 11789
 12669
 11804
 12561
 6077
 5495
 14123
 12172
 12787
 7711
 23323
 15432
 18871
 5704
 15326
 11234
 13444
 11765
 12000
 7716
 22952
 12039
 7596
 12412
 11214
 8819
 14226
 13484
 25114
 23704
 16711
 16322
 18068
 5775
 17901
 9547
 6954
 10436
 13269
 12996
 12463
 13508
 25250
 16209
 14760
 8375
 5520
 12754
 12680
 13712
 24597
 15506
 17114
 7267
 19910
 13953
 24223
 9846
 10301
 15685
 15737
 25147
 7194
 10989
 10280
 22173
 12104
 13798
 11282
 18201
 7778
 15761
 9448
 17968
 6645
 19445
 9607
 13018
 13255
 8337
 19484
 9212
 15000
 5557
 15756
 6332
 8872
 10449
 21523
 7157
 7929
 23725
 15659
 21639
 18167
 7739
 17551
 10352
 9909
 12554
 11072
 13729
 7642
 18685
 11752
 18026
 17660
 22876
 9469
 15192
 8971
 7176
 7240
 6304
 16209
 15988
 21639
 16380
 15705
 11955
 10064
 19157
 23918
 15373
 12535
 5633
 14917
 18454
 17522
 10672
 14589
 13120
 7067
 11906
 7013
 14735
 12501
 9723
 14528
 11533
 16370
 5945
 16645
 22144
 14452
 23205
 20073
 16057
 19027
 5576
 7489
 10511
 16383
 10593
 15618
 21227
 8295
 17844
 10732
 22532
 11257
 6436
 15495
 8398
 7050
 19716
 15276
 15023
 24408
 17579
 8487
 8818
 6606
 21190
 6108
 20864
 11976
 22771
 13448
 9547
 8152
 14187
 24840
 12908
 17672
 9150
 13696
 11952
 20833
 12774
 23061
 23055
 12171
 12821
 22523
 11358
 16470
 6864
 14903
 10949
 10841
 12449
 9628
 10962
 19673
 14023
 22424
 7407
 23020
 12497
 9268
 11378
 23517
 6891
 21463
 11316
 10707
 7159
 22125
 16581
 16782
 5951
 6279
 12318
 11570
 9642
 11650
 20566
 20583
 16846
 9132
 12057
 20287
 9829
 15812
 21493
 9338
 16867
 9282
 22295
 21447
 10055
 13783
 16534
 22828
 20464
 6294
 10958
 10151
 8818
 18194
 24209
 11510
 8392
 17226
 24600
 13108
 6892
 13859
 20192
 7845
 21413
 12597
 9875
 20820
 20929
 10985
 15075
 10874
 10403
 18369
 8031
 13474
 12222
 8248
 12831
 18059
 19939
 12427
 22434
 15790
 8503
 19736
 16763
 14656
 10441
 5830
 17863
 20026
 13666
 11750
 14466
 13751
 18878
 16857
 10683
 18398
 23290
 19634
 6437
 9985
 23567
 14461
 10799
 17669
 5950
 12767
 13686
 9923
 11372
 9888
 23865
 14222
 25231
 17895
 14541
 11830
 17929
 8324
 6514
 18988
 14773
 10164
 13222
 11463
 15808
 10400
 6137
 24102
 24635
 6791
 15905
 24951
 11854
 15870
 11535
 17720
 15598
 20757
 12577
 20636
 9074
 18396
 17049
 8240
 15426
 11589
 12366
 10142
 17713
 21260
 25249
 16241
 8589
 12788
 19123
 6715
 14260
 11411
 20949
 21364
 17322
 10801
 23872
 11716
 6248
 13997
 14855
 7970
 17399
 13409
 14121
 8381
 21149
 9063
 25771
 20220
 7383
 5820
 8965
 25441
 10440
 9188
 14140
 15923
 14737
 11086
 7665
 8444
 8386
 15001
 17975
 11504
 11119
 10551
 16330
 6031
 11526
 15473
 14591
 9581
 24992
 12460
 24694
 12848
 16727
 21002
 17495
 24889
 19575
 11667
 10364
 15079
 12247
 8054
 15243
 8984
 13642
 15371
 7176
 7090
 22289
 7675
 9288
 15425
 13203
 23778
 19336
 14081
 6256
 11091
 13791
 21599
 9426
 11260
 14577
 22459
 5957
 19180
 14438
 14865
 15113
 15219
 8186
 12376
 18598
 23497
 25366
 15337
 8671
 10962
 11584
 9060
 6633
 11167
 8942
 17456
 9854
 10456
 10080
 9090
 11725
 8569
 24719
 8193
 19157
 12635
 8576
 7143
 7250
 11029
 9726
 15114
 14518
 8643
 14119
 12155
 7676
 18085
 12229
 23406
 13369
 9259
 14881
 15036
 25876
 18607
 12979
 15974
 10295
 22179
 20284
 13018
 8550
 18094
 16087
 11419
 14512
 23793
 15405
 18332
 12804
 13678
 11241
 15725
 17414
 11883
 25451
 23513
 16993
 11315
 12769
 17807
 20383
 14974
 9427
 21664
 7191
 25587
 15581
 20008
 15623
 25547
 12802
 11025
 25602
 8471
 13055
 7380
 20459
 14180
 18303
 10657
 23075
 22878
 10541
 17442
 19136
 16499
 25070
 5978
 14014
 12378
 18672
 15507
 19770
 7828
 7646
 19865
 24317
 19089
 25686
 16481
 17109
 13238
 17788
 15311
 7242
 23742
 8304
 21142
 24912
 12094
 6109
 25792
 12312
 9613
 13940
 15056
 14124
 23524
 15929
 18886
 25531
 9091
 12539
 13060
 18993
 6388
 7562
 16527
 12011
 8563
 21444
 6360
 17898
 18478
 10993
 14043
 9926
 6570
 12656
 11815
 14884
 6374
 6033
 8607
 15787
 21796
 11428
 14017
 6995
 18373
 6578
 12005
 6591
 10036
 11723
 17672
 10157
 15302
 14495
 20042
 13292
 14849
 17457
 19572
 18541
 15034
 13769
 16894
 7293
 7619
 18921
 16400
 7570
 13637
 19810
 18247
 17027
 18730
 9447
 17659
 14237
 8703
 11170
 22143
 18803
 16887
 24486
 16136
 15542
 8691
 17670
 7537
 12198
 14017
 17540
 7326
 16999
 15523
 7532
 9504
 17848
 23410
 21889
 17017
 17568
 9346
 20312
 9824
 13353
 22183
 16420
 8903
 9745
 21016
 18386
 9307
 20959
 19316
 13846
 18668
 23763
 12290
 8069
 24878
 19329
 7997
 14725
 17022
 10336
 7568
 19297
 17321
 10046
 25694
 20034
 8138
 25814
 9509
 20475
 12722
 17572
 18084
 9987
 15789
 24824
 22362
 20808
 20546
 16714
 18385
 12034
 16763
 19149
 25148
 7813
 19431
 8006
 19484
 25724
 17340
 24095
 17641
 8914
 10688
 11671
 10383
 13810
 7658
 8957
 17911
 18835
 12293
 21821
 22056
 17004
 11477
 15418
 20333
 18318
 26108
 25212
 24856
 22193
 10879
 17899
 21319
 24623
 7301
 10877
 17031
 22001
 25920
 17389
 14454
 21830
 19759
 13229
 10318
 7355
 14754
 8285
 11646
 21224
 15392
 13724
 13883
 15239
 14246
 14877
 15831
 16394
 17745
 13854
 13648
 14989
 15518
 13622
 13709
 20746
 18863
 10541
 11653
 11468
 14449
 12273
 18336
 10790
 23420
 11782
 15265
 6788
 24795
 9725
 6661
 17378
 17612
 9160
 15813
 17212
 20265
 21196
 23074
 13350
 8713
 16600
 22146
 11997
 23073
 11797
 10229
 9565
 22159
 14463
 11294
 18485
 18040
 15444
 17390
 19672
 16528
 12650
 17459
 20213
 19962
 11077
 6673
 18793
 23281
 16105
 8719
 17427
 25287
 17005
 16822
 13096
 13771
 15665
 19125
 16777
 23824
 8081
 10408
 11762
 17803
 7291
 20826
 16628
 25853
 18237
 13033
 19653
 8211
 7714
 14985
 6646
 13098
 20319
 23180
 20869
 10999
 6952
 8704
 8532
 10182
 15113
 12377
 6842
 18112
 8754
 15825
 14873
 7635
 22770
 8781
 19152
 9613
 12999
 9282
 8689
 10472
 9397
 7224
 7509
 10797
 11574
 6701
 7087
 16626
 22832
 6525
 6302
 22565
 11725
 16033
 10695
 6478
 7431
 11125
 16931
 6736
 18434
 14878
 9973
 15025
 13567
 25964
 10846
 15675
 16590
 8157
 6676
 9601
 9539
 20771
 18385
 16421
 12621
 17318
 11752
 8089
 15875
 14828
 10621
 14053
 10399
 15128
 7765
 12521
 8816
 14993
 13003
 13379
 11690
 8613
 18821
 26099
 10049
 10350
 18790
 24509
 11318
 13107
 19046
 7759
 14993
 16722
 9183
 14884
 25807
 6781
 7305
 8456
 6878
 12290
 7720
 10269
 9511
 25647
 12804
 24541
 25995
 6454
 10298
 22209
 7602
 11821
 10769
 26081
 11967
 16410
 13295
 24445
 18696
 16717
 16237
 20124
 15652
 16974
 20712
 23026
 8806
 6424
 9626
 19975
 15145
 23654
 11561
 17526
 11084
 25870
 20861
 16659
 23105
 14059
 22424
 17201
 13505
 10687
 15457
 18083
 10946
 19160
 17505
 7009
 6795
 8498
 19602
 6990
 24358
 23966
 13845
 6423
 13079
 17282
 16579
 8318
 17389
 14208
 8934
 12568
 10935
 16539
 10665
 9811
 8921
 14136
 17517
 18301
 24991
 15554
 13437
 24801
 21553
 14160
 9092
 10771
 24711
 7658
 18014
 8238
 11359
 20682
 15053
 12155
 16653
 10080
 9709
 24277
 14962
 9785
 12233
 17483
 11440
 9792
 10159
 21125
 22396
 16325
 14849
 14187
 11445
 11998
 12782
 19587
 17461
 15819
 15169
 11961
 17030
 10334
 24024
 7171
 18774
 16187
 18103
 23269
 7502
 6940
 7006
 18227
 12159
 7832
 6681
 6486
 24926
 25765
 16502
 21777
 21586
 16347
 8220
 15044
 16043
 9755
 6938
 8144
 16981
 13552
 19070
 19388
 9358
 24053
 6631
 21143
 13364
 14551
 15133
 11551
 12930
 12445
 13983
 25665
 6845
 15269
 17565
 11906
 23050
 10448
 8840
 13598
 14722
 17697
 8102
 19792
 11912
 9954
 22411
 8529
 14138
 22856
 20804
 12291
 6631
 11575
 9589
 10928
 17601
 11465
 11110
 15823
 21266
 15339
 7065
 12744
 18131
 10633
 8543
 18199
 25723
 12299
 17228
 18006
 7445
 17183
 13960
 16086
 17045
 21722
 11079
 16686
 16524
 7001
 7675
 16952
 9274
 7053
 20329
 16887
 14756
 10390
 23834
 12574
 16326
 21295
 11890
 12429
 13162
 13002
 16102
 22397
 13882
 16701
 19241
 7071
 17266
 24926
 9160
 13087
 12154
 12811
 12344
 8143
 7442
 8109
 19820
 10081
 13198
 14334
 15499
 24500
 9349
 22568
 16704
 10868
 8485
 18448
 23316
 21115
 13097
 16467
 16794
 24732
 16718
 13199
 10601
 17986
 19106
 11589
 17136
 8692
 18973
 7902
 9284
 14619
 14837
 16076
 15741
 15431
 26413
 6962
 8194
 17135
 19469
 18086
 20418
 22968
 23608
 13558
 18182
 22009
 19897
 6729
 12771
 6940
 9984
 26568
 14547
 21990
 12524
 8380
 14150
 22299
 20265
 6906
 6965
 16348
 12988
 14108
 8472
 18258
 6876
 9873
 13496
 10512
 18916
 7577
 16807
 9876
 14118
 15849
 24239
 16206
 11234
 10038
 11785
 19492
 17687
 7440
 17999
 19285
 20025
 18124
 16532
 9276
 25348
 21127
 14130
 22520
 17424
 13191
 7715
 14250
 24645
 17700
 15700
 18238
 7825
 9448
 7768
 14094
 7928
 24242
 16761
 9923
 9419
 7649
 8884
 14365
 12092
 14447
 17093
 11349
 10449
 20348
 11744
 26497
 19031
 18797
 8739
 9144
 24472
 15925
 12168
 26135
 19728
 14770
 15551
 7971
 9277
 13723
 15259
 6863
 6741
 9049
 9163
 14496
 15869
 19667
 17484
 12271
 12023
 17614
 17181
 8623
 15579
 11732
 7316
 12336
 14377
 12309
 16271
 17348
 18941
 19916
 17198
 25376
 11461
 9572
 17471
 9093
 23759
 19898
 12377
 20927
 18822
 10276
 15149
 13613
 7711
 19506
 16601
 15426
 19023
 11124
 20064
 22827
 19071
 11197
 10839
 21139
 16547
 22054
 14816
 18916
 11975
 16086
 7164
 12174
 14667
 20289
 13405
 19500
 10864
 11854
 26746
 17765
 9619
 24861
 19335
 8849
 8410
 15592
 19780
 9246
 13965
 11626
 9524
 9105
 21991
 23742
 15505
 21520
 7884
 14281
 15517
 19679
 17661
 8666
 15868
 15465
 17962
 9265
 18977
 13282
 7592
 15710
 17127
 7595
 16675
 19435
 10017
 21366
 17141
 15197
 24467
 26186
 25976
 25462
 18562
 22185
 10040
 7679
 12873
 18064
 10061
 10469
 20430
 21662
 9192
 15201
 18869
 12921
 18219
 15772
 19028
 11342
 13886
 9202
 9574
 14903
 18559
 12023
 8547
 22978
 12185
 13367
 15407
 14671
 12441
 17602
 18322
 14682
 19101
 9097
 9033
 16858
 18541
 10722
 20828
 13705
 15471
 13778
 10095
 9254
 18870
 21547
 22076
 12471
 8794
 12307
 8512
 14610
 16558
 23111
 8885
 17854
 16462
 24000
 10177
 17397
 11767
 8246
 13005
 24333
 16924
 12930
 8440
 12728
 18741
 23144
 17197
 15304
 11739
 10261
 23538
 19607
 18834
 19717
 24162
 13350
 16006
 16616
 18430
 8676
 18521
 10117
 18047
 9746
 15835
 16000
 11952
 7492
 8923
 8985
 12185
 8458
 15901
 11893
 13918
 22000
 15405
 14464
 19242
 12771
 16179
 14898
 11558
 20629
 10824
 13106
 12239
 10243
 22151
 8729
 9415
 7797
 26087
 14617
 15658
 18597
 8040
 11581
 9507
 17892
 17132
 21106
 25728
 7801
 18601
 19239
 10052
 16971
 21532
 8337
 13115
 23074
 13312
 14642
 13811
 16008
 15807
 14235
 8010
 17302
 12968
 14095
 17154
 11404
 16385
 15114
 14396
 18401
 15455
 19041
 11684
 11964
 12340
 15596
 21641
 17154
 19464
 21538
 12560
 24209
 23915
 16419
 26953
 8300
 16137
 13596
 21090
 7096
 15776
 14247
 24090
 21030
 17134
 20401
 11865
 7667
 7567
 12576
 17854
 13804
 17861
 14452
 12922
 12886
 15352
 14828
 22683
 14732
 15873
 11437
 22763
 26250
 17601
 10687
 12570
 10122
 16759
 25337
 11481
 7821
 19282
 12286
 7849
 13053
 9668
 19719
 14899
 26256
 11576
 12131
 18841
 9039
 19685
 7196
 14956
 27032
 9698
 10876
 8064
 11104
 11549
 22128
 9277
 7133
 25895
 16652
 11000
 13636
 19154
 15055
 15905
 15310
 10366
 18889
 10334
 22881
 8528
 13594
 13208
 25580
 14148
 10300
 19379
 18994
 15525
 25507
 23428
 9515
 7162
 18276
 13439
 16423
 13155
 14580
 26319
 19636
 18660
 18450
 18025
 17986
 23009
 22952
 16419
 9893
 14092
 21518
 17344
 19611
 9082
 7952
 8271
 12783
 10972
 11602
 10710
 18141
 11853
 19856
 18505
 16950
 11623
 10186
 9216
 24262
 19228
 8608
 13703
 18037
 14017
 24378
 20343
 12971
 27117
 8076
 16837
 17240
 16547
 17336
 18361
 10227
 18571
 16500
 12706
 9280
 22600
 11949
 7753
 18839
 12550
 14028
 18723
 7459
 24146
 15000
 16715
 15016
 18479
 19036
 11311
 25353
 11110
 17963
 26633
 13513
 7677
 17249
 17649
 15152
 10379
 14892
 19312
 19600
 8875
 7947
 19192
 19689
 19535
 11413
 12947
 25801
 18904
 23422
 15450
 7896
 17891
 19733
 19240
 19732
 11493
 19537
 24621
 13336
 10106
 26893
 22022
 26882
 18298
 17841
 8333
 26773
 10958
 10740
 8109
 26652
 14817
 22623
 13242
 10128
 18842
 12531
 19646
 21628
 11306
 25678
 7350
 13854
 8737
 13866
 16543
 9041
 9029
 11558
 11947
 22473
 12198
 23017
 13624
 18239
 24459
 16068
 7811
 12910
 7441
 7287
 21880
 26493
 17558
 8631
 25966
 8222
 18609
 21999
 10417
 21269
 13092
 24516
 9759
 9661
 19124
 23805
 23128
 24232
 20953
 22627
 17199
 7526
 19601
 7878
 12230
 12328
 14585
 25920
 23993
 14181
 15551
 9406
 14202
 13820
 8434
 20155
 21309
 15867
 12411
 16207
 9812
 24799
 25008
 16969
 27006
 13917
 12517
 12888
 24411
 13409
 20070
 8049
 24355
 19221
 15556
 12716
 10616
 11781
 16204
 21935
 15929
 8864
 13726
 11663
 7865
 15681
 21723
 19156
 16047
 12622
 20384
 8477
 18831
 17409
 26899
 7844
 14553
 15654
 7868
 14147
 7792
 8100
 11062
 16439
 10222
 17023
 11558
 12931
 18006
 17117
 14251
 24728
 15498
 7816
 26966
 12788
 14878
 9779
 18044
 8137
 12557
 17857
 23689
 16288
 14922
 16642
 8792
 8029
 13465
 16479
 10688
 19237
 17120
 26648
 8785
 22493
 9976
 21900
 12896
 8084
 25608
 8441
 16607
 15460
 7412
 25093
 15760
 15669
 23697
 26172
 15419
 8451
 20509
 14138
 11742
 14049
 17517
 17931
 25349
 14493
 19335
 15665
 14746
 7814
 18225
 18055
 27198
 8683
 18857
 16324
 18649
 20198
 8310
 10977
 24719
 15834
 16447
 10718
 19924
 12888
 11995
 14498
 9281
 9224
 20712
 11074
 14982
 11398
 22496
 9060
 8642
 13675
 11657
 19524
 14834
 18158
 13388
 10903
 10438
 10794
 24937
 11502
 23386
 8226
 10216
 15069
 15748
 20866
 18515
 14525
 9225
 19495
 13890
 7822
 18005
 12898
 14039
 14241
 24874
 23833
 14956
 15701
 15384
 9167
 24457
 10336
 26767
 11014
 8570
 11665
 12817
 17921
 9120
 14612
 15467
 15278
 10183
 8949
 11493
 11652
 11288
 24008
 12760
 9162
 18256
 26024
 20767
 22457
 21425
 12415
 26674
 22082
 16439
 23110
 26927
 14034
 10125
 11885
 20153
 24053
 10017
 24701
 14982
 19705
 10678
 14332
 11507
 21397
 25209
 13201
 12859
 24297
 9110
 26472
 20648
 10791
 17643
 19640
 17993
 26963
 14941
 26947
 13892
 21032
 17706
 27198
 14798
 12955
 26655
 9458
 20089
 19107
 9355
 21186
 7757
 19097
 8947
 13615
 21915
 9084
 19815
 13528
 16461
 13752
 13621
 12421
 18498
 11912
 8285
 18789
 23673
 23258
 21189
 16855
 8299
 12499
 11502
 23462
 9630
 18386
 19334
 17081
 25463
 14937
 12959
 22954
 24912
 19593
 23327
 11380
 18122
 12237
 9434
 15219
 18020
 9978
 13758
 19399
 18477
 22517
 19469
 11481
 27511
 14261
 17904
 8193
 10989
 17995
 27017
 25287
 17766
 16096
 19050
 11976
 8954
 19998
 9188
 24187
 13780
 10769
 11587
 22517
 12585
 14447
 24248
 19754
 10664
 14549
 15127
 22613
 15474
 9524
 20323
 10842
 18316
 10669
 22886
 15754
 18547
 23193
 17125
 18406
 11887
 19628
 9522
 18408
 18731
 12442
 17316
 24190
 17411
 22746
 17093
 8952
 13247
 16234
 10891
 9893
 17696
 24051
 12329
 9848
 16473
 9551
 13030
 22353
 15072
 9257
 26767
 10297
 23044
 10692
 9448
 26446
 27616
 14142
 25608
 9376
 9521
 9045
 18598
 27387
 10725
 13419
 17743
 15814
 20149
 15046
 12442
 11819
 8757
 8380
 16637
 19321
 11177
 17837
 23456
 9382
 21402
 27345
 13010
 16856
 8649
 25556
 8060
 12614
 19682
 27038
 23923
 19386
 11541
 14584
 10738
 10554
 13282
 19532
 9799
 15271
 10515
 25260
 21196
 16838
 9198
 10742
 13849
 16286
 15850
 17623
 13912
 14880
 25570
 15565
 23450
 16429
 22249
 11473
 26248
 10773
 25757
 24565
 12219
 13372
 8798
 12458
 18960
 21122
 22049
 25606
 7895
 9923
 13664
 10948
 11435
 15836
 16244
 14891
 8135
 16431
 9478
 18004
 15926
 12457
 13250
 12326
 27212
 11522
 17293
 20132
 20979
 27140
 15384
 13514
 18313
 16079
 26325
 8532
 21096
 13341
 11402
 9472
 13957
 9410
 14404
 20340
 8350
 17590
 11758
 10659
 10958
 15254
 10370
 16076
 10242
 8071
 14751
 27651
 19025
 26141
 9948
 16309
 23975
 20283
 22748
 8454
 22851
 15451
 10178
 20061
 8034
 12113
 13126
 9506
 15515
 19339
 18569
 18598
 17421
 15996
 15013
 8420
 17685
 11449
 12329
 20327
 26821
 20035
 17796
 13805
 19217
 20263
 8479
 18314
 10635
 13890
 12208
 15567
 24850
 26472
 14668
 19533
 8806
 14695
 18109
 22933
 20160
 19591
 18548
 7809
 16736
 24534
 15457
 26328
 12678
 17985
 15713
 16174
 12069
 11781
 14743
 9130
 8180
 22599
 16638
 17549
 11111
 9536
 12765
 16048
 10622
 14558
 20668
 18060
 19965
 23463
 27414
 9215
 21084
 20479
 16688
 25294
 17439
 20107
 8873
 8614
 9736
 18262
 16370
 18728
 14379
 24629
 15360
 25285
 24675
 8903
 13664
 7877
 13699
 21151
 18058
 11630
 17616
 12164
 24537
 9219
 8973
 13144
 19514
 19435
 9846
 12120
 20195
 14228
 21586
 13668
 13990
 25591
 11651
 8256
 23941
 20029
 18591
 12250
 14056
 14467
 14756
 18125
 18125
 18394
 26983
 20549
 19136
 10131
 25038
 20483
 16428
 23513
 12511
 9124
 17520
 19678
 12536
 20605
 13461
 20251
 20449
 12361
 26943
 9810
 17887
 14375
 16322
 23510
 13226
 26205
 9879
 14958
 10081
 17954
 24079
 18517
 17692
 26363
 18919
 25446
 16002
 11140
 14748
 8374
 22012
 23601
 9185
 22114
 19145
 7989
 20207
 13163
 14516
 10146
 22973
 18207
 16900
 24530
 17968
 20602
 21554
 17639
 24820
 20045
 27904
 23118
 12139
 11197
 20072
 20649
 10502
 13711
 13682
 21100
 11698
 15395
 19818
 19432
 12437
 19454
 8657
 23367
 25177
 17997
 13491
 18871
 20263
 17190
 13818
 8139
 16056
 8593
 16065
 22813
 27208
 9096
 18315
 11545
 18412
 25243
 26516
 17814
 11621
 22679
 14088
 24998
 20502
 18631
 10259
 11825
 11539
 17723
 9497
 19036
 8602
 18408
 16295
 22736
 16102
 12016
 21065
 16120
 24321
 20004
 20157
 8650
 15546
 14791
 11464
 9898
 20024
 11925
 16936
 11852
 10190
 15108
 18826
 11737
 9871
 16298
 19645
 13875
 19235
 16255
 24615
 16028
 10043
 20516
 12758
 11060
 17953
 14020
 23897
 15362
 17524
 11514
 24752
 8885
 18515
 23123
 15873
 11882
 20663
 12214
 27693
 27409
 20454
 12609
 16802
 18956
 20613
 10773
 12434
 25496
 14606
 9396
 9796
 15183
 19011
 9066
 13002
 11052
 10689
 9547
 13170
 8720
 11448
 9499
 11681
 20677
 11130
 27860
 20125
 14402
 19506
 25699
 18825
 21486
 12376
 11795
 15287
 13032
 23490
 26895
 20601
 10022
 19676
 15874
 26424
 15004
 17115
 9569
 18057
 22272
 23822
 11019
 19805
 11628
 17366
 11728
 17527
 28003
 11352
 16080
 25636
 15864
 9521
 27205
 25126
 16203
 15017
 15364
 19921
 21845
 15819
 13664
 12570
 10374
 22804
 16656
 8716
 8269
 15914
 26161
 18173
 16632
 18735
 11407
 13088
 24412
 25878
 18432
 22556
 12727
 14549
 20945
 12190
 16180
 11931
 15717
 25066
 18800
 14852
 12091
 18104
 14779
 10411
 9776
 25981
 14592
 20831
 18790
 9254
 14792
 19065
 19907
 12812
 16699
 19757
 16988
 15141
 27209
 10303
 14003
 16247
 9065
 27960
 23390
 26867
 18464
 8985
 14379
 19103
 8868
 8527
 12993
 8372
 24417
 12168
 10856
 22153
 8604
 24164
 9868
 15152
 19286
 12944
 8798
 10656
 11859
 17551
 14588
 15378
 16123
 23290
 12529
 10064
 14657
 23466
 17664
 15115
 25634
 9490
 21565
 11372
 16656
 17330
 13469
 22093
 10384
 23178
 23919
 17160
 10689
 18924
 23563
 11888
 19039
 10486
 13290
 9600
 22150
 11262
 17109
 21585
 15994
 20206
 12259
 19151
 8422
 23122
 11326
 9678
 11044
 17743
 14277
 20761
 26461
 8887
 18391
 23467
 15505
 17626
 11214
 17986
 24248
 23103
 8554
 17776
 14538
 20115
 25232
 11220
 12733
 13601
 12466
 27144
 13165
 22980
 13904
 27868
 12705
 13625
 25248
 27204
 15084
 19063
 11978
 17069
 18768
 12067
 17015
 9526
 9642
 12416
 26380
 19133
 25034
 19332
 25137
 16727
 20545
 11281
 18935
 19075
 8352
 12993
 27416
 12737
 22718
 21795
 9569
 22559
 14970
 13542
 28078
 26101
 14114
 12563
 11061
 17618
 20884
 22081
 20838
 10134
 13091
 11011
 12753
 18786
 26685
 20420
 15848
 12716
 22250
 12757
 20103
 18711
 11639
 9734
 9265
 10179
 21235
 20628
 13821
 26017
 15033
 17154
 14545
 15913
 20464
 12843
 19309
 10639
 18000
 11542
 27435
 20756
 25958
 25131
 23365
 18809
 15193
 18278
 14840
 15321
 17422
 16042
 24136
 13815
 23113
 15991
 25861
 25814
 14037
 18942
 19852
 17480
 12294
 12308
 19920
 13481
 13501
 13830
 19738
 19116
 20427
 17709
 20462
 16918
 18777
 20290
 22641
 8586
 14440
 14995
 18504
 26949
 21493
 26422
 16131
 21131
 10111
 19645
 18362
 17122
 22412
 9994
 8854
 18173
 22344
 9797
 20019
 19547
 8560
 24941
 19524
 24178
 10830
 20780
 18584
 19749
 9126
 17485
 17468
 13950
 20656
 22834
 14849
 10072
 9702
 17441
 18111
 10012
 23393
 22143
 21242
 8878
 14688
 13600
 20644
 25769
 14825
 10589
 9507
 23849
 22482
 16615
 17236
 27239
 9761
 14523
 26544
 15978
 17779
 11511
 26126
 11643
 15195
 13164
 19658
 18298
 20491
 9204
 10725
 10096
 20535
 13414
 9516
 24228
 9624
 12295
 17501
 14386
 10031
 9219
 18055
 12793
 28075
 20317
 19441
 20628
 10124
 13955
 22398
 12395
 12552
 23718
 9360
 13163
 11759
 14760
 9259
 12531
 21034
 17303
 15387
 14704
 9769
 9721
 18745
 19148
 18557
 15176
 18633
 12898
 13379
 8704
 8647
 27317
 19650
 8534
 11332
 18657
 9943
 14892
 24747
 21394
 11695
 18178
 17609
 11988
 21940
 13807
 18828
 26507
 25548
 18353
 12139
 13604
 18911
 17505
 10567
 16908
 17719
 14058
 14641
 21087
 17100
 11163
 10348
 26723
 13025
 27547
 20563
 12087
 12361
 21629
 12734
 15430
 13263
 19988
 27169
 19744
 22452
 21129
 13014
 12330
 11449
 15530
 17949
 11317
 26432
 20613
 19936
 24685
 10382
 12854
 18588
 20723
 9620
 16125
 19997
 10381
 12750
 11892
 18952
 13660
 12875
 17567
 11583
 25326
 18511
 13572
 22337
 15574
 22357
 17725
 13616
 9401
 17657
 20268
 19479
 16041
 10389
 14766
 24044
 24183
 14090
 10963
 13234
 10021
 13409
 20526
 20514
 16026
 12114
 17128
 22475
 27033
 17638
 10745
 27063
 9204
 10200
 13305
 11568
 15069
 15841
 10932
 17443
 21022
 11828
 19485
 20323
 25194
 13958
 25860
 24466
 15475
 9586
 16042
 19964
 14716
 14365
 20404
 15364
 8690
 25909
 19839
 22338
 10615
 12383
 19380
 12717
 16319
 19826
 25660
 27478
 17503
 14974
 16565
 9077
 19490
 23121
 26661
 21001
 12638
 10971
 11662
 17786
 18695
 26352
 9539
 15392
 13154
 17966
 20282
 15785
 11773
 24895
 17634
 21143
 12029
 15201
 19095
 13705
 23223
 27621
 19828
 12380
 24131
 18645
 16777
 11952
 21006
 9433
 16301
 18959
 26991
 9307
 27349
 26668
 19580
 28138
 13925
 20297
 16734
 14812
 18246
 24636
 8739
 14104
 9145
 11186
 15346
 27603
 11851
 17427
 12068
 28088
 26026
 18281
 18193
 9165
 23895
 22812
 9064
 10164
 23932
 28575
 27780
 13040
 25504
 21553
 16699
 14665
 25465
 12380
 27768
 13393
 15329
 19778
 21420
 14535
 14028
 8921
 28320
 17916
 20856
 17364
 17838
 11701
 21030
 21349
 13841
 21200
 14888
 13407
 11066
 13450
 13340
 13921
 16516
 13056
 23352
 18960
 21450
 19925
 15910
 13507
 17784
 9011
 17202
 19621
 13408
 28693
 25729
 20502
 13454
 19589
 17349
 13075
 28349
 17666
 9871
 9144
 19979
 8996
 11364
 14339
 23402
 10627
 9330
 10459
 16697
 18132
 15524
 15953
 10835
 13877
 18037
 20773
 14758
 13164
 14178
 14188
 17735
 20586
 13187
 9008
 22468
 16726
 13819
 11897
 17017
 19464
 25837
 9995
 9191
 10226
 12338
 16752
 26370
 25606
 10504
 8887
 9962
 9396
 28525
 22908
 14685
 15218
 11181
 9899
 14186
 24162
 13976
 15743
 9193
 17422
 19128
 27216
 10762
 13015
 21857
 14477
 10091
 26542
 16009
 10853
 16045
 16610
 27002
 19564
 20329
 19964
 23718
 11292
 11007
 18632
 19035
 10746
 15664
 24149
 22935
 11835
 16941
 25437
 8957
 22631
 13710
 26217
 14536
 19293
 22952
 10031
 17696
 14775
 19417
 17086
 21259
 22830
 24325
 16060
 10886
 27777
 25703
 22317
 9619
 9459
 19904
 11671
 21141
 10931
 16499
 22372
 9146
 16159
 24181
 18311
 8889
 19275
 11743
 24418
 9724
 19103
 25638
 8936
 27743
 14527
 11372
 23551
 12410
 12271
 21496
 10536
 15227
 19702
 14052
 17249
 17112
 19330
 18709
 17770
 15268
 13773
 18288
 20328
 19455
 14911
 27979
 23687
 28179
 12340
 14882
 23747
 24956
 17438
 9100
 21544
 10279
 21550
 16237
 14360
 17919
 16911
 17004
 12653
 10372
 14196
 11463
 10848
 16125
 13780
 24230
 11305
 10319
 17362
 22190
 11656
 11758
 17058
 9624
 13124
 18643
 12872
 14785
 24658
 19823
 27555
 18370
 19256
 20992
 16971
 11586
 26674
 10657
 11415
 9515
 12916
 16839
 23426
 27930
 10705
 17609
 20910
 24187
 13468
 14303
 27561
 27733
 22574
 17742
 15728
 25154
 10535
 23970
 26929
 15938
 16344
 16638
 21333
 9392
 11360
 12977
 22462
 20597
 11925
 15593
 25677
 21371
 15877
 19788
 20104
 15205
 27614
 19076
 27450
 28285
 21643
 12635
 9083
 21741
 16960
 10120
 19281
 21523
 24952
 10792
 21111
 21199
 9500
 9809
 13117
 12862
 12263
 16738
 20240
 12044
 17512
 13183
 15451
 9670
 22280
 16252
 17486
 28942
 19405
 27992
 9823
 22674
 14494
 22604
 19950
 9406
 25735
 22627
 9166
 14897
 17759
 24844
 20864
 20718
 16328
 23694
 14177
 15925
 28727
 9117
 18600
 22001
 19573
 17674
 11721
 15186
 19685
 13439
 14909
 19326
 27111
 11146
 21381
 15491
 14108
 24441
 13196
 15985
 15787
 17256
 20365
 23430
 15459
 22039
 13878
 10249
 19458
 9216
 12715
 9403
 12630
 28199
 20846
 17675
 21282
 11571
 9629
 27913
 13539
 28732
 12252
 27677
 18803
 16357
 25173
 18553
 20462
 10251
 20701
 19564
 22740
 17022
 13721
 14489
 9678
 22929
 12224
 11143
 14099
 11085
 21091
 18874
 13741
 12875
 21898
 20802
 23480
 11169
 14017
 19826
 14411
 25851
 9940
 22611
 12987
 19694
 28406
 12890
 14812
 16778
 22120
 16600
 16489
 18734
 19767
 19121
 22694
 12705
 22983
 17584
 13123
 16734
 21359
 19128
 14180
 10510
 11685
 17021
 19583
 21021
 21116
 13812
 17990
 11462
 27243
 11113
 20741
 12720
 15216
 14288
 20142
 10941
 10421
 23614
 15667
 27456
 25969
 17592
 10836
 26735
 13778
 11052
 9210
 20154
 12505
 15871
 15651
 14811
 18983
 13734
 20671
 19470
 16855
 13049
 19545
 24099
 25675
 20229
 18043
 11857
 12204
 9442
 27947
 24301
 24652
 9956
 22106
 22043
 9486
 24917
 13856
 19492
 11081
 24163
 11008
 23594
 10441
 9557
 16049
 9656
 14806
 15012
 17631
 13117
 9625
 26088
 12239
 12474
 25596
 9841
 20675
 10713
 24593
 19799
 25917
 20289
 18870
 17812
 17446
 9608
 17175
 27024
 11089
 28392
 16372
 9597
 10364
 15861
 13541
 17092
 14551
 16333
 21788
 13919
 17321
 22353
 11978
 29001
 19887
 17172
 27908
 18195
 20389
 9457
 12839
 24953
 21322
 12514
 25978
 27732
 13759
 11054
 21747
 11825
 19761
 9954
 17212
 18402
 11703
 28484
 26039
 17363
 19294
 28004
 17568
 20191
 9795
 15827
 27858
 21540
 13120
 16184
 14061
 10837
 17675
 14817
 28791
 24783
 19323
 11991
 26656
 27566
 17389
 15542
 16682
 23680
 9446
 16411
 21704
 23386
 17113
 19550
 20166
 20170
 19691
 28002
 11402
 18093
 17686
 10443
 16442
 25441
 27691
 12143
 11582
 11678
 20059
 10704
 13991
 10081
 11896
 28841
 14897
 10761
 16183
 13255
 21316
 28933
 14841
 13562
 24033
 14029
 22954
 28172
 26779
 17297
 15817
 11537
 14787
 10255
 14058
 15200
 28297
 18889
 17240
 10625
 28544
 24693
 12735
 18663
 19682
 26391
 19977
 16128
 10771
 29132
 13958
 28170
 10218
 17608
 15762
 10152
 26157
 14339
 19858
 21718
 11965
 15280
 18399
 16761
 25298
 19374
 20710
 16283
 16456
 16514
 20527
 10773
 20794
 19460
 20701
 24653
 21261
 10169
 13013
 18787
 29361
 29025
 16034
 19751
 14883
 14482
 17144
 25101
 23350
 13925
 28888
 15811
 13204
 18799
 19444
 15394
 13824
 20979
 26484
 19203
 25341
 14933
 28663
 20212
 23028
 18386
 12158
 19499
 18290
 19855
 16645
 19163
 11824
 15151
 16467
 14021
 25432
 15241
 16277
 23664
 24196
 20761
 18150
 18171
 17672
 14518
 19921
 20403
 24563
 21732
 23418
 17729
 21842
 27211
 17882
 12901
 17719
 16711
 9577
 23977
 12792
 15873
 16097
 24239
 25402
 17822
 10817
 18028
 19983
 17559
 21103
 14041
 17822
 10121
 24482
 13704
 16706
 23853
 22078
 25556
 9493
 10058
 17825
 26652
 17007
 15626
 16766
 25745
 13417
 15275
 11400
 18190
 10951
 9559
 21713
 11176
 12342
 27414
 10611
 21541
 15282
 21090
 19151
 16306
 19436
 10107
 20693
 26640
 16873
 19132
 24355
 13102
 13902
 18286
 19217
 14557
 11578
 11675
 17324
 14752
 13685
 22214
 10337
 10498
 21416
 27001
 21725
 16237
 20973
 27135
 21650
 26424
 10537
 29171
 10301
 27936
 19254
 19961
 13862
 22235
 10598
 21900
 12008
 11625
 21924
 13271
 16913
 25515
 17693
 16071
 12844
 18873
 13696
 16800
 15069
 17518
 11458
 10736
 16717
 18631
 20165
 25793
 12935
 17260
 21882
 14355
 25089
 23822
 13572
 13449
 14271
 21234
 25535
 22915
 20948
 25420
 27169
 25772
 17899
 10160
 22720
 20437
 25574
 28932
 16404
 18369
 15780
 16890
 23582
 19746
 19624
 29437
 12105
 25028
 13271
 25194
 16847
 18409
 26403
 23490
 17535
 15477
 12006
 18172
 13502
 14922
 26672
 25120
 27628
 21079
 21733
 14609
 25417
 16684
 11809
 20394
 12536
 19090
 18622
 12813
 11682
 15001
 21271
 24376
 12286
 19313
 14669
 16858
 10959
 19548
 22250
 11108
 15759
 25476
 14820
 14146
 16011
 27114
 9797
 11532
 16302
 17311
 12872
 11544
 14242
 14870
 25734
 18899
 11668
 16729
 11250
 17744
 19352
 13915
 24834
 29344
 16750
 28718
 25104
 25443
 25603
 10742
 20223
 21021
 11706
 14014
 10273
 20204
 18732
 12361
 21592
 15641
 12270
 16492
 21116
 21901
 21811
 19802
 19421
 14726
 11153
 16351
 28362
 19627
 14344
 23122
 11377
 22108
 22080
 13380
 19591
 19629
 17394
 15870
 11338
 19444
 14922
 24491
 21893
 19489
 17035
 11057
 20148
 14766
 15156
 22406
 13929
 14871
 23202
 19968
 11758
 10028
 27190
 26925
 22316
 12965
 19640
 25700
 27083
 10613
 10940
 19036
 21883
 14657
 14340
 20796
 18963
 17235
 9958
 20371
 21944
 25098
 17680
 21737
 14208
 29172
 17897
 17205
 25814
 26207
 17657
 18608
 17825
 17133
 18219
 11945
 12513
 13286
 16850
 13947
 17722
 14674
 19307
 11484
 18932
 21255
 14146
 27832
 13281
 15423
 20215
 17950
 18657
 22222
 15425
 10456
 12099
 23763
 21203
 15873
 14477
 27149
 28575
 22642
 19517
 25776
 14297
 20509
 19857
 24375
 10045
 22142
 14180
 11516
 25396
 20430
 11962
 11174
 16978
 21274
 27902
 19683
 11331
 19124
 20073
 26006
 10888
 14184
 20038
 20850
 11869
 11762
 24660
 22728
 21821
 28206
 11084
 17565
 20487
 20079
 15683
 23808
 14690
 28245
 10770
 15770
 11807
 11801
 16468
 15495
 28863
 21866
 28784
 20324
 20565
 11389
 17432
 10922
 19916
 17408
 22129
 21850
 9996
 12752
 24308
 19000
 20185
 20652
 17428
 18749
 15165
 12649
 18369
 17416
 21480
 19431
 15852
 13941
 16149
 13732
 11148
 28017
 11054
 19568
 14240
 12301
 25714
 15073
 17942
 12465
 29750
 9992
 16524
 23890
 16234
 25091
 15637
 23046
 17853
 21780
 28574
 18520
 15556
 11346
 27793
 24824
 12503
 24862
 15674
 15477
 29340
 10585
 23432
 23565
 14505
 28020
 13238
 13508
 12356
 17800
 28619
 28851
 10093
 14856
 10334
 23203
 11774
 20627
 16830
 10202
 11473
 22606
 14130
 17941
 13891
 29362
 27036
 13911
 26776
 17377
 27139
 21697
 15615
 16159
 15025
 10755
 16023
 15615
 21562
 20945
 24914
 25563
 26910
 17625
 14809
 13064
 11953
 13428
 11120
 18505
 27577
 22363
 14620
 16131
 21591
 9949
 28482
 12721
 13450
 13582
 13009
 11800
 13968
 13026
 12515
 13246
 16367
 11994
 13184
 19959
 12883
 29021
 22820
 9952
 24536
 11819
 14690
 20432
 25963
 18382
 14857
 16235
 29068
 16914
 25030
 11801
 10807
 10423
 25417
 25815
 20355
 13765
 29612
 12172
 17769
 11135
 18130
 15774
 26633
 12410
 29421
 16805
 18762
 16784
 11587
 22625
 21954
 18256
 17457
 10920
 10997
 28217
 11344
 11395
 18464
 12263
 10135
 22745
 19512
 27116
 16865
 20332
 15342
 10947
 13617
 13443
 12502
 18497
 11091
 23271
 13737
 23692
 10629
 14962
 10344
 13457
 10038
 15300
 21121
 17553
 13293
 11544
 21879
 28796
