 2805
 10920
 1423
 3354
 6968
 11331
 6481
 15481
 9615
 19145
 9509
 17582
 13145
 13417
 10509
 1767
 4226
 18160
 13293
 4160
 5669
 10367
 10840
 6521
 3920
 12252
 9033
 2316
 7143
 1992
 463
 6653
 16684
 13618
 12909
 11539
 11165
 1578
 4160
 8454
 11998
 3224
 4866
 17113
 17593
 10894
 9999
 6249
 12099
 2555
 19718
 14663
 17664
 3586
 9426
 10691
 8810
 9898
 4266
 7721
 1294
 3287
 790
 15601
 6840
 18585
 11507
 11089
 19313
 291
 9944
 1686
 17733
 15935
 2106
 435
 11722
 1695
 16877
 9880
 11357
 9687
 6796
 5543
 12591
 12426
 666
 2179
 3584
 2371
 3274
 2570
 4811
 11877
 1533
 10405
 3203
 5924
 5098
 19325
 412
 8662
 12290
 1840
 7789
 4260
 14004
 4644
 6900
 8837
 3054
 6811
 7738
 8845
 390
 9096
 10681
 9921
 888
 10817
 1403
 16687
 13201
 854
 2213
 11772
 9931
 10305
 7316
 8573
 3065
 1822
 390
 11562
 19238
 14685
 1981
 2480
 2073
 7861
 2495
 4551
 11100
 8603
 7522
 9379
 7869
 16947
 3558
 5550
 2612
 9383
 10435
 12694
 9926
 10358
 3876
 10659
 11114
 19182
 10196
 12299
 17994
 5181
 7640
 10313
 3948
 8932
 15133
 8780
 9329
 9229
 3732
 11980
 3165
 11455
 17531
 6243
 18105
 3440
 5311
 10777
 12406
 16986
 10462
 3072
 3603
 1585
 8177
 5441
 4256
 5556
 1705
 1238
 9507
 2561
 1946
 8218
 4699
 17934
 918
 10334
 7524
 8917
 18299
 1790
 6523
 8976
 10671
 1683
 3170
 2246
 19722
 7978
 14725
 8452
 3510
 6101
 7582
 4368
 4883
 2240
 17494
 2586
 5022
 6823
 429
 9843
 20018
 10565
 4893
 6914
 783
 10992
 9914
 8117
 10810
 15556
 13564
 6645
 14854
 1853
 2175
 9758
 9201
 14281
 4682
 4941
 10450
 12893
 2256
 11258
 7922
 16391
 13012
 6376
 11096
 6084
 7856
 16699
 8266
 6323
 280
 4042
 9488
 1897
 5722
 9044
 2811
 9606
 14569
 20119
 9606
 20200
 10202
 16159
 11388
 16030
 4206
 3325
 5466
 1856
 3985
 8600
 6454
 6910
 18114
 12136
 9729
 8886
 10388
 6592
 2793
 906
 10037
 3819
 7874
 7025
 11213
 2171
 5541
 11180
 12169
 9694
 16697
 10235
 11065
 5426
 8082
 3250
 13110
 12346
 17751
 2535
 10632
 9298
 1032
 7565
 10759
 12479
 12960
 3461
 17057
 4011
 11095
 1715
 1851
 9231
 11788
 3183
 5851
 17297
 8865
 15038
 8582
 13073
 9510
 16608
 10085
 2559
 5243
 715
 9101
 19855
 15344
 10072
 3263
 1743
 1903
 8572
 1261
 17432
 4445
 12570
 16702
 8931
 10365
 18134
 5140
 4062
 3158
 18317
 17836
 14175
 10646
 6852
 2214
 12601
 3670
 11262
 1318
 8045
 11295
 4114
 16698
 9410
 6829
 1372
 9980
 2584
 16244
 3827
 12282
 1657
 8385
 10107
 1364
 15121
 14722
 10460
 3366
 13343
 17224
 2130
 9640
 11885
 20140
 7046
 5522
 2493
 19184
 4509
 13091
 16164
 6055
 11120
 3844
 9212
 8567
 17244
 7624
 7796
 15390
 1978
 11607
 4458
 3987
 10034
 10124
 10140
 7982
 8203
 10651
 8443
 9771
 8230
 12470
 12226
 3531
 6956
 8850
 19910
 5532
 13957
 11398
 14989
 4570
 1387
 5300
 6564
 8533
 18558
 1771
 8844
 13141
 8121
 12140
 8084
 9307
 11909
 19723
 9805
 10890
 8397
 7929
 5370
 9894
 17521
 6272
 9094
 3932
 12670
 13198
 13883
 3810
 8350
 7573
 848
 13280
 5485
 19250
 11715
 4175
 19020
 13965
 5447
 1921
 3801
 4672
 8351
 15714
 2590
 6716
 10956
 2813
 13448
 6792
 15843
 7234
 3739
 6956
 6339
 6918
 13957
 845
 10853
 2891
 10960
 10617
 11092
 15554
 1500
 10694
 6784
 10094
 5165
 12789
 3886
 14923
 12544
 12349
 9554
 2351
 20067
 16390
 11456
 3887
 6054
 16722
 17918
 4741
 11757
 10243
 14366
 9457
 15335
 15801
 1899
 4958
 8964
 3802
 11330
 4455
 5666
 9751
 11300
 17593
 1896
 17261
 18696
 11194
 1559
 10665
 15094
 1674
 2398
 10000
 10193
 12873
 7053
 14014
 19829
 18682
 8205
 9516
 4610
 18214
 5006
 3352
 8278
 5508
 11296
 11904
 6498
 17207
 1734
 9966
 2198
 2360
 8647
 6203
 5439
 6710
 12807
 13005
 5778
 19452
 20470
 17539
 7081
 5458
 4807
 5619
 14445
 13094
 10852
 5201
 9524
 4012
 7616
 6675
 17582
 7811
 10797
 2898
 11483
 731
 9903
 6164
 1055
 15092
 8753
 8872
 13464
 5448
 19158
 5105
 7055
 1996
 10771
 3271
 3053
 19794
 11355
 18074
 12049
 10867
 3066
 6456
 9823
 12907
 2567
 19601
 13114
 1221
 7604
 4570
 13269
 11641
 1287
 2127
 6855
 12564
 7310
 1564
 7613
 4471
 8238
 10589
 1780
 1698
 9853
 12964
 12840
 5426
 7953
 8571
 7558
 9896
 2744
 11179
 20009
 4044
 5705
 2780
 10051
 8402
 7451
 7902
 8793
 17948
 14517
 2919
 17685
 12096
 6086
 9310
 19286
 1611
 4118
 5432
 10218
 11494
 19868
 10049
 1119
 1593
 12305
 1118
 13303
 14157
 11684
 6000
 2842
 10102
 3792
 14746
 976
 19792
 8908
 19847
 1551
 17353
 4673
 9798
 7345
 4320
 8609
 7576
 15370
 20557
 20085
 17964
 4505
 19329
 8568
 3303
 10205
 4463
 11331
 15914
 6250
 939
 6216
 19055
 2107
 9617
 3875
 11925
 10346
 11913
 3373
 14396
 1598
 4490
 10515
 10834
 8741
 7645
 16775
 4400
 9314
 7460
 13109
 7167
 6952
 4762
 11001
 19167
 12360
 12668
 6703
 7208
 8007
 841
 1035
 7218
 8148
 3590
 3914
 17555
 5560
 1829
 7848
 1511
 8943
 3686
 5555
 11989
 12182
 12094
 18080
 11023
 10054
 18168
 14909
 11610
 11744
 7898
 13351
 11119
 8104
 10697
 18237
 7137
 17591
 19471
 3668
 8863
 6796
 4412
 3853
 18301
 13123
 12682
 12164
 5422
 10153
 3430
 19753
 4341
 18159
 17164
 20084
 7421
 20317
 19921
 885
 14980
 3240
 9383
 9098
 15839
 10055
 18269
 13269
 12954
 11426
 1285
 14477
 11104
 12140
 12475
 7315
 20410
 16947
 9858
 13448
 20795
 12821
 1904
 6750
 11323
 6262
 6733
 3180
 7841
 3855
 9656
 1189
 11623
 10441
 17643
 10091
 17049
 13546
 12033
 10047
 19806
 10575
 11284
 6653
 4251
 17595
 1259
 19910
 15252
 11119
 10356
 12734
 9332
 12795
 8686
 7704
 1486
 19027
 6923
 6126
 9733
 18213
 14004
 4117
 9929
 6986
 12718
 2704
 1667
 7708
 5563
 8804
 2420
 13511
 2244
 6220
 11193
 12066
 12245
 16462
 12081
 1600
 18953
 18349
 1473
 12482
 8584
 1920
 1272
 18095
 15470
 7747
 4815
 3655
 3758
 18253
 14484
 11156
 16887
 9986
 3655
 9922
 3829
 11754
 13411
 17809
 11323
 4802
 5249
 12713
 11072
 8241
 6970
 4525
 6504
 11453
 9164
 9778
 10565
 3455
 9471
 15282
 5116
 6932
 13544
 12540
 6637
 10325
 16686
 18639
 4046
 9514
 7403
 11367
 19799
 4795
 4980
 16758
 12387
 6855
 8477
 16023
 20309
 8504
 12183
 2367
 11641
 11574
 14779
 16373
 14989
 8347
 17228
 7043
 1919
 20935
 17880
 14413
 7289
 1814
 5823
 2530
 3099
 11694
 11576
 11473
 12295
 10269
 5519
 2750
 10915
 9667
 9971
 1204
 6682
 1419
 6800
 6077
 6308
 12768
 13272
 12208
 10216
 10782
 6343
 7243
 5247
 19846
 15751
 3681
 12826
 3414
 3537
 13333
 9030
 12536
 9109
 16232
 15375
 5274
 4700
 11120
 12932
 3358
 2028
 6793
 12153
 5906
 2252
 5712
 15762
 12995
 17257
 11022
 10463
 19694
 5432
 14385
 20546
 6584
 6588
 4705
 1753
 16734
 9354
 13426
 4600
 6415
 3372
 7125
 7255
 3352
 2851
 10772
 5004
 3648
 11216
 1278
 4538
 10102
 6165
 3199
 18570
 17511
 19159
 7572
 17944
 13237
 6534
 11614
 8274
 4132
 11329
 1173
 9501
 10903
 2388
 9822
 4185
 2234
 4771
 6656
 10309
 1729
 10955
 11859
 7013
 6321
 20071
 12474
 6883
 5821
 7441
 8947
 1077
 4405
 14601
 12109
 13502
 6009
 1275
 12249
 2199
 6612
 6876
 5028
 13966
 5959
 5173
 19716
 11631
 7267
 19683
 11120
 2147
 12380
 1278
 5333
 4919
 5530
 12632
 9222
 11934
 6865
 5641
 14164
 8473
 10131
 13481
 14207
 20438
 1828
 13629
 8715
 7703
 15439
 4406
 3702
 4437
 3928
 7062
 4938
 2404
 14385
 15988
 5070
 19000
 10960
 2274
 3393
 6920
 15489
 8909
 3082
 18291
 3480
 10980
 18537
 13728
 11210
 8893
 18930
 6218
 13725
 18229
 3612
 6876
 4861
 18295
 11189
 12665
 8816
 15294
 4728
 12511
 3756
 10302
 6849
 19565
 2343
 1984
 11808
 5603
 3247
 8716
 10477
 12552
 7900
 14956
 20859
 17586
 4227
 8206
 12367
 15233
 11180
 9291
 9715
 18957
 7494
 9958
 2502
 1794
 8313
 9463
 2967
 5737
 6684
 20744
 3058
 6697
 6152
 13567
 6521
 3021
 8685
 9534
 12247
 5479
 3268
 5255
 17329
 12405
 4132
 13060
 14398
 1572
 20121
 11686
 18905
 5427
 16018
 4012
 13684
 10201
 6554
 7047
 15407
 4713
 9001
 1404
 1321
 5716
 12923
 8073
 20885
 5615
 10050
 3115
 14097
 11992
 7479
 1919
 1556
 18323
 11479
 2759
 13158
 9018
 21228
 4336
 20469
 13844
 15945
 19346
 9029
 2117
 9658
 10647
 20743
 7079
 14907
 7872
 15821
 20566
 2408
 3364
 12892
 14834
 5653
 8250
 4451
 3937
 7647
 4570
 11787
 16020
 14115
 16415
 10576
 7211
 18861
 15119
 21104
 12315
 18387
 3582
 13857
 9774
 5731
 9679
 9543
 16555
 14202
 10013
 3462
 10424
 9111
 13497
 17941
 5438
 13872
 8629
 18292
 8396
 7331
 10721
 10911
 12254
 5487
 9107
 4067
 6559
 6596
 5964
 12145
 2253
 7288
 13081
 14513
 4028
 13788
 9751
 17017
 10174
 16751
 8123
 14941
 5857
 5681
 6576
 3305
 12729
 4218
 13282
 6093
 11072
 13771
 15771
 19224
 8795
 4645
 17420
 17608
 8863
 19993
 3919
 2337
 18388
 6657
 12938
 3901
 3736
 2061
 3286
 8546
 5511
 5248
 9537
 14746
 7130
 12284
 1361
 19199
 10861
 13498
 16138
 12117
 7366
 1727
 14706
 14429
 11794
 3468
 13906
 3431
 7314
 5525
 19456
 17831
 15991
 11636
 9755
 17644
 13609
 6302
 13366
 14157
 13454
 20758
 17561
 15620
 4201
 12769
 1732
 2176
 16225
 11354
 3701
 8885
 2372
 16871
 20396
 18871
 4108
 13900
 5389
 7559
 3105
 17182
 17094
 3884
 3646
 4666
 18866
 17926
 8056
 13175
 17117
 8512
 5436
 11642
 9769
 11332
 11192
 20201
 11152
 4499
 16830
 18561
 12907
 8245
 12581
 6859
 18066
 19533
 5744
 13485
 1893
 4272
 8818
 19869
 12010
 1464
 10482
 21020
 17112
 15189
 16716
 13024
 7860
 10915
 13432
 11858
 6938
 9441
 19151
 9626
 10974
 10305
 8459
 10423
 7731
 11996
 9710
 8564
 10828
 20808
 11718
 12599
 13249
 16108
 13967
 20475
 4500
 17874
 6170
 1568
 10069
 13662
 7853
 16482
 11267
 18079
 8266
 8200
 4116
 12996
 16053
 7005
 7670
 2833
 7440
 13380
 2582
 8498
 4105
 15304
 21378
 11727
 4822
 19986
 19722
 12160
 4992
 2334
 14444
 3363
 11998
 5552
 19281
 13068
 6659
 5091
 19825
 4124
 3003
 5826
 5086
 18837
 19569
 5819
 12832
 6572
 3413
 8400
 4445
 7136
 8573
 9616
 3067
 11499
 6697
 11686
 3080
 9783
 10795
 3536
 12378
 20050
 5959
 13971
 13331
 6917
 13559
 9612
 9448
 20577
 15090
 9962
 2370
 17595
 11534
 3227
 10404
 6810
 4867
 7588
 5197
 5550
 5618
 10485
 8833
 5667
 12294
 16571
 12131
 7351
 6138
 20312
 21190
 7464
 3196
 11728
 11236
 15281
 7600
 10022
 8398
 18071
 4215
 13127
 9990
 8159
 3473
 12836
 9449
 11778
 9761
 3110
 9297
 7939
 16369
 6109
 2266
 8256
 4342
 1881
 13347
 4264
 6548
 3645
 16119
 2541
 13861
 3793
 11821
 20953
 10294
 2743
 10060
 10181
 3379
 11744
 17939
 17672
 3844
 17472
 9688
 7117
 20440
 12735
 4400
 13992
 17185
 19441
 13775
 12394
 6111
 7689
 20240
 13715
 6178
 6505
 10294
 6856
 8650
 15197
 17108
 20517
 7314
 11721
 7402
 9588
 4429
 9535
 10481
 19838
 18031
 1942
 4889
 3106
 14254
 14296
 6897
 4420
 8586
 11578
 4423
 3080
 12491
 14129
 7825
 11615
 8875
 20003
 1963
 6625
 4340
 9340
 10625
 11580
 14027
 13506
 4048
 4683
 6989
 15819
 20616
 3851
 15576
 20270
 12244
 1898
 9101
 11223
 14685
 6496
 15253
 11135
 20396
 8259
 7842
 6939
 14319
 13206
 15415
 2771
 8958
 5473
 11018
 2454
 11870
 5543
 9961
 17708
 15973
 10195
 18459
 12748
 17311
 5461
 8489
 17392
 8529
 15820
 14493
 19781
 7164
 10212
 4329
 4871
 7460
 13282
 8138
 11917
 4978
 9213
 3503
 17121
 12535
 4432
 13781
 10835
 7377
 9293
 4341
 4846
 4275
 11028
 5088
 2538
 3808
 8676
 20169
 12996
 8408
 1841
 2180
 1835
 12470
 12119
 19886
 12604
 9273
 9838
 17133
 6001
 8258
 9694
 7769
 7349
 7997
 3637
 3804
 3611
 19652
 3511
 3318
 4656
 7936
 16725
 6435
 5773
 19313
 12993
 16481
 3218
 18896
 7105
 2764
 19312
 7475
 17026
 17389
 6757
 1841
 12558
 4659
 20653
 14118
 1889
 19776
 21431
 14073
 11705
 11111
 13814
 7165
 9900
 9972
 16089
 12757
 7007
 4301
 8638
 4539
 10004
 7447
 6178
 4898
 5091
 7389
 19739
 5018
 3532
 14764
 7274
 4597
 13483
 8322
 5707
 6792
 10670
 20777
 9327
 9075
 18051
 7966
 10700
 15428
 3957
 4311
 7315
 2425
 20697
 4869
 11843
 14470
 21252
 12789
 10908
 10902
 12223
 2205
 3478
 17748
 11262
 6870
 3315
 18252
 16525
 19044
 16594
 13710
 5323
 16190
 10213
 9203
 20572
 5482
 12966
 13155
 3898
 10504
 15717
 4054
 6796
 9331
 14469
 21753
 7610
 16387
 8424
 12052
 2335
 10518
 3720
 8745
 8095
 12720
 20488
 6944
 3003
 13824
 16042
 3809
 7235
 21126
 19714
 3009
 16268
 9778
 13834
 3329
 20034
 7950
 2359
 6034
 11711
 12191
 13964
 11614
 5437
 11816
 4495
 3075
 8360
 12335
 6489
 2593
 10168
 8260
 8081
 19927
 18878
 4671
 5147
 7529
 13276
 14857
 9900
 4164
 12314
 18590
 12129
 4901
 12630
 14674
 3057
 7415
 13723
 21266
 9537
 19707
 4886
 4044
 3031
 9357
 6181
 6513
 16177
 5380
 12944
 4665
 2902
 6042
 7517
 2440
 5069
 16813
 6879
 6352
 7596
 4230
 14990
 4663
 12276
 18328
 21277
 18395
 10076
 5131
 8520
 4915
 17066
 8729
 4364
 6039
 2697
 10328
 3548
 10755
 4472
 4698
 7376
 18967
 12671
 12017
 9697
 5763
 2568
 6807
 14195
 14274
 10539
 7117
 6289
 14052
 5993
 5570
 21056
 9297
 6590
 8470
 9197
 4810
 6961
 4576
 8840
 9394
 18606
 14381
 5621
 12237
 8662
 4106
 12672
 3431
 14324
 16932
 10833
 12120
 17236
 19693
 20704
 3143
 18447
 16322
 14539
 18893
 3370
 4555
 20838
 16188
 8832
 6306
 13490
 3168
 2461
 7415
 18769
 15396
 15084
 11188
 2201
 16983
 18867
 8669
 7367
 14480
 19550
 10522
 8214
 8464
 14265
 20856
 7376
 11016
 13026
 18764
 11011
 19099
 12862
 14714
 10520
 3109
 5642
 18165
 3777
 21052
 10709
 13384
 15632
 2261
 5677
 13844
 13264
 4330
 10807
 12187
 12718
 12699
 10947
 9341
 9303
 18898
 6143
 9952
 16201
 21804
 6891
 20949
 11618
 7893
 11916
 16984
 8254
 5491
 18917
 8697
 12607
 21766
 7843
 12889
 14701
 5134
 7608
 15031
 5121
 6925
 13034
 9964
 3772
 13902
 5869
 7827
 11741
 9767
 3726
 2605
 2963
 9115
 7409
 14499
 11376
 4579
 7422
 8270
 5983
 8462
 8695
 2132
 4407
 7462
 13902
 12307
 12271
 16085
 5620
 18083
 19796
 12424
 6933
 13271
 9370
 5299
 12578
 11077
 6736
 20726
 3471
 8710
 4471
 3486
 5630
 8927
 13780
 3470
 8027
 19745
 3907
 14079
 4234
 13359
 8238
 8069
 16222
 19518
 20127
 16885
 2603
 5921
 11187
 14564
 13950
 14886
 13839
 11026
 6860
 5466
 6743
 17511
 21896
 14132
 5789
 5148
 7353
 13329
 3126
 4957
 20747
 5788
 8787
 8557
 2309
 4081
 16111
 12362
 13275
 11138
 9380
 13459
 16196
 6585
 10596
 13160
 6671
 21855
 8068
 12145
 2641
 6332
 5019
 6402
 15586
 13472
 5772
 18493
 22058
 14689
 4959
 15512
 5430
 7814
 2871
 13344
 5071
 12196
 19136
 4126
 5293
 12519
 13863
 21433
 13255
 13235
 13967
 15804
 12206
 4427
 11201
 12186
 14139
 15825
 3299
 14224
 12262
 8368
 18764
 17609
 15673
 12343
 11159
 16615
 7524
 3206
 9430
 8513
 14962
 9646
 5833
 5992
 9180
 10516
 6736
 20590
 11548
 16918
 14653
 3401
 8805
 14354
 3405
 6068
 13713
 21219
 2424
 8344
 14171
 10892
 5671
 13513
 8878
 16282
 11013
 15827
 12541
 5317
 12761
 16599
 5333
 19032
 14900
 2832
 16368
 20722
 3878
 20411
 9131
 8268
 5109
 17398
 14778
 4891
 13105
 11176
 8475
 14904
 13409
 7746
 7464
 7390
 8418
 8612
 13265
 3315
 11218
 14019
 11593
 7307
 3720
 4298
 18752
 2538
 4134
 3902
 3889
 20233
 7729
 7303
 9436
 8571
 6272
 5323
 21271
 10800
 15284
 3517
 9217
 7161
 13607
 20886
 12823
 12940
 17192
 13315
 7946
 13675
 3109
 7072
 3088
 20000
 15882
 15234
 19770
 5772
 14282
 13467
 21607
 14881
 8986
 11834
 16183
 5932
 5414
 2481
 12259
 17271
 13183
 14331
 8714
 7853
 8850
 7837
 16527
 4127
 3199
 16652
 10177
 8871
 8199
 15248
 22107
 14028
 9383
 2728
 9389
 8389
 5189
 9102
 4986
 6465
 19369
 7036
 4005
 19111
 19982
 10255
 10085
 9305
 5529
 11787
 16192
 4734
 4073
 3679
 3223
 6271
 18671
 17354
 4735
 12146
 14336
 21053
 12720
 10454
 5384
 9795
 5057
 20703
 19650
 8928
 9555
 11059
 4389
 10102
 16748
 11987
 19297
 17805
 11623
 7870
 3147
 2675
 2859
 10674
 14389
 15106
 4857
 13428
 9633
 11074
 12842
 15251
 5079
 13071
 2904
 10152
 20533
 5308
 6204
 18144
 19559
 4375
 9208
 6237
 5047
 15151
 20245
 8025
 2854
 13140
 17648
 2669
 12348
 14557
 3601
 10898
 21245
 11056
 18972
 8390
 17597
 3166
 6635
 6129
 8629
 7660
 7932
 17192
 18037
 11674
 8711
 8497
 16988
 5725
 17907
 12776
 21671
 13231
 4009
 8578
 14790
 6506
 3464
 4912
 14933
 20849
 2523
 15750
 14570
 19312
 8712
 8220
 10634
 10373
 5771
 5077
 12289
 12798
 8674
 4383
 9361
 11621
 4906
 17434
 8650
 12730
 22442
 12956
 4540
 5087
 12302
 12884
 11113
 12538
 15511
 14541
 19262
 4662
 18481
 13462
 10627
 15435
 4517
 13184
 5073
 4671
 13584
 11975
 13539
 11469
 18836
 11572
 19760
 8645
 14637
 10210
 8665
 9524
 15207
 3329
 16030
 2854
 13070
 19768
 3542
 8105
 7525
 20237
 7486
 11572
 8475
 4617
 15857
 21063
 20732
 5048
 11033
 16661
 15396
 4591
 20037
 7199
 17721
 16273
 9979
 17635
 10361
 2739
 15792
 22485
 8657
 9182
 21238
 6668
 10703
 13173
 10133
 8929
 6075
 12184
 4478
 18547
 17026
 22153
 14107
 5614
 13459
 12621
 21355
 12174
 12974
 5812
 18541
 9598
 4696
 8572
 7322
 10406
 10356
 10515
 13432
 16836
 13615
 6236
 19052
 9754
 11579
 14933
 6351
 5737
 8863
 16534
 7205
 12252
 12332
 16892
 13866
 17352
 9939
 15142
 8206
 15666
 11765
 16416
 5987
 14354
 17499
 8990
 7348
 2934
 5512
 14155
 15160
 18346
 8203
 2787
 9383
 6103
 4057
 19230
 10604
 8105
 20890
 6479
 9820
 3510
 19043
 4779
 2726
 19548
 10244
 6125
 4779
 6825
 4739
 3993
 11184
 6625
 21161
 12319
 6642
 19196
 19771
 4931
 13657
 13326
 14444
 10331
 5936
 15563
 7409
 5369
 20403
 13386
 19989
 5642
 11338
 5609
 16557
 14109
 9526
 21554
 21743
 15048
 6986
 9500
 8543
 19560
 5884
 8725
 6314
 9319
 2811
 9023
 15223
 20931
 11778
 14168
 3354
 9100
 5134
 13214
 2891
 5006
 10669
 5011
 9590
 17456
 7960
 3230
 7956
 5532
 11139
 13266
 2938
 5664
 2834
 4466
 9041
 20948
 8174
 5205
 21958
 17790
 7255
 11943
 3170
 10898
 22556
 8273
 9853
 13598
 15498
 18297
 20974
 13221
 20962
 6956
 18727
 15785
 20750
 16284
 18303
 3118
 5684
 10661
 12399
 10461
 10283
 16660
 15777
 3879
 11854
 6698
 11621
 5963
 14096
 9949
 9670
 3162
 5359
 21887
 21693
 8760
 8267
 6979
 8580
 6373
 21017
 3742
 3726
 8765
 20723
 3307
 16341
 10525
 4850
 4722
 8756
 10663
 6623
 13481
 5815
 14728
 9830
 4378
 9967
 9111
 9548
 9191
 11690
 3937
 15266
 21804
 13922
 12099
 15706
 12357
 14613
 4247
 12442
 5968
 12053
 6036
 5455
 12531
 12800
 10991
 8804
 5281
 14547
 3462
 17395
 6489
 7131
 21150
 5179
 15504
 11724
 18474
 9779
 7216
 13718
 17328
 6462
 15360
 12724
 11559
 16639
 4454
 11655
 4516
 7022
 19242
 18466
 20437
 20780
 14653
 7623
 18413
 11283
 9946
 21299
 13089
 16402
 16940
 9685
 6994
 12856
 19569
 4452
 14028
 3054
 9565
 5618
 14254
 10538
 3202
 18811
 9356
 5377
 2990
 14275
 18898
 15645
 8021
 3327
 11849
 6319
 6224
 4434
 11806
 8967
 15174
 4443
 6977
 11234
 10251
 19885
 8460
 5219
 20455
 14080
 10021
 7589
 13176
 10310
 16293
 3727
 12058
 4032
 10906
 22793
 11845
 13489
 22537
 12142
 10072
 19827
 3352
 9955
 4565
 8841
 15308
 3175
 6893
 12245
 6830
 10507
 8765
 6123
 14099
 12036
 17049
 8294
 3900
 13695
 6376
 8858
 17371
 5204
 10896
 13065
 21432
 12478
 4596
 9529
 10163
 14986
 5403
 6758
 12298
 20590
 5619
 8436
 19869
 12636
 8181
 13032
 10320
 3862
 4523
 20472
 17585
 20484
 14319
 4223
 7387
 8868
 18262
 4310
 16538
 13250
 7533
 10656
 16591
 17353
 11746
 11844
 7158
 21752
 11174
 2976
 4775
 20920
 15026
 8955
 12634
 7949
 4360
 15196
 9391
 9195
 6491
 16986
 17708
 9611
 12242
 7988
 13704
 5470
 3784
 8930
 17960
 3553
 15864
 14379
 6311
 15825
 7959
 6328
 5723
 5729
 21250
 12937
 8374
 21898
 15354
 16423
 14795
 9891
 6829
 11033
 11954
 5425
 7799
 6171
 18381
 3104
 15177
 9611
 12044
 11346
 7593
 11430
 10925
 16440
 4793
 7412
 22024
 20095
 10364
 20863
 8714
 19308
 13878
 6697
 13889
 15500
 13332
 7774
 10968
 11109
 7533
 14599
 7426
 10801
 4039
 20513
 8636
 20364
 4188
 6414
 7566
 9835
 16798
 9738
 4307
 22415
 16537
 5761
 18362
 10619
 14712
 7007
 11339
 5058
 9547
 21608
 6382
 7493
 5383
 9161
 5352
 7196
 11726
 3854
 21191
 20754
 14961
 3414
 9857
 14358
 10260
 14084
 5240
 10831
 9905
 10999
 3168
 3855
 19391
 3804
 4228
 14412
 4755
 5538
 13926
 17419
 13128
 13390
 12422
 19134
 10396
 15953
 20037
 20079
 5211
 11287
 12905
 22813
 4479
 5792
 8547
 13767
 8312
 22836
 13232
 18022
 22345
 11571
 13854
 20544
 9427
 10444
 10031
 8442
 22870
 11983
 9154
 21006
 6197
 10595
 14544
 18238
 5881
 5500
 16693
 14631
 19865
 20520
 10960
 19993
 11737
 22249
 21868
 13606
 10416
 6792
 8447
 10585
 12014
 11496
 6131
 9674
 8798
 12952
 22148
 14543
 13896
 12781
 13129
 12308
 7482
 14608
 4022
 20878
 11816
 6067
 7649
 20364
 15346
 22474
 12483
 9103
 21733
 3832
 13794
 4604
 3652
 7367
 22061
 8720
 8201
 12796
 14888
 20307
 20198
 11434
 15688
 4496
 14065
 16358
 3233
 17988
 10720
 19643
 11934
 4149
 12337
 13439
 4816
 11429
 11853
 13670
 3340
 15207
 7469
 3573
 13422
 9361
 15645
 11577
 8450
 6418
 9889
 19481
 9060
 11686
 6870
 18825
 20038
 9416
 14842
 7585
 13043
 16583
 17422
 12750
 14257
 6172
 21274
 14311
 17996
 6619
 21202
 16226
 3665
 4392
 13336
 10952
 13272
 15116
 12866
 6502
 9030
 5928
 5758
 6470
 6545
 7689
 5363
 13661
 20549
 10364
 19082
 13318
 22950
 4036
 20716
 6575
 14007
 6091
 16621
 17362
 22107
 14901
 17450
 12328
 4027
 16539
 20655
 17433
 7143
 6518
 4028
 10358
 21184
 16057
 8649
 3434
 12053
 9604
 5543
 7310
 4076
 13271
 6569
 4093
 4004
 6468
 8739
 6600
 8472
 4073
 6065
 7722
 4423
 4348
 13500
 9758
 7570
 12551
 13209
 18160
 17797
 12854
 14994
 8657
 11033
 8334
 8328
 16495
 15417
 17825
 17817
 11204
 6212
 21247
 19551
 5198
 6835
 16335
 8474
 11135
 5372
 21310
 6991
 12502
 17334
 11511
 17264
 9134
 15101
 8821
 13406
 10261
 22040
 8053
 15564
 6975
 13433
 13614
 4262
 8220
 11589
 8453
 5905
 22375
 11285
 9500
 11669
 12833
 12732
 21804
 9145
 11326
 6698
 20019
 15406
 15262
 11121
 13743
 8271
 3902
 21702
 8300
 11654
 14544
 14569
 8986
 12690
 14792
 10280
 12706
 7304
 10393
 13409
 3930
 6840
 3456
 17895
 15960
 13490
 5182
 22567
 10148
 4361
 3916
 8716
 3440
 15318
 23242
 15647
 11340
 8287
 13112
 3955
 22197
 4218
 6569
 7968
 11630
 8333
 16117
 13902
 11282
 3544
 4014
 20532
 15176
 18197
 17141
 7842
 5112
 10814
 9645
 22332
 11582
 9968
 5713
 5352
 15837
 16591
 11202
 5898
 14773
 10699
 15875
 19949
 15511
 22593
 18344
 14405
 9368
 10532
 13324
 10898
 12197
 23229
 19299
 16040
 13911
 18097
 11727
 9965
 22471
 15298
 15607
 15907
 22659
 7897
 19124
 15878
 9728
 17090
 4814
 20280
 13619
 3896
 16903
 10972
 8731
 22435
 5558
 11167
 12993
 22335
 16087
 16605
 10404
 8000
 15680
 15363
 7566
 10738
 8343
 3537
 9034
 6597
 10594
 6755
 15642
 13385
 12159
 11696
 11428
 6070
 11734
 11250
 7629
 15120
 13740
 19815
 8905
 16329
 11417
 6199
 17937
 5639
 5212
 7864
 16342
 7495
 3501
 13518
 8213
 8098
 13715
 14870
 19596
 22992
 9656
 8997
 9132
 9450
 20121
 9549
 21039
 9716
 8834
 9152
 8428
 13850
 9530
 3544
 11336
 6554
 4507
 7029
 4271
 15651
 14341
 10248
 21476
 17212
 6162
 16177
 12565
 8233
 9101
 19012
 22739
 5225
 11519
 16337
 10208
 10723
 9450
 9380
 14154
 11139
 9434
 9450
 5047
 8415
 14713
 15189
 12353
 6782
 6466
 6305
 15012
 15355
 11640
 18072
 18293
 7879
 19672
 8595
 21974
 9741
 12427
 6979
 15303
 18202
 9665
 13135
 6751
 21309
 13883
 7102
 7388
 15915
 16071
 5495
 9463
 13221
 10865
 3751
 9307
 5918
 9848
 14563
 6743
 8280
 16415
 14383
 13074
 7151
 7557
 19454
 7967
 11768
 16151
 4058
 22385
 16523
 15716
 10567
 7889
 16926
 12754
 12899
 11149
 21012
 7727
 22993
 7219
 17687
 19626
 10806
 20575
 4257
 10883
 9155
 11761
 4033
 13569
 3732
 7587
 14076
 22562
 11480
 13945
 12306
 18328
 4275
 15641
 11714
 8818
 10464
 16317
 13840
 18232
 18459
 9639
 13095
 5372
 7230
 6804
 4538
 15469
 10058
 5556
 11791
 6093
 10856
 7001
 18302
 22533
 12176
 10159
 17398
 8344
 10826
 7947
 11585
 9846
 4852
 14982
 6697
 4562
 7011
 4908
 16091
 8085
 11437
 9775
 22987
 6420
 6919
 6882
 15352
 12928
 20554
 17443
 15441
 10141
 20027
 14040
 9016
 13877
 21739
 4606
 8326
 16077
 10460
 13726
 8687
 7193
 15590
 21345
 12391
 22219
 19512
 3941
 13798
 12914
 8227
 5040
 3976
 17505
 10355
 12452
 21176
 10444
 11775
 4916
 13518
 19675
 14916
 19094
 5718
 11000
 15949
 14073
 16691
 7851
 14006
 15833
 23235
 19688
 11184
 3921
 18341
 15815
 12391
 13873
 17625
 16149
 6723
 9936
 13511
 21705
 10956
 18691
 17442
 8218
 14706
 10446
 12334
 13327
 6123
 5786
 12960
 4598
 14302
 4424
 7557
 20505
 4671
 7301
 8166
 16717
 6140
 11231
 3786
 10285
 15192
 8727
 4316
 8520
 19094
 7223
 13199
 11318
 7256
 10950
 7359
 4816
 9064
 4762
 9593
 20641
 22136
 22381
 8606
 16503
 16101
 15314
 4612
 14558
 9089
 13034
 4190
 6031
 10928
 8979
 4894
 10853
 9811
 18240
 5624
 17425
 7940
 13454
 19880
 20623
 15681
 13686
 14678
 17176
 21612
 17919
 7160
 5913
 11026
 14550
 9369
 15843
 5547
 14656
 19545
 6980
 20706
 22575
 23638
 15447
 10293
 7732
 14761
 8119
 16031
 16788
 4916
 12026
 15668
 13437
 9018
 7580
 6701
 8762
 16463
 16761
 9541
 9926
 9362
 22655
 5986
 5374
 6968
 17346
 12184
 9690
 9900
 15026
 18091
 10109
 8307
 5611
 19411
 13546
 16180
 7435
 5989
 23386
 7800
 12618
 22352
 13003
 11310
 19365
 12517
 20987
 10323
 13402
 11546
 20118
 4688
 15291
 23632
 9804
 19204
 14109
 15988
 17607
 8451
 8560
 17699
 12763
 4383
 15540
 13266
 7966
 16102
 16138
 4173
 21690
 5964
 14024
 7870
 4545
 16075
 5137
 13840
 21505
 12713
 9765
 13364
 23320
 11321
 15765
 14628
 20201
 11651
 13754
 12903
 14927
 12136
 4966
 8340
 14002
 20289
 11546
 17274
 11864
 11176
 12474
 18495
 12765
 9945
 14974
 20839
 23174
 15098
 17738
 14808
 11635
 15097
 14113
 18395
 8147
 11605
 14165
 7526
 6333
 8735
 22274
 11448
 6427
 14818
 23612
 16708
 7465
 23297
 5542
 16658
 21599
 9440
 9444
 10914
 15083
 19751
 21491
 13075
 10563
 4322
 11992
 11907
 10106
 15019
 9238
 9847
 11472
 4812
 20868
 8765
 15375
 9888
 11262
 5040
 5139
 7290
 22010
 9085
 9737
 8456
 7806
 14307
 7324
 6936
 10961
 6816
 11756
 7004
 12431
 23434
 16640
 14923
 11937
 6746
 20285
 5032
 14604
 6896
 16727
 5447
 4392
 4371
 6375
 20620
 19604
 12439
 17886
 10038
 12424
 22405
 10970
 9661
 15916
 5685
 12982
 5560
 8455
 18399
 17766
 16642
 5018
 13971
 12356
 16701
 12526
 6053
 10181
 14839
 4203
 10221
 22831
 13869
 20778
 23790
 15790
 19757
 4558
 4533
 12517
 7712
 16334
 13188
 4259
 23048
 13046
 16688
 12470
 9670
 17040
 8520
 11044
 15840
 23772
 13783
 9687
 16385
 8999
 8908
 12441
 18081
 4859
 23704
 9729
 12902
 4211
 10519
 4716
 6667
 8978
 10322
 17903
 14656
 11669
 23076
 7340
 16370
 22438
 14716
 4548
 13324
 8274
 5155
 14156
 10622
 11581
 22398
 7171
 10398
 14740
 5046
 22658
 5549
 14532
 18263
 23924
 22299
 9162
 5941
 4424
 21260
 10250
 10934
 11173
 9373
 12803
 11595
 8126
 12386
 5698
 8672
 17927
 14738
 8471
 15863
 8775
 13093
 11397
 6384
 13293
 17628
 5118
 11021
 15527
 10275
 5710
 13555
 14641
 11507
 15478
 14866
 18059
 9530
 4125
 12840
 16015
 12831
 16098
 23395
 20865
 19936
 10036
 16198
 7880
 16286
 14853
 13326
 19516
 10364
 11773
 13813
 8639
 15588
 4715
 21271
 10385
 16907
 22017
 12435
 10431
 21366
 23297
 10612
 6173
 5244
 4722
 7409
 6068
 4622
 14360
 22706
 15516
 21173
 4419
 16436
 10702
 10042
 6630
 13646
 15635
 15628
 14091
 10421
 16513
 4253
 20101
 8125
 22280
 19566
 14374
 17569
 22567
 15180
 23666
 8228
 6725
 8251
 13459
 11353
 12605
 19571
 9615
 11649
 8376
 6024
 7255
 4499
 10945
 10542
 12225
 14208
 11030
 22619
 12568
 7287
 14011
 7759
 8754
 23494
 12595
 16755
 6531
 14819
 8881
 13182
 9617
 24042
 22315
 6174
 4583
 6280
 11313
 16661
 13101
 10231
 24221
 23265
 5944
 9770
 6955
 23712
 9278
 8588
 17002
 5619
 14253
 13156
 19252
 7171
 10140
 17180
 20123
 14754
 6146
 6018
 8228
 6996
 10629
 5038
 7416
 5485
 10710
 13605
 17209
 11804
 12508
 5278
 21394
 16680
 19022
 17603
 12562
 12410
 11877
 9946
 9498
 17756
 4560
 11044
 24148
 6016
 12938
 24101
 13831
 7620
 9865
 5574
 7721
 10708
 5400
 16088
 12212
 20433
 4520
 17946
 6332
 10608
 4739
 14268
 21183
 23366
 17857
 14852
 20926
 16419
 23326
 16561
 9100
 7164
 16203
 12703
 16100
 11982
 22275
 11531
 7328
 8256
 11010
 12791
 8263
 8104
 21841
 8879
 20454
 5808
 11525
 10957
 15747
 10074
 15913
 19802
 9517
 6498
 6649
 4343
 7928
 17988
 23377
 11835
 13800
 15293
 14724
 24157
 9068
 24150
 5265
 11860
 6093
 17342
 4659
 6780
 6247
 21591
 17081
 5757
 11607
 9716
 10069
 14727
 10773
 9666
 21368
 16832
 16964
 22565
 9662
 15938
 8776
 10755
 13766
 11518
 11767
 9671
 16805
 14629
 12499
 16831
 12699
 22601
 5783
 21639
 17030
 15391
 4624
 8809
 11926
 14184
 9774
 6341
 9633
 11152
 4987
 13006
 12887
 12662
 18731
 23061
 22296
 9933
 8629
 10826
 19909
 9251
 17505
 18368
 6421
 14848
 9634
 8497
 10121
 6385
 6694
 15682
 7170
 16902
 14603
 18791
 9169
 8440
 18164
 10410
 21455
 12560
 24061
 6184
 18702
 12483
 12971
 5564
 14480
 6434
 4744
 12929
 21974
 11026
 21229
 10002
 20380
 17046
 4736
 7316
 13987
 23734
 13761
 20087
 14191
 22170
 21183
 23032
 13586
 6231
 15697
 11659
 7912
 5550
 10850
 13911
 21797
 19377
 24172
 13730
 7276
 8743
 9864
 19791
 23810
 13490
 12260
 13732
 13858
 9423
 23094
 12849
 22737
 21982
 22097
 16014
 10037
 12483
 4853
 17189
 13634
 4844
 7628
 24208
 16981
 5459
 20306
 16132
 8836
 16006
 19765
 6222
 9045
 21670
 17758
 12764
 18479
 7341
 10093
 17567
 9326
 7219
 11020
 14351
 16795
 19122
 5917
 12400
 17787
 16168
 5429
 21076
 14215
 12222
 22157
 24418
 18396
 21895
 10103
 16949
 15699
 17387
 11822
 20552
 13748
 5989
 23217
 15664
 8262
 6697
 18865
 4522
 7626
 8873
 23081
 23543
 7498
 5498
 15150
 9796
 15051
 11987
 12678
 9743
 22218
 15894
 12126
 14728
 18567
 14898
 17238
 11860
 14715
 21960
 24288
 9240
 13711
 9516
 22058
 16468
 4656
 5263
 7352
 16461
 9662
 14331
 7637
 10767
 20932
 9342
 13291
 16531
 17805
 5738
 8465
 16862
 13748
 15740
 22244
 10890
 11196
 11548
 8666
 17129
 12962
 14980
 11283
 16422
 15792
 16037
 11120
 12847
 8371
 7399
 8969
 10256
 14704
 12271
 6841
 21601
 19634
 11237
 6781
 15940
 14855
 11958
 4605
 11335
 14124
 9528
 7402
 9201
 10053
 7660
 10665
 9339
 21201
 12361
 24334
 15707
 5214
 12535
 21037
 13865
 11033
 17048
 20076
 21628
 9321
 12878
 5565
 13013
 15357
 11353
 12235
 15743
 15074
 21151
 5011
 20692
 19577
 5681
 19893
 19268
 12809
 15020
 10539
 18610
 6641
 16829
 14074
 5087
 12800
 18569
 17926
 16587
 24553
 23276
 16138
 14072
 18449
 15072
 15240
 18898
 23531
 6048
 5374
 18668
 12934
 18093
 9083
 7693
 13861
 6673
 11120
 11243
 6127
 6914
 23849
 20918
 11240
 14537
 14078
 10328
 16672
 24132
 14469
 11163
 18987
 20265
 17259
 11629
 7088
 6508
 8323
 15616
 14341
 5731
 6558
 20756
 21276
 16295
 11708
 6488
 17175
 5630
 15425
 15822
 6113
 18135
 14411
 14704
 20640
 11221
 9795
 17744
 6085
 20720
 6066
 8516
 19142
 7320
 6486
 9953
 13071
 9115
 18294
 23687
 14420
 11465
 11858
 11358
 7466
 12471
 19870
 20927
 20631
 8033
 19024
 22550
 17862
 12211
 12600
 9798
 9695
 10505
 16848
 6958
 4823
 21333
 12980
 10955
 6276
 21633
 11508
 14174
 12596
 15254
 6888
 7791
 6847
 16668
 10915
 7602
 10009
 15907
 23274
 11785
 15628
 10018
 5543
 15978
 10374
 14173
 17049
 24035
 9711
 15596
 17198
 18139
 20574
 7706
 19892
 12186
 18092
 7212
 6349
 13804
 21929
 17091
 16865
 7841
 16685
 7106
 16312
 18233
 7474
 20788
 5416
 9535
 11712
 21768
 23243
 6739
 7177
 12255
 7413
 21100
 6743
 7592
 21285
 17534
 15554
 10313
 16346
 13912
 14278
 11488
 6280
 7825
 10164
 9994
 17546
 9605
 12680
 11973
 18042
 14234
 18491
 13873
 10815
 16040
 13178
 16893
 17798
 18776
 15703
 8959
 11605
 7147
 10527
 12707
 5884
 11935
 17579
 8360
 21837
 9230
 10970
 21478
 7373
 12375
 19231
 23605
 8203
 6849
 5559
 7275
 17968
 5437
 12830
 12356
 12248
 22860
 8002
 21351
 12288
 23809
 17912
 21062
 16864
 18023
 20014
 15046
 10716
 15910
 7297
 8096
 15189
 15395
 13520
 9319
 14181
 20293
 9425
 10762
 12971
 17503
 15266
 14141
 15363
 9451
 14786
 7699
 9050
 11251
 11681
 13455
 8897
 6870
 14133
 15772
 7615
 20969
 10606
 12760
 7372
 15644
 16493
 13432
 23483
 24895
 16496
 12265
 10360
 8804
 8337
 11347
 5939
 18118
 5425
 18818
 6907
 17195
 12559
 20104
 8814
 19398
 5085
 9405
 5520
 11840
 11988
 7336
 5914
 12920
 12454
 12963
 12085
 6792
 11477
 8090
 22055
 8842
 5379
 12692
 24205
 10139
 9161
 21206
 7754
 6015
 14412
 5444
 21151
 5669
 16108
 11273
 14620
 9644
 16607
 10520
 11925
 12070
 23006
 13204
 11000
 20508
 13854
 24045
 18494
 22162
 11394
 11756
 20032
 13581
 18703
 5330
 14189
 9842
 23456
 24924
 7321
 17137
 24283
 23273
 16823
 6881
 19299
 6110
 8875
 21261
 11087
 17706
 16985
 5296
 13244
 17862
 8674
 14525
 23390
 17824
 10416
 24035
 6525
 12856
 7567
 16847
 20381
 8329
 16191
 12306
 17310
 8588
 7335
 24356
 6310
 8378
 17293
 24456
 23291
 9329
 22243
 15986
 22582
 9753
 5284
 17031
 14356
 8999
 5759
 9924
 7791
 18466
 10771
 13538
 7212
 21316
 23068
 6072
 9078
 21122
 12428
 11393
 7947
 7024
 5981
 23008
 20981
 13023
 10566
 24257
 14844
 8841
 13645
 14178
 8826
 10574
 6045
 13330
 10832
 8575
 10104
 9656
 21303
 15259
 12654
 19575
 11097
 15801
 18734
 12849
 7136
 6565
 13595
 5354
 19887
 16558
 8003
 12590
 18000
 10752
 14829
 10997
 20782
 8525
 23025
 24197
 15077
 21969
 7597
 20793
 5526
 7286
 17812
 9762
 9087
 17077
 13801
 9899
 19722
 10942
 7789
 11233
 24421
 12634
 9493
 20210
 16018
 9487
 6400
 16757
 16288
 24068
 14600
 17163
 6298
 12070
 16886
 13028
 11965
 12554
 8443
 24869
 21360
 11795
 11548
 7048
 5519
 16214
 16589
 7269
 9161
 21181
 11714
 19440
 8940
 6889
 14562
 9763
 12060
 12379
 15197
 14397
 5675
 9525
 22879
 14091
 9414
 6364
 24453
 17350
 23180
 14368
 17264
 6013
 21317
 10272
 16696
 24180
 12496
 24552
 13570
 20525
 6621
 11388
 13013
 12615
 10684
 7545
 20649
 6660
 11030
 7770
 22209
 10255
 9051
 21561
 19003
 15357
 8219
 7030
 14278
 10771
 10553
 13501
 21843
 16297
 6748
 17923
 17967
 6286
 17288
 6321
 9167
 11820
 13838
 7940
 20749
 10061
 14399
 19636
 9779
 24093
 19846
 19699
 10741
 9842
 21910
 12505
 12484
 6154
 6401
 11198
 17632
 16596
 17900
 12231
 7373
 17266
 19071
 14853
 15561
 8188
 21921
 9178
 17981
 11081
 16451
 18717
 6707
 6314
 10204
 11616
 23079
 23031
 19957
 13712
 10656
 11758
 7270
 14268
 10241
 12217
 13249
 10266
 25115
 9520
 5484
 12423
 9222
 9311
 5301
 6510
 23471
 8872
 10402
 14826
 20948
 14316
 21862
 13103
 21998
 7302
 21275
 18758
 11854
 10521
 11180
 18551
 20075
 15372
 17361
 16652
 18299
 14290
 12577
 6067
 10048
 12239
 15555
 15525
 14629
 11672
 18054
 16005
 23945
 11482
 17650
 15627
 7483
 5309
 21374
 23681
 20455
 8650
 8932
 6989
 24815
 6923
 13393
 10001
 5374
 13139
 8097
 21807
 5625
 11966
 24875
 7473
 25079
 20537
 6808
 6408
 8242
 13061
 17242
 13492
 13023
 8856
 13339
 16291
 13338
 19461
 13587
 10077
 22469
 17373
 16479
 7359
 9779
 13142
 12078
 12582
 12256
 18283
 24605
 9775
 5828
 5380
 12389
 19324
 5575
 18199
 7155
 22298
 6583
 21039
 21145
 17857
 14999
 16300
 23588
 12187
 17210
 14411
 15469
 15113
 16689
 15720
 23668
 17730
 10274
 10625
 5545
 14013
 16378
 22653
 13997
 5714
 17155
 7980
 8505
 7964
 13465
 13168
 13724
 20001
 21881
 16477
 8107
 11189
 15196
 7741
 10965
 12731
 9667
 21112
 18517
 8654
 5555
 10098
 12235
 19391
 16163
 6900
 17708
 16288
 19955
 7792
 7065
 14369
 22495
 13759
 6670
 21240
 6164
 17549
 14556
 6982
 12707
 20792
 14841
 22616
 5492
 12340
 7253
 23531
 5916
 9363
 18129
 10996
 6994
 11075
 13132
 13214
 7486
 17272
 19774
 15669
 18996
 12172
 16584
 5603
 22144
 17252
 5931
 10201
 13185
 13141
 17977
 10289
 15035
 15942
 18121
 10001
 20487
 17880
 13454
 17011
 11342
 23972
 17002
 22242
 18263
 18915
 8223
 17959
 21693
 10356
 14087
 6085
 17764
 11193
 24548
 12706
 13805
 11843
 12634
 12935
 8456
 18672
 23228
 7626
 7785
 9969
 14788
 7178
 21342
 14609
 12551
 10714
 23201
 15827
 23433
 12930
 19337
 23579
 14124
 24738
 20869
 8080
 23055
 6808
 16012
 17184
 16629
 15780
 7054
 13157
 17026
 23498
 23536
 22566
 18765
 9048
 16214
 5921
 20051
 9481
 17473
 9703
 5673
 20073
 8923
 9129
 5780
 20634
 16753
 6418
 16668
 9782
 11745
 18452
 9150
 22006
 5587
 12168
 13249
 7282
 21645
 8432
 11115
 24682
 7169
 17408
 15029
 24196
 8522
 11228
 14716
 6519
 12087
 7267
 7002
 5640
 7815
 15853
 23540
 6131
 12534
 24016
 18133
 14444
 11223
 24489
 5980
 15654
 8290
 15098
 5745
 10324
 21967
 12687
 18045
 20782
 20196
 19941
 13370
 13367
 17548
 10028
 14121
 18332
 23881
 8332
 16099
 7551
 16587
 21287
 10738
 17237
 15265
 11582
 24481
 12428
 15311
 15286
 21681
 14929
 18017
 16316
 20205
 13138
 17055
 14247
 13792
 17599
 6177
 22141
 15430
 21974
 8005
 23609
 17504
 12000
 18111
 10859
 14508
 9366
 9360
 16800
 6997
 24967
 9018
 14019
 9190
 8094
 10194
 7716
 15525
 8512
 5847
 8632
 19165
 16307
 13347
 9218
 7164
 24134
 22463
 7377
 8223
 15020
 7548
 15497
 11403
 23338
 8287
 9734
 18526
 8692
 17661
 14303
 23076
 21843
 17192
 18695
 16654
 18154
 6696
 10266
 14080
 12121
 14957
 21782
 14378
 20001
 14691
 12551
 7034
 16424
 7431
 15944
 6287
 8160
 10170
 22534
 15185
 24132
 21716
 16775
 15359
 13794
 19355
 13484
 11497
 21887
 5907
 24371
 6016
 6135
 5816
 6432
 9514
 6372
 16778
 22428
 21274
 7810
 24040
 6974
 7872
 6480
 13249
 10602
 7837
 16633
 18342
 7639
 13817
 7668
 21188
 13494
 14201
 10824
 20785
 20111
 8683
 7860
 15077
 6734
 7331
 11758
 20427
 20254
 12363
 17227
 10999
 14164
 10039
 15679
 7290
 8528
 22519
 7813
 7572
 12736
 5840
 20800
 15337
 7045
 25101
 21507
 16056
 18329
 13458
 12750
 7400
 13265
 25586
 11258
 12867
 16704
 18177
 21560
 8040
 14621
 20460
 8308
 11099
 24742
 7303
 11904
 7744
 19332
 18343
 22670
 24616
 11728
 11410
 11677
 25675
 11991
 12436
 16408
 11159
 8346
 15220
 10428
 9287
 12569
 11526
 12313
 6776
 18290
 7041
 12730
 23576
 7428
 17235
 10280
 11583
 24376
 8916
 17132
 15043
 16514
 13849
 9268
 14086
 22821
 15946
 7096
 7443
 19797
 6518
 11869
 17898
 14145
 23557
 25369
 19479
 10960
 21423
 18296
 14249
 16266
 11627
 9279
 19362
 15419
 6186
 9775
 22443
 7444
 14405
 15437
 14538
 16051
 14835
 12863
 6710
 16484
 16224
 15545
 14442
 13864
 21947
 7192
 23160
 6644
 11759
 13135
 10112
 9149
 17493
 14145
 12065
 6803
 24391
 11406
 12367
 10347
 9175
 14929
 12998
 25250
 25281
 24937
 23454
 8926
 12703
 14679
 12543
 7351
 9308
 25095
 19575
 12598
 15083
 19347
 20394
 24765
 22329
 12708
 10729
 13928
 20320
 11834
 25254
 10226
 8701
 20590
 16966
 15579
 13668
 22614
 15288
 6024
 12274
 7177
 23654
 24971
 17220
 11907
 24362
 19749
 15942
 14475
 13155
 20489
 13422
 12340
 11303
 11587
 21451
 15425
 8283
 18169
 10552
 17612
 7105
 22097
 9909
 14504
 12177
 9491
 8888
 18437
 20683
 20464
 15327
 23285
 14411
 14563
 25449
 16013
 15966
 9399
 13318
 9229
 15669
 15337
 17293
 18916
 25848
 14351
 17293
 12205
 14365
 16985
 7205
 15391
 24697
 16599
 9815
 17636
 8885
 11004
 13498
 9511
 16036
 17889
 10832
 12276
 12405
 15853
 7288
 19963
 7716
 7251
 20613
 11093
 13942
 15485
 14318
 7786
 7781
 15528
 7239
 24626
 10744
 24335
 16591
 16122
 6134
 10380
 24972
 12362
 13692
 10653
 15156
 24453
 16462
 10084
 11629
 12752
 18955
 18609
 23768
 12694
 15460
 22883
 13449
 23083
 23277
 12589
 10490
 14704
 14645
 23446
 12353
 6614
 18291
 7492
 10623
 12263
 7778
 17017
 10074
 6177
 12302
 8446
 12653
 15076
 16399
 18527
 12542
 6735
 20021
 22072
 10449
 11878
 16069
 8335
 23899
 11638
 25316
 6081
 10170
 13084
 19472
 14433
 8451
 9987
 15287
 21502
 6811
 12236
 12546
 14245
 7338
 11699
 15058
 8775
 17613
 20239
 25775
 10557
 24843
 10298
 18973
 9864
 8491
 16690
 12975
 25341
 18788
 8320
 11872
 14242
 19476
 8919
 9088
 23442
 7797
 6143
 22955
 7495
 15501
 25970
 18849
 9497
 15429
 13894
 9713
 11041
 21724
 14765
 15543
 7043
 9021
 15705
 16584
 7852
 10190
 7812
 17868
 14264
 15850
 11503
 6635
 10359
 8434
 11401
 18571
 7888
 6335
 17138
 8857
 14375
 7099
 19361
 6117
 7131
 23921
 22851
 6963
 7955
 15042
 9445
 17679
 21947
 7546
 16500
 12737
 13513
 9602
 14658
 17921
 10693
 14807
 15756
 9005
 19336
 14362
 11226
 9561
 14884
 14761
 19078
 16262
 9892
 10383
 12577
 20342
 8437
 9912
 6546
 11071
 18310
 7687
 14880
 25182
 24460
 13803
 15186
 15790
 19337
 11919
 15381
 6873
 14381
 17361
 16926
 11949
 8318
 7414
 15057
 6419
 17396
 7452
 17025
 22012
 16808
 14192
 14521
 10237
 11631
 6944
 12538
 14781
 23137
 15379
 12102
 24845
 7934
 23160
 15549
 14903
 11123
 22397
 24101
 19481
 22009
 8898
 7055
 11380
 16064
 8877
 11063
 25600
 9162
 20766
 17325
 11427
 11194
 20197
 22834
 23842
 11855
 17779
 19045
 24407
 7852
 13903
 16415
 11715
 22650
 12970
 17563
 7717
 20751
 11893
 21978
 11532
 7185
 11249
 10533
 7850
 10806
 7334
 14453
 13513
 9774
 7513
 22512
 16162
 7971
 8440
 23892
 11916
 13951
 16088
 23865
 21970
 12879
 17409
 11858
 9097
 8583
 11495
 8021
 23744
 7878
 16861
 26139
 14296
 20443
 13765
 18570
 6550
 17928
 11435
 18097
 10358
 6822
 22483
 21939
 10818
 9834
 6256
 25575
 24548
 14150
 10295
 9919
 21369
 11955
 14578
 18441
 19622
 9869
 14521
 24371
 24367
 25471
 8286
 22450
 18373
 22017
 11176
 18563
 15616
 25055
 13731
 9139
 15662
 13756
 11382
 22845
 14635
 7255
 6581
 24499
 14545
 11149
 10807
 10783
 13905
 12127
 10763
 23210
 8643
 7573
 8743
 10876
 21147
 19810
 8289
 18277
 9852
 16298
 11265
 11963
 16753
 13122
 8534
 21765
 26138
 12024
 7433
 17592
 25956
 9555
 20719
 18784
 14044
 7803
 11714
 14081
 22757
 20987
 13074
 16414
 15304
 17990
 15608
 15226
 10283
 10488
 24588
 9725
 15845
 17375
 7192
 10873
 14609
 9146
 21292
 7821
 10593
 8928
 14771
 18122
 18837
 13828
 14502
 9749
 17901
 9432
 10783
 23628
 14043
 12208
 6993
 22573
 7004
 10504
 14710
 24691
 18152
 24872
 19433
 14401
 24487
 16263
 6869
 25284
 24007
 20686
 10285
 18965
 13324
 12542
 6750
 19804
 13671
 16020
 24898
 11291
 14763
 12748
 26070
 10058
 12987
 14469
 10831
 22174
 10471
 22500
 18696
 11664
 17465
 16410
 26206
 18651
 17707
 15370
 20192
 12006
 18876
 15846
 13857
 10051
 19651
 24025
 24241
 17590
 6562
 14315
 16171
 22202
 19838
 24160
 13776
 9121
 14990
 8066
 8499
 17211
 15155
 15520
 12822
 13657
 23879
 11863
 18357
 12017
 18456
 25104
 7969
 25733
 17783
 23274
 15953
 17439
 8684
 12538
 13492
 18784
 25485
 25744
 10953
 21082
 11055
 14235
 12083
 7226
 7324
 15536
 16743
 11178
 24293
 8039
 15400
 13301
 10458
 12998
 9397
 16621
 12407
 14498
 12993
 19049
 15009
 10467
 13347
 26227
 20562
 18632
 8271
 8578
 10289
 7883
 24709
 22498
 12902
 16006
 8392
 10365
 12972
 11029
 6834
 10772
 9384
 8222
 15654
 18350
 9369
 13199
 16742
 25013
 10096
 9511
 14502
 11356
 18402
 19928
 15648
 15781
 10907
 19787
 18794
 17283
 10998
 24388
 12965
 9756
 18122
 6663
 6551
 9649
 15719
 10940
 19484
 22497
 8482
 15631
 19256
 8906
 8492
 13627
 12336
 11249
 19242
 11335
 26489
 18245
 11521
 13009
 10833
 8671
 14672
 15947
 11725
 20332
 22274
 13924
 16851
 20430
 20484
 7560
 25161
 14080
 7828
 16042
 17165
 23288
 7899
 19521
 13862
 22962
 9277
 23216
 20955
 18123
 6894
 12555
 13859
 9355
 9798
 26071
 21404
 21735
 16760
 11217
 10176
 25509
 16192
 8466
 10325
 15297
 14779
 15281
 20964
 19472
 13436
 16585
 15181
 24355
 9436
 11612
 16344
 10862
 21649
 9753
 18511
 22697
 21123
 9914
 10730
 17751
 26075
 14321
 21003
 20550
 14172
 13860
 24779
 25718
 9462
 11606
 12949
 9405
 9592
 17800
 18226
 17834
 21319
 21664
 12740
 25640
 6989
 22249
 7254
 20838
 21875
 14331
 15444
 18005
 25489
 22621
 18744
 10545
 25061
 7975
 23332
 19427
 19395
 21837
 24311
 18983
 16205
 16409
 24345
 19306
 8995
 7255
 12121
 15222
 17660
 13688
 10810
 15824
 24405
 17007
 14665
 20705
 16393
 20288
 20562
 13045
 17346
 6810
 12147
 18273
 21647
 8866
 14929
 14184
 25942
 22802
 12298
 8447
 15180
 14786
 9739
 11983
 10851
 11014
 12579
 8347
 20515
 15607
 8727
 17859
 12092
 20087
 17559
 16169
 9051
 15343
 8273
 16626
 7836
 22779
 11013
 16590
 15358
 13833
 7929
 16603
 8349
 8573
 15949
 15143
 17020
 19193
 19954
 14229
 6817
 7835
 13206
 19043
 10885
 10919
 24195
 25129
 14252
 10919
 11370
 18052
 15570
 9456
 20281
 7987
 23591
 20519
 8021
 7970
 23133
 13028
 7300
 19973
 22175
 7894
 17225
 14151
 8068
 8166
 13109
 16037
 16804
 26176
 22364
 8724
 14410
 9200
 9447
 10826
 17803
 13097
 26280
 9531
 9078
 11436
 16659
 13410
 17804
 6951
 8906
 18307
 13778
 9916
 10841
 11854
 16772
 19203
 21764
 9511
 21005
 15250
 18462
 14436
 8980
 11420
 19324
 9463
 15833
 15033
 15081
 11341
 16225
 7141
 8923
 11670
 20110
 17866
 10309
 9605
 19154
 13154
 24782
 20314
 19045
 21271
 9186
 10238
 16982
 12334
 24424
 19311
 11454
 12837
 7028
 16893
 18075
 13112
 18110
 12916
 10075
 24618
 11762
 24571
 11255
 17729
 22377
 17884
 16611
 11411
 14201
 20325
 10115
 12672
 14280
 10127
 17023
 11648
 18566
 12925
 21434
 25119
 9276
 19526
 14144
 13861
 19263
 25143
 14303
 16027
 23658
 21395
 14999
 9163
 21291
 9916
 11188
 12007
 11708
 26711
 25628
 15277
 6901
 18058
 14180
 23210
 6944
 10697
 8744
 24444
 15277
 20914
 22555
 21244
 16839
 11254
 19515
 19036
 17383
 22425
 14440
 10797
 8424
 16795
 9270
 13189
 19994
 22744
 19810
 14046
 25659
 9037
 17154
 13218
 12579
 24028
 8639
 19398
 12606
 22866
 19879
 18069
 13983
 16710
 8254
 19631
 9619
 20709
 11574
 15153
 16436
 7948
 17983
 23287
 15776
 13365
 12800
 7294
 22569
 12695
 21926
 19311
 14958
 19175
 25820
 15065
 15465
 8195
 13500
 20031
 13706
 12592
 13509
 9778
 16645
 18785
 13006
 17823
 19335
 19228
 10042
 9548
 15374
 15192
 16524
 16287
 23834
 8778
 11836
 22625
 16543
 12608
 16138
 12961
 19548
 12717
 18131
 25659
 12625
 9254
 8099
 19130
 25740
 10956
 11818
 11835
 10821
 12651
 19537
 21365
 15851
 10498
 26510
 8406
 14910
 13605
 11606
 23983
 14398
 20288
 22803
 18099
 9508
 15132
 16534
 15388
 15823
 8678
 10767
 8687
 12258
 12942
 20026
 22113
 22349
 14158
 12700
 8121
 15208
 19788
 26063
 14424
 22087
 16097
 9979
 7382
 14122
 8603
 11334
 15791
 18484
 17503
 13996
 11486
 7423
 10579
 16530
 20073
 16622
 23964
 17815
 21149
 24324
 22659
 25132
 11323
 11923
 17981
 13158
 24755
 17494
 10411
 10130
 23632
 19107
 9951
 14088
 19285
 10459
 18177
 17603
 19750
 16325
 7921
 16656
 15561
 16314
 16301
 25028
 8494
 16770
 9525
 19699
 15054
 9918
 21613
 13055
 11568
 26535
 16099
 7598
 26706
 22040
 23474
 10303
 19781
 9959
 18342
 17118
 13625
 15898
 12448
 7798
 19132
 17367
 16924
 8358
 14717
 7804
 11154
 11959
 19061
 7537
 12506
 25325
 21257
 15738
 8980
 21692
 26281
 20242
 12838
 7837
 19484
 7732
 12199
 7872
 17824
 19675
 18204
 7524
 11532
 8013
 19648
 20326
 8601
 7507
 23946
 9623
 15585
 19117
 17193
 8273
 16038
 9412
 14099
 9930
 18390
 10239
 12671
 15498
 14125
 16314
 26575
 10330
 16379
 24596
 13011
 10685
 7944
 11431
 18825
 18403
 7446
 15518
 20137
 7388
 25286
 14626
 24609
 18378
 10877
 9237
 17980
 18714
 17224
 24867
 26152
 11701
 11165
 11318
 9335
 21649
 25156
 8937
 19110
 8941
 22295
 17182
 9373
 20382
 24486
 15924
 9079
 14723
 16349
 21651
 19619
 14975
 17706
 10283
 14121
 11656
 12153
 19356
 11345
 23516
 13507
 7286
 25632
 20692
 12071
 25861
 22660
 26651
 11895
 12581
 19059
 9408
 17142
 21180
 20719
 14090
 13184
 13064
 8492
 11627
 8235
 15254
 8693
 19033
 11309
 8021
 20044
 9433
 20446
 14123
 11089
 9468
 11007
 12038
 21861
 11599
 19675
 11893
 26766
 12494
 18253
 12632
 18461
 7641
 21378
 12341
 15215
 9961
 15008
 13677
 14482
 8900
 24711
 10766
 23305
 7599
 19544
 17834
 20592
 10788
 8403
 7624
 12515
 24389
 20005
 16473
 9277
 9295
 20321
 13038
 10045
 22194
 10606
 10920
 8942
 24192
 14306
 19249
 9766
 19940
 15086
 10569
 18511
 23733
 15162
 15459
 17061
 16971
 16177
 11697
 13567
 24978
 9217
 21244
 14129
 11580
 20476
 21625
 20209
 23292
 19202
 7448
 9625
 12560
 12259
 11263
 14476
 17022
 15775
 23319
 15548
 16995
 9936
 11302
 22700
 25191
 15051
 9437
 25074
 11701
 8515
 12497
 14655
 18666
 16622
 16431
 14241
 8140
 16556
 17740
 26569
 14973
 9285
 24412
 11369
 21424
 17907
 19460
 9696
 15963
 20640
 24337
 19705
 15117
 16848
 8810
 27056
 12514
 14850
 12867
 16727
 17364
 9715
 10644
 11897
 17621
 17668
 13002
 14365
 12187
 22078
 17052
 18156
 8667
 24083
 13280
 15414
 14873
 11942
 12223
 21586
 8254
 15373
 9382
 18117
 23787
 13429
 9087
 11173
 16813
 11112
 17055
 10142
 20561
 15403
 20225
 11220
 23322
 27179
 23603
 17515
 15633
 15033
 22704
 17124
 7805
 23186
 9006
 17864
 20019
 13988
 21016
 9481
 24079
 14222
 16670
 13703
 11812
 10824
 23500
 19761
 12144
 19235
 20600
 19405
 14452
 25362
 11776
 18138
 16354
 18825
 20948
 15443
 18647
 15877
 25359
 10743
 25996
 26732
 19372
 10791
 25000
 16758
 20983
 17839
 19960
 24748
 26177
 19816
 10721
 13264
 10936
 15421
 18900
 11326
 7703
 20109
 14916
 9073
 10585
 16049
 21941
 26824
 16116
 21407
 16885
 23690
 19363
 16942
 21487
 15401
 12228
 13306
 11741
 13731
 9252
 9002
 9822
 15054
 21784
 11312
 11369
 12981
 13965
 13105
 13185
 9406
 15394
 16582
 11625
 25711
 12852
 13474
 8250
 13168
 7482
 17397
 18098
 12785
 15507
 20465
 9935
 15951
 13789
 7723
 23197
 24244
 19399
 10435
 17772
 13789
 27433
 10087
 20101
 13600
 24370
 12885
 17438
 12205
 13538
 20192
 20812
 13076
 16762
 11285
 22553
 18695
 11792
 21375
 12759
 14401
 26567
 23943
 18868
 15688
 10335
 16160
 17806
 22863
 21448
 16418
 12552
 8448
 19901
 21237
 24285
 8440
 15919
 19953
 9812
 22834
 17599
 19971
 21429
 16968
 22481
 21010
 22300
 12023
 11389
 18339
 17899
 18403
 14535
 15130
 18757
 9691
 13745
 25634
 20568
 8318
 20176
 17423
 7546
 14303
 16028
 18593
 12312
 14981
 13292
 11852
 14794
 19413
 23106
 11990
 18987
 9044
 13858
 20993
 9576
 22311
 23145
 9258
 13271
 22654
 25083
 14128
 26410
 11889
 8733
 15737
 24740
 16265
 24037
 17969
 13547
 19938
 16559
 10261
 19135
 7631
 8689
 16783
 12585
 20607
 23953
 21058
 14487
 16191
 11189
 20233
 11112
 17568
 15068
 11067
 17955
 16410
 18635
 18930
 14349
 23985
 20074
 16492
 24602
 19287
 10704
 13233
 25987
 8946
 11228
 20311
 9657
 16031
 17990
 16994
 9721
 16695
 14102
 13487
 15489
 22225
 22291
 14547
 11042
 8041
 7998
 7744
 26518
 13087
 26528
 19880
 14195
 13763
 10912
 17733
 15457
 26896
 14298
 10744
 24937
 22070
 19213
 21552
 8111
 8444
 13524
 10925
 15681
 20197
 20343
 18789
 17808
 15123
 13122
 15943
 18142
 8362
 10071
 19231
 20088
 14102
 14848
 12442
 14983
 16783
 17223
 26954
 26402
 18300
 23689
 8683
 7878
 9526
 15912
 13831
 12520
 10062
 9601
 16600
 11818
 9714
 22302
 13516
 18284
 19788
 17164
 23245
 11365
 8171
 13327
 14209
 22514
 13958
 18900
 17199
 15919
 21918
 15047
 11460
 22020
 9636
 18663
 19285
 22465
 27611
 26167
 27430
 10861
 21310
 9750
 17162
 16891
 17157
 17969
 10187
 14782
 18052
 26040
 20397
 8767
 17653
 11566
 10094
 16972
 7928
 12132
 12625
 8083
 24119
 18793
 21755
 13456
 8431
 13755
 18205
 15459
 25931
 16577
 19667
 10437
 21235
 8412
 15340
 19837
 7750
 25402
 22828
 26190
 14212
 18893
 9230
 18579
 20303
 9724
 18574
 14893
 17138
 21049
 24006
 27196
 26115
 17395
 22615
 27341
 10213
 14412
 13450
 11027
 14641
 24878
 11063
 26809
 11350
 20313
 10054
 15927
 14494
 15488
 21429
 12419
 16723
 11317
 11161
 26441
 18465
 12802
 14536
 23198
 17950
 10297
 20055
 19154
 23944
 16462
 14783
 16868
 16366
 13604
 12613
 10746
 9970
 16101
 16410
 16561
 17325
 18327
 14272
 23378
 23700
 11947
 10255
 27174
 25433
 22583
 11031
 9867
 16724
 24166
 12678
 8135
 10884
 13742
 16300
 8956
 26960
 10595
 13276
 10717
 10739
 7978
 19478
 26368
 23160
 13648
 12004
 10068
 21762
 10076
 18850
 17813
 27760
 24099
 9537
 19646
 15422
 26715
 27725
 23775
 18511
 14481
 25358
 11439
 20618
 19999
 18924
 10083
 25059
 11064
 16311
 11359
 14107
 10630
 19109
 15980
 24298
 13750
 17341
 13195
 9724
 26866
 12531
 13961
 26842
 14096
 21013
 20052
 18699
 21417
 10790
 20493
 15035
 20012
 11977
 15870
 14298
 8595
 13697
 16814
 21447
 16439
 16374
 15058
 16943
 16640
 19994
 13383
 11249
 19935
 13420
 25597
 17668
 21984
 16413
 16726
 14427
 9690
 7921
 17935
 25895
 26377
 27657
 16990
 16350
 9854
 13439
 10749
 15995
 13812
 9809
 11910
 12646
 12582
 14689
 13568
 13878
 17536
 10204
 18712
 7956
 19635
 8282
 7955
 18977
 17934
 16710
 8419
 10074
 25929
 9470
 12792
 15643
 17731
 12573
 27641
 20290
 18702
 21079
 8116
 8406
 13609
 10501
 24466
 22952
 22031
 21218
 12430
 23704
 14062
 21236
 27816
 18907
 22043
 20399
 14741
 9499
 8131
 19223
 15993
 8352
 16229
 26372
 10679
 25198
 8063
 17675
 18695
 12462
 14086
 26043
 26570
 14994
 27930
 9669
 26523
 15507
 9081
 20191
 18215
 20445
 16178
 18634
 15646
 9134
 20253
 9747
 15914
 9243
 19049
 13175
 11039
 9907
 19606
 8075
 11443
 14280
 11941
 12987
 19344
 17323
 16365
 22673
 12968
 17847
 20399
 13560
 21993
 8465
 9163
 26273
 18513
 16750
 10292
 18598
 14563
 16982
 14658
 10574
 15226
 15144
 16999
 20144
 9790
 21469
 9605
 18299
 10421
 19537
 13149
 20885
 25115
 12640
 18730
 19586
 20725
 23213
 9392
 19080
 12195
 18825
 17775
 13936
 16404
 27730
 12029
 9680
 14334
 21338
 11250
 13095
 17454
 21066
 14117
 8520
 18653
 24774
 10904
 23963
 16740
 21778
 11920
 16096
 27249
 11189
 19975
 8598
 13210
 12573
 16965
 17179
 15857
 18596
 23244
 8084
 27065
 25426
 18995
 18319
 9368
 19938
 8854
 16263
 8398
 17801
 27915
 10121
 15909
 27636
 13784
 13492
 20553
 11506
 12164
 11238
 16089
 11827
 26187
 8565
 13119
 11566
 14390
 9466
 16349
 11401
 19498
 13429
 15624
 18804
 12479
 10541
 11481
 12759
 11892
 13303
 22113
 25838
 10658
 21881
 17245
 18417
 10286
 9583
 27499
 23385
 18082
 24045
 12156
 19488
 14590
 14310
 16939
 22761
 22155
 8205
 8908
 23104
 20529
 17882
 26536
 8226
 10218
 23024
 17128
 18624
 12086
 13404
 19216
 9824
 16592
 20320
 8526
 11557
 9120
 18129
 22547
 14544
 19251
 11838
 20610
 14119
 15240
 9394
 11110
 12885
 9964
 19708
 11721
 18417
 25929
 25325
 19746
 14820
 17466
 12033
 27406
 9669
 19522
 27265
 23042
 11335
 18110
 14312
 14720
 16502
 26296
 26533
 18921
 13502
 19997
 15361
 11250
 14509
 12721
 18882
 21401
 11130
 16738
 28174
 14842
 22597
 20890
 19444
 16221
 20032
 10393
 18951
 13586
 13039
 9890
 21549
 16256
 14412
 22356
 8919
 18202
 14318
 17885
 16466
 25332
 18475
 26634
 9406
 18516
 14460
 8290
 9339
 14604
 10848
 17843
 15693
 12967
 21443
 10668
 14360
 10722
 26080
 14382
 15820
 18813
 27493
 26173
 17191
 9778
 14486
 18459
 10487
 11525
 8309
 11094
 12799
 9820
 17376
 16385
 12188
 19793
 13851
 24961
 10536
 12998
 15088
 12329
 9471
 23737
 14068
 18888
 18464
 19032
 13803
 24032
 8726
 10870
 14031
 9723
 23864
 10015
 16685
 13689
 21550
 11880
 20625
 20429
 14677
 15915
 22276
 21225
 21508
 18801
 18642
 16887
 12048
 12656
 18289
 19530
 16301
 11128
 12894
 10932
 21654
 12424
 19274
 15929
 12719
 13254
 25270
 21955
 19976
 15471
 23066
 15608
 11461
 15564
 13964
 13225
 17212
 28166
 22175
 16812
 13054
 9435
 9802
 25517
 21114
 16210
 17355
 16928
 20863
 14827
 10891
 21625
 9792
 14266
 24420
 17568
 11357
 10261
 8832
 9887
 19903
 21836
 12612
 22686
 14691
 14585
 24333
 20722
 9788
 24920
 15770
 20785
 27634
 8536
 27146
 10665
 24783
 16242
 13351
 16753
 20188
 20859
 14339
 27552
 17479
 25109
 19169
 23965
 17160
 27434
 18424
 26134
 17828
 16891
 8467
 22613
 16370
 12822
 15517
 10384
 10524
 12774
 13147
 27232
 25640
 26512
 25498
 17748
 13303
 11899
 9804
 22151
 21966
 25423
 10060
 10895
 13587
 17602
 17610
 21048
 9466
 23886
 15523
 10608
 25601
 16679
 9008
 12292
 21208
 26027
 10147
 11883
 20741
 12123
 12397
 19457
 18119
 16714
 18531
 13943
 11194
 8883
 14402
 23785
 13467
 14896
 10960
 12208
 15724
 27112
 25221
 16729
 12729
 21672
 13227
 8821
 14876
 12725
 24002
 10611
 19038
 12897
 25863
 11115
 8800
 11613
 17461
 17212
 15705
 9902
 14924
 15865
 11712
 22851
 26225
 15999
 14316
 14757
 24951
 12106
 24697
 15568
 22717
 28136
 16527
 27489
 14103
 17422
 20510
 23120
 20145
 27370
 17580
 11232
 19153
 10648
 11795
 13685
 14749
 9465
 26916
 15941
 14973
 9121
 11312
 8786
 19586
 9584
 27561
 20663
 18791
 11268
 21124
 25921
 14967
 16077
 21090
 12672
 25103
 22049
 18863
 26974
 21062
 27120
 11370
 14543
 21514
 20347
 15558
 16266
 27596
 19936
 25393
 20407
 13983
 10457
 19027
 17161
 12956
 17318
 10297
 20142
 19786
 8744
 16051
 16612
 11005
 16112
 20698
 13198
 15420
 25015
 15031
 11655
 20071
 10863
 11136
 9911
 16057
 22906
 9123
 11076
 16266
 10490
 17128
 22443
 13337
 22216
 8785
 25007
 14504
 21192
 15814
 23665
 15783
 16413
 14799
 12640
 9558
 20250
 20289
 27987
 13093
 15929
 21149
 25557
 14655
 16046
 14421
 20127
 28134
 26622
 14096
 16397
 10720
 10509
 26000
 9674
 9427
 14038
 14322
 24845
 11021
 19647
 18678
 20808
 20711
 26219
 16960
 20030
 11818
 11409
 22686
 22294
 26707
 17229
 14250
 10861
 17523
 14870
 16658
 27088
 21946
 12624
 22519
 13226
 12309
 20290
 15475
 16059
 23029
 21163
 18110
 22986
 10067
 14801
 9650
 11325
 10737
 28474
 19790
 27526
 24834
 25566
 10296
 24319
 12620
 16956
 16710
 18009
 14477
 17677
 12863
 15634
 22236
 14870
 27934
 9126
 12082
 9346
 19671
 18503
 17160
 11663
 18588
 26767
 12290
 9063
 11842
 26837
 19181
 13554
 13120
 15967
 10885
 24074
 10648
 14135
 18810
 15983
 21337
 18465
 12084
 15100
 8708
 9708
 14292
 20154
 12622
 27143
 23549
 14707
 12293
 25781
 28147
 19210
 15702
 11780
 19107
 10217
 15182
 9147
 8835
 24667
 17215
 8914
 9179
 23035
 16390
 21990
 22725
 28013
 22443
 24717
 28304
 15915
 22217
 23431
 9483
 13634
 13134
 16885
 18848
 11551
 17701
 11310
 18399
 10308
 10898
 20176
 25021
 26335
 25789
 11925
 14108
 10621
 13843
 16486
 15853
 15003
 18058
 10003
 26195
 12349
 15844
 23044
 25258
 10883
 16533
 15562
 14184
 15000
 21992
 23449
 12579
 9804
 14302
 11450
 10867
 17061
 8825
 9596
 12536
 23634
 16601
 11787
 11647
 25824
 11812
 24292
 18434
 14512
 18539
 17703
 26062
 28361
 13323
 27982
 27529
 25514
 19921
 22269
 26387
 27843
 20450
 18491
 16268
 10308
 9466
 8896
 21815
 26101
 13939
 18703
 21085
 23080
 25672
 11686
 16949
 11981
 17594
 24499
 26914
 27012
 20307
 9258
 12477
 21016
 20937
 15092
 23861
 23466
 12997
 11594
 19093
 10283
 11269
 21922
 18373
 14190
 11839
 9289
 15283
 27965
 13895
 12722
 15955
 22091
 8947
 17518
 18820
 16394
 17468
 17532
 20982
 12702
 9256
 19011
 21673
 20882
 20710
 20958
 12695
 23145
 14265
 14519
 18613
 18807
 18713
 14679
 18741
 27954
 26262
 10140
 14160
 20483
 12319
 19596
 15970
 27297
 20258
 27050
 13846
 24736
 13684
 12071
 18949
 20998
 23635
 20410
 17657
 13054
 16170
 10419
 16630
 19409
 14581
 28364
 24571
 9969
 23014
 25953
 25221
 25624
 11623
 11906
 16341
 19857
 12641
 26598
 13043
 21780
 14716
 28227
 24691
 9976
 24456
 10587
 27127
 24996
 21276
 9848
 24981
 19302
 19580
 20412
 15194
 16328
 9920
 13394
 9903
 18688
 25907
 11497
 24284
 17671
 10234
 21378
 25802
 16813
 21494
 16488
 14317
 10603
 9163
 20864
 21793
 10680
 15041
 9345
 10452
 19776
 10666
 28357
 27045
 15921
 17478
 12288
 10380
 27192
 14148
 27281
 20858
 27180
 17866
 22551
 12098
 18249
 16758
 15525
 19832
 18753
 14245
 13049
 11096
 22509
 21717
 14954
 21674
 18250
 13895
 12864
 23557
 24098
 19879
 16072
 15026
 12040
 26830
 19496
 28339
 8968
 27943
 26800
 11459
 16029
 10865
 16914
 14527
 9029
 12677
 28723
 16262
 22067
 20536
 13858
 11613
 20996
 13923
 19592
 21398
 9684
 10977
 21153
 10769
 11474
 27641
 28842
 20643
 15153
 11645
 16507
 19383
 26144
 15410
 18903
 9043
 18652
 18385
 15106
 21596
 9828
 28429
 19987
 26236
 19821
 25974
 24746
 26563
 20471
 14141
 19587
 11339
 14816
 10521
 13547
 20577
 11864
 12265
 21618
 14465
 12821
 17435
 20514
 10753
 21352
 20237
 27952
 14256
 21295
 24338
 9744
 20256
 20748
 15735
 25742
 21443
 26838
 17670
 25338
 25266
 17326
 14154
 13315
 9651
 16309
 12725
 17639
 18396
 11676
 17183
 13993
 9299
 18204
 20143
 20805
 17687
 11976
 11231
 10177
 13829
 17503
 12443
 23396
 27156
 14502
 9738
 14283
 14114
 9077
 18705
 23513
 19506
 9937
 25332
 20399
 26101
 16891
 13758
 9276
 19338
 19302
 16482
 21271
 22337
 24527
 9987
 16619
 15748
 24616
 15089
 19218
 16727
 17493
 15158
 17957
 23102
 9626
 17936
 16851
 22561
 18100
 19199
 20944
 17996
 13128
 11393
 21263
 12698
 17658
 24060
 10867
 22675
 14047
 18300
 25091
 13011
 23380
 24221
 13757
 14029
 9552
 18092
 18892
 16304
 20471
 15369
 18044
 18600
 10033
 20175
 11021
 18408
 27226
 12471
 14790
 26375
 12635
 19482
 19277
 27529
 19770
 15574
 27540
 10144
 9965
 26963
 17269
 14066
 26420
 17766
 11810
 14716
 19048
 17174
 19350
 15383
 9550
 28541
 20368
 21082
 14385
 14193
 17314
 28288
 13679
 26115
 28772
 14444
 14483
 18023
 27982
 21994
 22755
 23446
 10982
 14872
 23098
 13616
 21495
 17093
 18136
 12582
 18627
 20760
 21816
 21623
 19225
 21172
 20675
 20570
 18826
 14906
 17796
 17308
 13657
 17680
 27515
 10921
 14866
 14465
 15606
 24400
 20029
 20805
 13437
 9858
 26674
 19683
 20396
 14523
 24398
 21460
 21383
 19365
 17543
 28201
 15784
 20313
 10717
 15888
 11549
 18855
 12178
 28594
 11824
 10264
 17083
 12609
 26087
 17490
 18839
 22864
 14925
 10044
 12704
 23683
 17008
 20195
 22815
 11562
 18029
 16604
 11717
 14312
 13544
 17546
 18455
 21080
 28097
 12771
 21737
 22290
 9315
 12302
 29135
 13130
 15551
 20623
 14800
 12409
 25113
 14086
 14716
 12993
 15040
 9813
 19007
 21963
 18724
 14113
 14166
 12724
 14147
 26363
 12130
 21639
 23141
 22527
 25050
 27596
 15113
 10876
 19302
 21986
 15647
 18549
 24970
 10888
 13432
 21063
 18655
 11427
 13146
 16013
 24776
 15131
 20536
 12609
 18275
 14758
 9441
 20004
 16510
 16777
 23352
 15423
 20653
 9980
 11525
 16746
 16505
 20109
 16874
 17165
 20603
 24360
 17816
 16741
 15978
 19478
 17442
 14922
 10673
 28388
 18802
 20079
 17860
 16486
 17979
 23529
 20020
 21722
 20080
 14995
 13888
 21489
 9459
 20529
 28015
 19180
 20112
 18612
 13020
 13444
 20938
 15454
 14705
 12109
 10390
 14758
 13943
 15131
 23239
 17886
 11981
 11494
 21834
 19059
 11063
 26730
 12083
 14485
 18393
 15826
 19927
 12183
 24132
 14325
 18268
 10777
 24047
 16865
 23149
 15269
 28586
 13816
 20243
 18518
 13616
 28472
 24609
 16448
 9979
 16544
 21230
 12460
 13884
 13328
 23752
 21698
 15274
 14159
 20615
 22508
 24955
 23347
 18335
 24472
 13329
 17981
 13723
 18687
 28759
 16738
 13254
 15364
 18220
 17137
 20779
 25951
 21215
 10002
 13473
 19930
 10684
 19340
 19967
 10107
 12325
 15946
 9974
 16548
 24101
 22302
 13950
 15288
 15905
 23879
 10257
 15198
 28592
 28239
 27288
 10826
 14028
 13048
 15874
 16283
 12425
 21784
 13916
 22463
 20486
 19330
 15582
 19294
 16450
 10535
 28290
 23573
 20657
 25789
 18746
 9825
 10479
 26079
 9986
 27327
 12084
 17557
 10708
 29201
 10824
 28885
 26875
 17188
 14680
 13354
 10986
 16912
 13802
 11988
 18541
 10655
 22894
 14096
 20672
 15666
 10390
 12378
 13183
 29024
 24104
 11536
 10078
 20320
 28368
 10104
 28602
 23786
 11739
 12293
 20303
 12825
 29186
 15094
 16844
 21811
 11875
 18528
 15236
 19340
 22135
 19981
 17222
 12711
 19007
 10788
 20239
 20607
 20480
 18507
 29150
 22213
 10833
 13483
 13416
 17259
 14450
 15923
 27822
 22177
 23295
 20383
 25260
 13917
 13861
 24506
 23539
 24928
 9717
 24450
 19801
 25463
 29303
 16620
 21743
 14239
 11264
 20903
 16915
 19949
 24647
 25028
 21607
 16780
 28116
 14166
 12738
 18600
 17498
 22007
 20422
 25131
 14280
 10828
 11858
 16294
 21594
 26154
 16984
 13587
 16949
 18617
 21457
 20376
 9906
 20759
 25872
 14895
 10586
 14784
 13396
 28259
 14612
 19437
 25186
 11485
 13402
 14970
 12083
 22112
 16243
 10989
 28394
 20402
 9629
 17012
 19209
 25276
 19080
 18765
 21955
 25492
 14187
 16300
 9813
 17913
 17873
 24345
 27057
 24990
 21460
 23320
 10747
 21611
 15886
 11693
 29272
 24672
 16011
 17823
 19395
 10459
 15971
 13500
 17410
 15324
 11686
 27325
 24792
 14919
 12345
 10764
 21373
 17930
 17760
 26083
 12843
 13408
 9852
 20087
 11962
 19957
 18551
 17941
 10094
 24811
 22238
 23148
 14159
 25340
 28207
 25195
 17146
 11649
 15762
 13260
 27894
 13426
 12972
 16241
 13385
 28015
 15666
 21965
 18444
 13310
 17564
 17095
 13052
 16470
 21818
 26555
 22003
 20348
 13931
 10625
 12631
 11404
 28459
 17618
 14897
 14842
 21356
 25640
 26176
 24121
 10185
 29221
 11182
 19516
 12343
 11543
 20899
 21627
 17117
 14650
 20058
 11929
 26438
 19007
 11313
 19907
 19700
 17548
 23972
 13531
 24311
 19428
 17916
 23670
 10366
 15848
 10212
 26882
 11469
 15485
 27389
 15053
 20368
 17264
 26130
 14594
 11599
 16024
 25006
 16021
 13026
 28027
 16781
 26432
 14631
 20339
 26865
 18031
 28753
 11026
 17718
 15834
 23811
 15716
 25575
 18160
 24798
 9973
 20818
 13052
 10264
 17138
 27289
 18659
 17390
 17428
 9739
 13707
 17179
 24090
 20051
 25731
 27976
 12694
 13935
 14590
 11494
 17388
 13475
 26657
 15258
 14646
 21231
 12096
 11193
 25867
 13599
 14628
 22389
 14593
 11105
 10064
 28566
 13552
 25212
 19588
 17196
 19449
 19295
 28097
 20163
 25159
 22136
 14029
 13112
 14485
 13286
 12058
 22092
 14225
 10513
 17571
 20983
 14687
 14488
 16118
 9854
 15104
 27275
 27096
 16488
 14005
 20219
 19749
 21838
 15454
 13326
 16759
 18449
 17224
 17464
 23050
 16272
 14727
 11270
 25693
 15066
 10624
 13052
 21307
 17824
 19306
 28482
 16827
 14255
 18197
 26682
 28516
 20605
 21964
 10261
 18325
 12545
 11127
 10983
 10756
 10184
 25189
 22168
 23366
 13606
 19880
 14428
 14511
 24170
 16065
 21989
 21466
 19797
 20797
 26200
 28234
 13035
 17792
 19646
 19218
 11658
 25313
 16219
 15026
 21660
 27222
 26276
 12579
 11496
 11346
 15436
 15158
 22190
 20107
 24032
 15799
 10610
 22401
 16821
 23544
 21624
 11293
 19966
 10827
 10449
 10550
 16610
 18319
 21173
 11993
 20173
 22736
 10802
 24170
 25189
 26504
 15875
 16038
 24640
 17322
 22532
 22507
 14836
 10144
 14469
 18106
 27888
 19187
 29502
 22236
 27721
 10796
 11042
 10307
 25399
 17529
 27799
 18962
 17378
 22162
 18629
 13696
 20758
 25180
 10316
 14296
 10431
 11693
 17979
 15812
 27505
 19825
 15870
 25548
 19654
 19725
 12120
 28698
 17230
 25698
 20274
 19296
 12194
 20341
 17778
 16316
 22394
 14060
 29807
 10970
 16352
 15483
 13667
 19066
 10468
 27551
 22627
 17684
 12464
 18923
 18412
 25561
 29855
 25026
 21054
 22172
 16810
 11332
 12109
 23633
 13924
 10700
 26709
 19349
 18983
 17529
 26286
 13071
 16813
 21644
 20992
 21205
 25060
 19121
 11961
 13745
 11196
 12354
 10109
 14949
 21026
 27176
 21181
 19308
 19506
 17667
 10347
 25476
 22440
 19212
 16044
 13513
 12664
 11065
 19151
 16164
 11584
 16673
 11198
 10404
 11194
 10240
 19667
 21227
 11478
 11805
 16589
 14988
 10439
 10827
 12770
 21939
 27836
 15021
 18774
 11622
 22642
 18461
 17037
 25482
 14664
 21038
 15710
 16714
 15444
 12400
 10666
 14900
 24404
 18901
 24555
