 280
 291
 390
 390
 412
 429
 435
 463
 666
 715
 731
 783
 790
 841
 845
 848
 854
 885
 888
 906
 918
 939
 976
 1032
 1035
 1055
 1077
 1118
 1119
 1173
 1189
 1204
 1221
 1238
 1259
 1261
 1272
 1275
 1278
 1278
 1285
 1287
 1294
 1318
 1321
 1361
 1364
 1372
 1387
 1403
 1404
 1419
 1423
 1464
 1473
 1486
 1500
 1511
 1533
 1551
 1556
 1559
 1564
 1568
 1572
 1578
 1585
 1593
 1598
 1600
 1611
 1657
 1667
 1674
 1683
 1686
 1695
 1698
 1705
 1715
 1727
 1729
 1732
 1734
 1743
 1753
 1767
 1771
 1780
 1790
 1794
 1814
 1822
 1828
 1829
 1835
 1840
 1841
 1841
 1851
 1853
 1856
 1881
 1889
 1893
 1896
 1897
 1898
 1899
 1903
 1904
 1919
 1919
 1920
 1921
 1942
 1946
 1963
 1978
 1981
 1984
 1992
 1996
 2028
 2061
 2073
 2106
 2107
 2117
 2127
 2130
 2132
 2147
 2171
 2175
 2176
 2179
 2180
 2198
 2199
 2201
 2205
 2213
 2214
 2234
 2240
 2244
 2246
 2252
 2253
 2256
 2261
 2266
 2274
 2309
 2316
 2334
 2335
 2337
 2343
 2351
 2359
 2360
 2367
 2370
 2371
 2372
 2388
 2398
 2404
 2408
 2420
 2424
 2425
 2440
 2454
 2461
 2480
 2481
 2493
 2495
 2502
 2523
 2530
 2535
 2538
 2538
 2541
 2555
 2559
 2561
 2567
 2568
 2570
 2582
 2584
 2586
 2590
 2593
 2603
 2605
 2612
 2641
 2669
 2675
 2697
 2704
 2726
 2728
 2739
 2743
 2744
 2750
 2759
 2764
 2771
 2780
 2787
 2793
 2805
 2811
 2811
 2813
 2832
 2833
 2834
 2842
 2851
 2854
 2854
 2859
 2871
 2891
 2891
 2898
 2902
 2904
 2919
 2934
 2938
 2963
 2967
 2976
 2990
 3003
 3003
 3009
 3021
 3031
 3053
 3054
 3054
 3057
 3058
 3065
 3066
 3067
 3072
 3075
 3080
 3080
 3082
 3088
 3099
 3104
 3105
 3106
 3109
 3109
 3110
 3115
 3118
 3126
 3143
 3147
 3158
 3162
 3165
 3166
 3168
 3168
 3170
 3170
 3175
 3180
 3183
 3196
 3199
 3199
 3202
 3203
 3206
 3218
 3223
 3224
 3227
 3230
 3233
 3240
 3247
 3250
 3263
 3268
 3271
 3274
 3286
 3287
 3299
 3303
 3305
 3307
 3315
 3315
 3318
 3325
 3327
 3329
 3329
 3340
 3352
 3352
 3352
 3354
 3354
 3358
 3363
 3364
 3366
 3370
 3372
 3373
 3379
 3393
 3401
 3405
 3413
 3414
 3414
 3430
 3431
 3431
 3434
 3440
 3440
 3455
 3456
 3461
 3462
 3462
 3464
 3468
 3470
 3471
 3473
 3478
 3480
 3486
 3501
 3503
 3510
 3510
 3511
 3517
 3531
 3532
 3536
 3537
 3537
 3542
 3544
 3544
 3548
 3553
 3558
 3573
 3582
 3584
 3586
 3590
 3601
 3603
 3611
 3612
 3637
 3645
 3646
 3648
 3652
 3655
 3655
 3665
 3668
 3670
 3679
 3681
 3686
 3701
 3702
 3720
 3720
 3726
 3726
 3727
 3732
 3732
 3736
 3739
 3742
 3751
 3756
 3758
 3772
 3777
 3784
 3786
 3792
 3793
 3801
 3802
 3804
 3804
 3808
 3809
 3810
 3819
 3827
 3829
 3832
 3844
 3844
 3851
 3853
 3854
 3855
 3855
 3862
 3875
 3876
 3878
 3879
 3884
 3886
 3887
 3889
 3896
 3898
 3900
 3901
 3902
 3902
 3907
 3914
 3916
 3919
 3920
 3921
 3928
 3930
 3932
 3937
 3937
 3941
 3948
 3955
 3957
 3976
 3985
 3987
 3993
 4004
 4005
 4009
 4011
 4012
 4012
 4014
 4022
 4027
 4028
 4028
 4032
 4033
 4036
 4039
 4042
 4044
 4044
 4046
 4048
 4054
 4057
 4058
 4062
 4067
 4073
 4073
 4076
 4081
 4093
 4105
 4106
 4108
 4114
 4116
 4117
 4118
 4124
 4125
 4126
 4127
 4132
 4132
 4134
 4149
 4160
 4160
 4164
 4173
 4175
 4185
 4188
 4190
 4201
 4203
 4206
 4211
 4215
 4218
 4218
 4223
 4226
 4227
 4228
 4230
 4234
 4247
 4251
 4253
 4256
 4257
 4259
 4260
 4262
 4264
 4266
 4271
 4272
 4275
 4275
 4298
 4301
 4307
 4310
 4311
 4316
 4320
 4322
 4329
 4330
 4336
 4340
 4341
 4341
 4342
 4343
 4348
 4360
 4361
 4364
 4368
 4371
 4375
 4378
 4383
 4383
 4389
 4392
 4392
 4400
 4400
 4405
 4406
 4407
 4412
 4419
 4420
 4423
 4423
 4424
 4424
 4427
 4429
 4432
 4434
 4437
 4443
 4445
 4445
 4451
 4452
 4454
 4455
 4458
 4463
 4466
 4471
 4471
 4472
 4478
 4479
 4490
 4495
 4496
 4499
 4499
 4500
 4505
 4507
 4509
 4516
 4517
 4520
 4522
 4523
 4525
 4533
 4538
 4538
 4539
 4540
 4545
 4548
 4551
 4555
 4558
 4560
 4562
 4565
 4570
 4570
 4570
 4576
 4579
 4583
 4591
 4596
 4597
 4598
 4600
 4604
 4605
 4606
 4610
 4612
 4617
 4622
 4624
 4644
 4645
 4656
 4656
 4659
 4659
 4662
 4663
 4665
 4666
 4671
 4671
 4671
 4672
 4673
 4682
 4683
 4688
 4696
 4698
 4699
 4700
 4705
 4713
 4715
 4716
 4722
 4722
 4728
 4734
 4735
 4736
 4739
 4739
 4741
 4744
 4755
 4762
 4762
 4771
 4775
 4779
 4779
 4793
 4795
 4802
 4807
 4810
 4811
 4812
 4814
 4815
 4816
 4816
 4822
 4823
 4844
 4846
 4850
 4852
 4853
 4857
 4859
 4861
 4866
 4867
 4869
 4871
 4883
 4886
 4889
 4891
 4893
 4894
 4898
 4901
 4906
 4908
 4912
 4915
 4916
 4916
 4919
 4931
 4938
 4941
 4957
 4958
 4959
 4966
 4978
 4980
 4986
 4987
 4992
 5004
 5006
 5006
 5011
 5011
 5018
 5018
 5019
 5022
 5028
 5032
 5038
 5040
 5040
 5046
 5047
 5047
 5048
 5057
 5058
 5069
 5070
 5071
 5073
 5077
 5079
 5085
 5086
 5087
 5087
 5088
 5091
 5091
 5098
 5105
 5109
 5112
 5116
 5118
 5121
 5131
 5134
 5134
 5137
 5139
 5140
 5147
 5148
 5155
 5165
 5173
 5179
 5181
 5182
 5189
 5197
 5198
 5201
 5204
 5205
 5211
 5212
 5214
 5219
 5225
 5240
 5243
 5244
 5247
 5248
 5249
 5255
 5263
 5265
 5274
 5278
 5281
 5284
 5293
 5296
 5299
 5300
 5301
 5308
 5309
 5311
 5317
 5323
 5323
 5330
 5333
 5333
 5352
 5352
 5354
 5359
 5363
 5369
 5370
 5372
 5372
 5374
 5374
 5374
 5377
 5379
 5380
 5380
 5383
 5384
 5389
 5400
 5403
 5414
 5416
 5422
 5425
 5425
 5426
 5426
 5427
 5429
 5430
 5432
 5432
 5436
 5437
 5437
 5438
 5439
 5441
 5444
 5447
 5447
 5448
 5455
 5458
 5459
 5461
 5466
 5466
 5470
 5473
 5479
 5482
 5484
 5485
 5485
 5487
 5491
 5492
 5495
 5498
 5500
 5508
 5511
 5512
 5519
 5519
 5520
 5522
 5525
 5526
 5529
 5530
 5532
 5532
 5538
 5541
 5542
 5543
 5543
 5543
 5543
 5545
 5547
 5549
 5550
 5550
 5550
 5552
 5555
 5555
 5556
 5556
 5558
 5559
 5560
 5560
 5563
 5564
 5565
 5570
 5574
 5575
 5587
 5603
 5603
 5609
 5611
 5614
 5615
 5618
 5618
 5619
 5619
 5619
 5620
 5621
 5624
 5625
 5630
 5630
 5639
 5640
 5641
 5642
 5642
 5653
 5664
 5666
 5667
 5669
 5669
 5671
 5673
 5675
 5677
 5681
 5681
 5684
 5685
 5698
 5705
 5707
 5710
 5712
 5713
 5714
 5716
 5718
 5722
 5723
 5725
 5729
 5731
 5731
 5737
 5737
 5738
 5744
 5745
 5757
 5758
 5759
 5761
 5763
 5771
 5772
 5772
 5773
 5778
 5780
 5783
 5786
 5788
 5789
 5792
 5808
 5812
 5815
 5816
 5819
 5821
 5823
 5826
 5828
 5833
 5840
 5847
 5851
 5857
 5869
 5881
 5884
 5884
 5898
 5905
 5906
 5907
 5913
 5914
 5916
 5917
 5918
 5921
 5921
 5924
 5928
 5931
 5932
 5936
 5939
 5941
 5944
 5959
 5959
 5963
 5964
 5964
 5968
 5980
 5981
 5983
 5986
 5987
 5989
 5989
 5992
 5993
 6000
 6001
 6009
 6013
 6015
 6016
 6016
 6018
 6024
 6024
 6031
 6034
 6036
 6039
 6042
 6045
 6048
 6053
 6054
 6055
 6065
 6066
 6067
 6067
 6068
 6068
 6070
 6072
 6075
 6077
 6081
 6084
 6085
 6085
 6086
 6091
 6093
 6093
 6093
 6101
 6103
 6109
 6110
 6111
 6113
 6117
 6123
 6123
 6125
 6126
 6127
 6129
 6131
 6131
 6134
 6135
 6138
 6140
 6143
 6143
 6146
 6152
 6154
 6162
 6164
 6164
 6165
 6170
 6171
 6172
 6173
 6174
 6177
 6177
 6178
 6178
 6181
 6184
 6186
 6197
 6199
 6203
 6204
 6212
 6216
 6218
 6220
 6222
 6224
 6231
 6236
 6237
 6243
 6247
 6249
 6250
 6256
 6262
 6271
 6272
 6272
 6276
 6280
 6280
 6286
 6287
 6289
 6298
 6302
 6305
 6306
 6308
 6310
 6311
 6314
 6314
 6319
 6321
 6321
 6323
 6328
 6332
 6332
 6333
 6335
 6339
 6341
 6343
 6349
 6351
 6352
 6364
 6372
 6373
 6375
 6376
 6376
 6382
 6384
 6385
 6400
 6401
 6402
 6408
 6414
 6415
 6418
 6418
 6419
 6420
 6421
 6427
 6432
 6434
 6435
 6454
 6456
 6462
 6465
 6466
 6468
 6470
 6479
 6480
 6481
 6486
 6488
 6489
 6489
 6491
 6496
 6498
 6498
 6502
 6504
 6505
 6506
 6508
 6510
 6513
 6518
 6518
 6519
 6521
 6521
 6523
 6525
 6531
 6534
 6545
 6546
 6548
 6550
 6551
 6554
 6554
 6558
 6559
 6562
 6564
 6565
 6569
 6569
 6572
 6575
 6576
 6581
 6583
 6584
 6585
 6588
 6590
 6592
 6596
 6597
 6600
 6612
 6614
 6619
 6621
 6623
 6625
 6625
 6630
 6635
 6635
 6637
 6641
 6642
 6644
 6645
 6649
 6653
 6653
 6656
 6657
 6659
 6660
 6663
 6667
 6668
 6670
 6671
 6673
 6675
 6682
 6684
 6694
 6696
 6697
 6697
 6697
 6697
 6697
 6698
 6698
 6701
 6703
 6707
 6710
 6710
 6716
 6723
 6725
 6733
 6734
 6735
 6736
 6736
 6739
 6743
 6743
 6743
 6746
 6748
 6750
 6750
 6751
 6755
 6757
 6758
 6776
 6780
 6781
 6782
 6784
 6792
 6792
 6792
 6792
 6793
 6796
 6796
 6796
 6800
 6803
 6804
 6807
 6808
 6808
 6810
 6810
 6811
 6811
 6816
 6817
 6822
 6823
 6825
 6829
 6829
 6830
 6834
 6835
 6840
 6840
 6841
 6847
 6849
 6849
 6852
 6855
 6855
 6856
 6859
 6860
 6865
 6869
 6870
 6870
 6870
 6873
 6876
 6876
 6879
 6881
 6882
 6883
 6888
 6889
 6891
 6893
 6894
 6896
 6897
 6900
 6900
 6901
 6907
 6910
 6914
 6914
 6917
 6918
 6919
 6920
 6923
 6923
 6925
 6932
 6933
 6936
 6938
 6939
 6944
 6944
 6944
 6951
 6952
 6955
 6956
 6956
 6956
 6958
 6961
 6963
 6968
 6968
 6970
 6974
 6975
 6977
 6979
 6979
 6980
 6982
 6986
 6986
 6989
 6989
 6989
 6991
 6993
 6994
 6994
 6996
 6997
 7001
 7002
 7004
 7004
 7005
 7007
 7007
 7011
 7013
 7022
 7024
 7025
 7028
 7029
 7030
 7034
 7036
 7041
 7043
 7043
 7045
 7046
 7047
 7048
 7053
 7054
 7055
 7055
 7062
 7065
 7072
 7079
 7081
 7088
 7096
 7099
 7102
 7105
 7105
 7106
 7117
 7117
 7125
 7130
 7131
 7131
 7136
 7136
 7137
 7141
 7143
 7143
 7147
 7151
 7155
 7158
 7160
 7161
 7164
 7164
 7164
 7165
 7167
 7169
 7170
 7171
 7171
 7177
 7177
 7178
 7185
 7192
 7192
 7193
 7196
 7199
 7205
 7205
 7208
 7211
 7212
 7212
 7216
 7218
 7219
 7219
 7223
 7226
 7230
 7234
 7235
 7239
 7243
 7251
 7253
 7254
 7255
 7255
 7255
 7255
 7255
 7256
 7267
 7267
 7269
 7270
 7274
 7275
 7276
 7282
 7286
 7286
 7287
 7288
 7288
 7289
 7290
 7290
 7294
 7297
 7300
 7301
 7302
 7303
 7303
 7304
 7307
 7310
 7310
 7314
 7314
 7315
 7315
 7316
 7316
 7320
 7321
 7322
 7324
 7324
 7328
 7331
 7331
 7334
 7335
 7336
 7338
 7340
 7341
 7345
 7348
 7349
 7351
 7351
 7352
 7353
 7359
 7359
 7366
 7367
 7367
 7372
 7373
 7373
 7376
 7376
 7377
 7377
 7382
 7387
 7388
 7388
 7389
 7390
 7399
 7400
 7402
 7402
 7403
 7409
 7409
 7409
 7412
 7413
 7414
 7415
 7415
 7416
 7421
 7422
 7423
 7426
 7428
 7431
 7433
 7435
 7440
 7441
 7443
 7444
 7446
 7447
 7448
 7451
 7452
 7460
 7460
 7462
 7464
 7464
 7465
 7466
 7469
 7473
 7474
 7475
 7479
 7482
 7482
 7483
 7486
 7486
 7492
 7493
 7494
 7495
 7495
 7498
 7507
 7513
 7517
 7522
 7524
 7524
 7524
 7525
 7526
 7529
 7533
 7533
 7537
 7545
 7546
 7546
 7548
 7551
 7557
 7557
 7558
 7559
 7560
 7565
 7566
 7566
 7567
 7570
 7572
 7572
 7573
 7573
 7576
 7580
 7582
 7585
 7587
 7588
 7589
 7592
 7593
 7596
 7597
 7598
 7599
 7600
 7602
 7604
 7608
 7610
 7613
 7615
 7616
 7620
 7623
 7624
 7624
 7626
 7626
 7628
 7629
 7631
 7637
 7639
 7640
 7641
 7645
 7647
 7649
 7660
 7660
 7668
 7670
 7687
 7689
 7689
 7693
 7699
 7703
 7703
 7704
 7706
 7708
 7712
 7716
 7716
 7717
 7721
 7721
 7722
 7723
 7727
 7729
 7731
 7732
 7732
 7738
 7741
 7744
 7744
 7746
 7747
 7750
 7754
 7759
 7769
 7770
 7774
 7778
 7781
 7785
 7786
 7789
 7789
 7791
 7791
 7792
 7796
 7797
 7798
 7799
 7800
 7803
 7804
 7805
 7806
 7810
 7811
 7812
 7813
 7814
 7815
 7821
 7825
 7825
 7827
 7828
 7835
 7836
 7837
 7837
 7837
 7841
 7841
 7842
 7842
 7843
 7848
 7850
 7851
 7852
 7852
 7853
 7853
 7856
 7860
 7860
 7861
 7864
 7869
 7870
 7870
 7872
 7872
 7872
 7874
 7878
 7878
 7879
 7880
 7883
 7888
 7889
 7893
 7894
 7897
 7898
 7899
 7900
 7902
 7912
 7921
 7921
 7922
 7928
 7928
 7929
 7929
 7932
 7934
 7936
 7939
 7940
 7940
 7944
 7946
 7947
 7947
 7948
 7949
 7950
 7953
 7955
 7955
 7956
 7956
 7959
 7960
 7964
 7966
 7966
 7967
 7968
 7969
 7970
 7971
 7975
 7978
 7978
 7980
 7982
 7987
 7988
 7997
 7998
 8000
 8002
 8003
 8005
 8007
 8013
 8021
 8021
 8021
 8021
 8025
 8027
 8033
 8039
 8040
 8041
 8045
 8053
 8056
 8063
 8066
 8068
 8068
 8069
 8073
 8075
 8080
 8081
 8082
 8083
 8084
 8084
 8085
 8090
 8094
 8095
 8096
 8097
 8098
 8099
 8104
 8104
 8105
 8105
 8107
 8111
 8116
 8117
 8119
 8121
 8121
 8123
 8125
 8126
 8131
 8135
 8138
 8140
 8147
 8148
 8159
 8160
 8166
 8166
 8171
 8174
 8177
 8181
 8188
 8195
 8199
 8200
 8201
 8203
 8203
 8203
 8205
 8205
 8206
 8206
 8213
 8214
 8218
 8218
 8219
 8220
 8220
 8222
 8223
 8223
 8226
 8227
 8228
 8228
 8230
 8233
 8235
 8238
 8238
 8241
 8242
 8245
 8250
 8250
 8251
 8254
 8254
 8254
 8256
 8256
 8258
 8259
 8260
 8262
 8263
 8266
 8266
 8267
 8268
 8270
 8271
 8271
 8273
 8273
 8273
 8274
 8274
 8278
 8280
 8282
 8283
 8286
 8287
 8287
 8289
 8290
 8290
 8294
 8300
 8307
 8308
 8309
 8312
 8313
 8318
 8318
 8320
 8322
 8323
 8326
 8328
 8329
 8332
 8333
 8334
 8335
 8337
 8340
 8343
 8344
 8344
 8346
 8347
 8347
 8349
 8350
 8351
 8352
 8358
 8360
 8360
 8362
 8368
 8371
 8374
 8376
 8378
 8385
 8389
 8390
 8392
 8396
 8397
 8398
 8398
 8400
 8402
 8403
 8406
 8406
 8408
 8412
 8415
 8418
 8419
 8424
 8424
 8428
 8431
 8432
 8434
 8436
 8437
 8440
 8440
 8440
 8442
 8443
 8443
 8444
 8446
 8447
 8447
 8448
 8450
 8451
 8451
 8452
 8453
 8454
 8455
 8456
 8456
 8459
 8460
 8462
 8464
 8465
 8465
 8466
 8467
 8470
 8471
 8472
 8473
 8474
 8475
 8475
 8477
 8482
 8489
 8491
 8492
 8492
 8494
 8497
 8497
 8498
 8499
 8504
 8505
 8512
 8512
 8513
 8515
 8516
 8520
 8520
 8520
 8520
 8522
 8525
 8526
 8528
 8529
 8533
 8534
 8536
 8543
 8546
 8547
 8557
 8560
 8564
 8565
 8567
 8568
 8571
 8571
 8572
 8572
 8573
 8573
 8573
 8575
 8578
 8578
 8580
 8582
 8583
 8584
 8586
 8588
 8588
 8595
 8595
 8598
 8600
 8601
 8603
 8603
 8606
 8609
 8612
 8629
 8629
 8629
 8632
 8636
 8638
 8639
 8639
 8643
 8645
 8647
 8649
 8650
 8650
 8650
 8654
 8657
 8657
 8662
 8662
 8665
 8666
 8667
 8669
 8671
 8672
 8674
 8674
 8676
 8678
 8683
 8683
 8684
 8685
 8686
 8687
 8687
 8689
 8692
 8693
 8695
 8697
 8701
 8708
 8710
 8711
 8712
 8714
 8714
 8715
 8716
 8716
 8720
 8724
 8725
 8726
 8727
 8727
 8729
 8731
 8733
 8735
 8739
 8741
 8743
 8743
 8744
 8744
 8745
 8753
 8754
 8756
 8760
 8762
 8765
 8765
 8765
 8767
 8775
 8775
 8776
 8778
 8780
 8785
 8786
 8787
 8793
 8795
 8798
 8800
 8804
 8804
 8804
 8805
 8809
 8810
 8810
 8814
 8816
 8818
 8818
 8821
 8821
 8825
 8826
 8832
 8832
 8833
 8834
 8835
 8836
 8837
 8840
 8841
 8841
 8842
 8844
 8845
 8850
 8850
 8854
 8856
 8857
 8858
 8863
 8863
 8863
 8865
 8866
 8868
 8871
 8872
 8872
 8873
 8875
 8875
 8877
 8878
 8879
 8881
 8883
 8885
 8885
 8886
 8888
 8893
 8896
 8897
 8898
 8900
 8905
 8906
 8906
 8908
 8908
 8908
 8909
 8914
 8916
 8917
 8919
 8919
 8923
 8923
 8926
 8927
 8928
 8928
 8929
 8930
 8931
 8932
 8932
 8937
 8940
 8941
 8942
 8943
 8946
 8947
 8947
 8955
 8956
 8958
 8959
 8964
 8967
 8968
 8969
 8976
 8978
 8979
 8980
 8980
 8986
 8986
 8990
 8995
 8997
 8999
 8999
 9001
 9002
 9005
 9006
 9008
 9016
 9018
 9018
 9018
 9021
 9023
 9029
 9029
 9030
 9030
 9033
 9034
 9037
 9041
 9043
 9044
 9044
 9045
 9048
 9050
 9051
 9051
 9060
 9063
 9064
 9068
 9073
 9075
 9077
 9078
 9078
 9079
 9081
 9083
 9085
 9087
 9087
 9088
 9089
 9094
 9096
 9097
 9098
 9100
 9100
 9101
 9101
 9101
 9102
 9103
 9107
 9109
 9111
 9111
 9115
 9115
 9120
 9121
 9121
 9123
 9126
 9129
 9131
 9132
 9134
 9134
 9139
 9145
 9146
 9147
 9149
 9150
 9152
 9154
 9155
 9161
 9161
 9161
 9162
 9162
 9163
 9163
 9163
 9164
 9167
 9169
 9175
 9178
 9179
 9180
 9182
 9186
 9190
 9191
 9195
 9197
 9200
 9201
 9201
 9203
 9208
 9212
 9213
 9217
 9217
 9218
 9222
 9222
 9229
 9229
 9230
 9230
 9231
 9237
 9238
 9240
 9243
 9251
 9252
 9254
 9256
 9258
 9258
 9268
 9270
 9273
 9276
 9276
 9277
 9277
 9278
 9279
 9285
 9287
 9289
 9291
 9293
 9295
 9297
 9297
 9298
 9299
 9303
 9305
 9307
 9307
 9308
 9310
 9311
 9314
 9315
 9319
 9319
 9321
 9326
 9327
 9329
 9329
 9331
 9332
 9335
 9339
 9339
 9340
 9341
 9342
 9345
 9346
 9354
 9355
 9356
 9357
 9360
 9361
 9361
 9362
 9363
 9366
 9368
 9368
 9369
 9369
 9370
 9373
 9373
 9379
 9380
 9380
 9382
 9383
 9383
 9383
 9383
 9384
 9389
 9391
 9392
 9394
 9394
 9397
 9399
 9405
 9405
 9406
 9406
 9408
 9410
 9412
 9414
 9416
 9423
 9425
 9426
 9427
 9427
 9430
 9432
 9433
 9434
 9435
 9436
 9436
 9437
 9440
 9441
 9441
 9444
 9445
 9447
 9448
 9449
 9450
 9450
 9450
 9451
 9456
 9457
 9459
 9462
 9463
 9463
 9463
 9465
 9466
 9466
 9466
 9468
 9470
 9471
 9471
 9481
 9481
 9483
 9487
 9488
 9491
 9493
 9497
 9498
 9499
 9500
 9500
 9501
 9507
 9508
 9509
 9510
 9511
 9511
 9511
 9514
 9514
 9516
 9516
 9517
 9520
 9524
 9524
 9525
 9525
 9526
 9526
 9528
 9529
 9530
 9530
 9531
 9534
 9535
 9535
 9537
 9537
 9537
 9541
 9543
 9547
 9548
 9548
 9549
 9550
 9552
 9554
 9555
 9555
 9558
 9561
 9565
 9576
 9583
 9584
 9588
 9590
 9592
 9593
 9596
 9598
 9601
 9602
 9604
 9605
 9605
 9605
 9606
 9606
 9611
 9611
 9612
 9615
 9615
 9616
 9617
 9617
 9619
 9623
 9625
 9626
 9626
 9629
 9633
 9633
 9634
 9636
 9639
 9640
 9644
 9645
 9646
 9649
 9650
 9651
 9656
 9656
 9656
 9657
 9658
 9661
 9662
 9662
 9665
 9666
 9667
 9667
 9669
 9669
 9670
 9670
 9671
 9674
 9674
 9679
 9680
 9684
 9685
 9687
 9687
 9688
 9690
 9690
 9691
 9694
 9694
 9695
 9696
 9697
 9703
 9708
 9710
 9711
 9713
 9714
 9715
 9715
 9716
 9716
 9717
 9721
 9723
 9724
 9724
 9725
 9728
 9729
 9729
 9733
 9734
 9737
 9738
 9738
 9739
 9739
 9741
 9743
 9744
 9747
 9749
 9750
 9751
 9751
 9753
 9753
 9754
 9755
 9756
 9758
 9758
 9761
 9762
 9763
 9765
 9766
 9767
 9769
 9770
 9771
 9774
 9774
 9774
 9775
 9775
 9775
 9778
 9778
 9778
 9778
 9779
 9779
 9779
 9782
 9783
 9788
 9790
 9792
 9795
 9795
 9796
 9798
 9798
 9798
 9802
 9804
 9804
 9804
 9805
 9809
 9811
 9812
 9813
 9813
 9815
 9820
 9820
 9822
 9822
 9823
 9824
 9825
 9828
 9830
 9834
 9835
 9838
 9842
 9842
 9843
 9846
 9847
 9848
 9848
 9852
 9852
 9853
 9853
 9854
 9854
 9857
 9858
 9858
 9864
 9864
 9865
 9867
 9869
 9880
 9887
 9888
 9889
 9890
 9891
 9892
 9894
 9896
 9898
 9899
 9900
 9900
 9900
 9902
 9903
 9903
 9905
 9906
 9907
 9909
 9911
 9912
 9914
 9914
 9916
 9916
 9918
 9919
 9920
 9921
 9922
 9924
 9926
 9926
 9929
 9930
 9931
 9933
 9935
 9936
 9936
 9937
 9939
 9944
 9945
 9946
 9946
 9949
 9951
 9952
 9953
 9955
 9958
 9959
 9961
 9961
 9962
 9964
 9964
 9965
 9965
 9966
 9967
 9968
 9969
 9969
 9970
 9971
 9972
 9973
 9974
 9976
 9979
 9979
 9979
 9980
 9980
 9986
 9986
 9987
 9987
 9990
 9994
 9999
 10000
 10001
 10001
 10002
 10002
 10003
 10004
 10009
 10013
 10015
 10018
 10021
 10022
 10028
 10031
 10033
 10034
 10036
 10037
 10037
 10038
 10039
 10042
 10042
 10044
 10045
 10047
 10048
 10049
 10050
 10051
 10051
 10053
 10054
 10054
 10055
 10058
 10058
 10060
 10060
 10061
 10062
 10064
 10067
 10068
 10069
 10069
 10071
 10072
 10072
 10074
 10074
 10074
 10075
 10076
 10076
 10077
 10078
 10083
 10084
 10085
 10085
 10087
 10091
 10093
 10094
 10094
 10094
 10096
 10098
 10102
 10102
 10102
 10103
 10104
 10104
 10106
 10107
 10107
 10109
 10109
 10112
 10115
 10121
 10121
 10124
 10127
 10130
 10131
 10133
 10139
 10140
 10140
 10140
 10141
 10142
 10144
 10144
 10147
 10148
 10152
 10153
 10159
 10163
 10164
 10168
 10170
 10170
 10174
 10176
 10177
 10177
 10181
 10181
 10184
 10185
 10187
 10190
 10193
 10194
 10195
 10196
 10201
 10201
 10202
 10204
 10204
 10205
 10208
 10210
 10212
 10212
 10213
 10213
 10216
 10217
 10218
 10218
 10221
 10226
 10231
 10234
 10235
 10237
 10238
 10239
 10240
 10241
 10243
 10244
 10248
 10250
 10251
 10255
 10255
 10255
 10256
 10257
 10260
 10261
 10261
 10261
 10261
 10264
 10264
 10266
 10266
 10269
 10272
 10274
 10275
 10280
 10280
 10283
 10283
 10283
 10283
 10285
 10285
 10286
 10289
 10289
 10292
 10293
 10294
 10294
 10295
 10296
 10297
 10297
 10298
 10302
 10303
 10305
 10305
 10307
 10308
 10308
 10309
 10309
 10310
 10313
 10313
 10316
 10320
 10322
 10323
 10324
 10325
 10325
 10328
 10328
 10330
 10331
 10334
 10335
 10346
 10347
 10347
 10355
 10356
 10356
 10356
 10358
 10358
 10358
 10359
 10360
 10361
 10364
 10364
 10364
 10365
 10365
 10366
 10367
 10373
 10374
 10380
 10380
 10383
 10384
 10385
 10388
 10390
 10390
 10393
 10393
 10396
 10398
 10402
 10404
 10404
 10404
 10405
 10406
 10410
 10411
 10416
 10416
 10419
 10421
 10421
 10423
 10424
 10428
 10431
 10431
 10435
 10435
 10437
 10439
 10441
 10444
 10444
 10446
 10449
 10449
 10450
 10452
 10454
 10457
 10458
 10459
 10459
 10460
 10460
 10461
 10462
 10463
 10464
 10467
 10468
 10471
 10477
 10479
 10481
 10482
 10485
 10487
 10488
 10490
 10490
 10498
 10501
 10504
 10504
 10505
 10507
 10509
 10509
 10513
 10515
 10515
 10516
 10518
 10519
 10520
 10520
 10521
 10521
 10522
 10524
 10525
 10527
 10532
 10533
 10535
 10536
 10538
 10539
 10539
 10541
 10542
 10545
 10550
 10552
 10553
 10557
 10563
 10565
 10565
 10566
 10567
 10569
 10574
 10574
 10575
 10576
 10579
 10585
 10585
 10586
 10587
 10589
 10593
 10594
 10595
 10595
 10596
 10602
 10603
 10604
 10606
 10606
 10608
 10608
 10610
 10611
 10612
 10617
 10619
 10621
 10622
 10623
 10624
 10625
 10625
 10625
 10627
 10629
 10630
 10632
 10634
 10644
 10646
 10647
 10648
 10648
 10651
 10653
 10655
 10656
 10656
 10658
 10659
 10661
 10663
 10665
 10665
 10665
 10666
 10666
 10668
 10669
 10670
 10671
 10673
 10674
 10679
 10680
 10681
 10684
 10684
 10685
 10691
 10693
 10694
 10697
 10697
 10699
 10700
 10700
 10702
 10703
 10704
 10708
 10708
 10709
 10710
 10714
 10716
 10717
 10717
 10720
 10720
 10721
 10721
 10722
 10723
 10729
 10730
 10737
 10738
 10738
 10739
 10741
 10743
 10744
 10744
 10746
 10747
 10749
 10752
 10753
 10755
 10755
 10756
 10759
 10762
 10763
 10764
 10766
 10767
 10767
 10769
 10771
 10771
 10771
 10772
 10772
 10773
 10777
 10777
 10782
 10783
 10783
 10788
 10788
 10790
 10791
 10795
 10796
 10797
 10797
 10800
 10801
 10802
 10806
 10806
 10807
 10807
 10810
 10810
 10814
 10815
 10817
 10818
 10821
 10824
 10824
 10824
 10826
 10826
 10826
 10826
 10827
 10827
 10828
 10828
 10831
 10831
 10832
 10832
 10833
 10833
 10833
 10834
 10835
 10840
 10841
 10848
 10850
 10851
 10852
 10853
 10853
 10856
 10859
 10861
 10861
 10861
 10862
 10863
 10865
 10865
 10867
 10867
 10867
 10870
 10873
 10876
 10876
 10877
 10883
 10883
 10884
 10885
 10885
 10888
 10890
 10890
 10891
 10892
 10894
 10895
 10896
 10898
 10898
 10898
 10898
 10902
 10903
 10904
 10906
 10907
 10908
 10911
 10912
 10914
 10915
 10915
 10915
 10919
 10919
 10920
 10920
 10921
 10925
 10925
 10928
 10932
 10934
 10936
 10940
 10942
 10945
 10947
 10950
 10952
 10953
 10955
 10955
 10956
 10956
 10956
 10957
 10960
 10960
 10960
 10960
 10960
 10961
 10965
 10968
 10970
 10970
 10970
 10972
 10974
 10977
 10980
 10982
 10983
 10986
 10989
 10991
 10992
 10996
 10997
 10998
 10999
 10999
 11000
 11000
 11001
 11004
 11005
 11007
 11010
 11011
 11013
 11013
 11014
 11016
 11018
 11020
 11021
 11021
 11021
 11022
 11023
 11026
 11026
 11026
 11026
 11027
 11028
 11029
 11030
 11030
 11031
 11033
 11033
 11033
 11033
 11039
 11041
 11042
 11042
 11044
 11044
 11055
 11056
 11059
 11063
 11063
 11063
 11064
 11065
 11065
 11067
 11071
 11072
 11072
 11074
 11075
 11076
 11077
 11081
 11087
 11089
 11089
 11092
 11093
 11094
 11095
 11096
 11096
 11097
 11099
 11100
 11104
 11105
 11109
 11110
 11111
 11112
 11112
 11113
 11114
 11115
 11115
 11119
 11119
 11120
 11120
 11120
 11120
 11120
 11121
 11123
 11127
 11128
 11130
 11135
 11135
 11136
 11138
 11139
 11139
 11149
 11149
 11152
 11152
 11154
 11156
 11159
 11159
 11161
 11163
 11165
 11165
 11167
 11173
 11173
 11174
 11176
 11176
 11176
 11178
 11179
 11180
 11180
 11180
 11182
 11184
 11184
 11187
 11188
 11188
 11189
 11189
 11189
 11189
 11192
 11193
 11193
 11193
 11194
 11194
 11194
 11194
 11196
 11196
 11198
 11198
 11201
 11202
 11204
 11210
 11213
 11216
 11217
 11218
 11220
 11221
 11223
 11223
 11226
 11228
 11228
 11231
 11231
 11232
 11233
 11234
 11236
 11237
 11238
 11240
 11243
 11249
 11249
 11249
 11250
 11250
 11250
 11251
 11254
 11255
 11258
 11258
 11262
 11262
 11262
 11263
 11264
 11265
 11267
 11268
 11269
 11270
 11273
 11282
 11283
 11283
 11284
 11285
 11285
 11287
 11291
 11293
 11295
 11296
 11300
 11302
 11303
 11309
 11310
 11310
 11312
 11312
 11313
 11313
 11317
 11318
 11318
 11321
 11323
 11323
 11323
 11325
 11326
 11326
 11329
 11330
 11331
 11331
 11332
 11332
 11334
 11335
 11335
 11335
 11336
 11338
 11339
 11339
 11340
 11341
 11342
 11345
 11346
 11346
 11347
 11350
 11353
 11353
 11354
 11355
 11356
 11357
 11357
 11358
 11359
 11365
 11367
 11369
 11369
 11370
 11370
 11376
 11380
 11382
 11388
 11388
 11389
 11393
 11393
 11394
 11397
 11398
 11401
 11401
 11403
 11404
 11406
 11409
 11410
 11411
 11417
 11420
 11426
 11427
 11427
 11428
 11429
 11430
 11431
 11434
 11435
 11436
 11437
 11439
 11443
 11448
 11450
 11453
 11454
 11455
 11456
 11459
 11460
 11461
 11465
 11469
 11469
 11472
 11473
 11474
 11477
 11478
 11479
 11480
 11481
 11482
 11483
 11485
 11486
 11488
 11494
 11494
 11494
 11495
 11496
 11496
 11497
 11497
 11499
 11503
 11506
 11507
 11507
 11508
 11511
 11518
 11519
 11521
 11525
 11525
 11525
 11526
 11531
 11532
 11532
 11534
 11536
 11539
 11543
 11546
 11546
 11548
 11548
 11548
 11549
 11551
 11557
 11559
 11562
 11562
 11566
 11566
 11568
 11571
 11572
 11572
 11574
 11574
 11576
 11577
 11578
 11579
 11580
 11580
 11581
 11582
 11582
 11583
 11584
 11585
 11587
 11589
 11593
 11594
 11595
 11599
 11599
 11605
 11605
 11606
 11606
 11607
 11607
 11610
 11612
 11613
 11613
 11614
 11614
 11615
 11616
 11618
 11621
 11621
 11622
 11623
 11623
 11623
 11625
 11627
 11627
 11629
 11629
 11630
 11631
 11631
 11635
 11636
 11638
 11640
 11641
 11641
 11642
 11645
 11647
 11648
 11649
 11649
 11651
 11654
 11655
 11655
 11656
 11658
 11659
 11663
 11664
 11669
 11669
 11670
 11672
 11674
 11676
 11677
 11681
 11684
 11686
 11686
 11686
 11686
 11686
 11690
 11693
 11693
 11694
 11696
 11697
 11699
 11701
 11701
 11705
 11708
 11708
 11711
 11712
 11712
 11714
 11714
 11714
 11715
 11715
 11717
 11718
 11721
 11721
 11722
 11724
 11725
 11726
 11727
 11727
 11728
 11728
 11734
 11737
 11739
 11741
 11741
 11744
 11744
 11745
 11746
 11754
 11756
 11756
 11757
 11758
 11758
 11759
 11761
 11762
 11765
 11767
 11768
 11772
 11773
 11775
 11776
 11778
 11778
 11780
 11785
 11787
 11787
 11787
 11788
 11791
 11792
 11794
 11795
 11795
 11804
 11805
 11806
 11808
 11810
 11812
 11812
 11816
 11816
 11818
 11818
 11818
 11820
 11821
 11822
 11824
 11827
 11834
 11834
 11835
 11835
 11836
 11838
 11839
 11840
 11842
 11843
 11843
 11844
 11845
 11849
 11852
 11853
 11854
 11854
 11854
 11855
 11858
 11858
 11858
 11858
 11859
 11860
 11860
 11863
 11864
 11864
 11869
 11870
 11872
 11875
 11877
 11877
 11878
 11880
 11883
 11885
 11889
 11892
 11893
 11893
 11895
 11897
 11899
 11904
 11904
 11906
 11907
 11907
 11909
 11910
 11913
 11916
 11916
 11917
 11919
 11920
 11923
 11925
 11925
 11925
 11926
 11929
 11934
 11934
 11935
 11937
 11941
 11942
 11943
 11947
 11949
 11954
 11955
 11958
 11959
 11961
 11962
 11963
 11965
 11966
 11973
 11975
 11976
 11977
 11980
 11981
 11981
 11982
 11983
 11983
 11987
 11987
 11988
 11988
 11989
 11990
 11991
 11992
 11992
 11993
 11996
 11998
 11998
 12000
 12004
 12006
 12007
 12010
 12014
 12017
 12017
 12023
 12024
 12026
 12029
 12033
 12033
 12036
 12038
 12040
 12044
 12048
 12049
 12052
 12053
 12053
 12058
 12058
 12060
 12065
 12066
 12070
 12070
 12071
 12071
 12078
 12081
 12082
 12083
 12083
 12083
 12084
 12084
 12085
 12086
 12087
 12092
 12094
 12096
 12096
 12098
 12099
 12099
 12102
 12106
 12109
 12109
 12109
 12117
 12119
 12120
 12120
 12121
 12121
 12123
 12126
 12127
 12129
 12130
 12131
 12132
 12136
 12136
 12140
 12140
 12142
 12144
 12145
 12145
 12146
 12147
 12153
 12153
 12156
 12159
 12160
 12164
 12164
 12168
 12169
 12172
 12174
 12176
 12177
 12178
 12182
 12183
 12183
 12184
 12184
 12186
 12186
 12187
 12187
 12187
 12188
 12191
 12194
 12195
 12196
 12197
 12199
 12205
 12205
 12206
 12208
 12208
 12208
 12211
 12212
 12217
 12222
 12223
 12223
 12225
 12226
 12228
 12231
 12235
 12235
 12236
 12237
 12239
 12242
 12244
 12245
 12245
 12247
 12248
 12249
 12252
 12252
 12254
 12255
 12256
 12258
 12259
 12259
 12260
 12262
 12263
 12265
 12265
 12271
 12271
 12274
 12276
 12276
 12282
 12284
 12288
 12288
 12289
 12290
 12290
 12292
 12293
 12293
 12294
 12295
 12298
 12298
 12299
 12302
 12302
 12302
 12305
 12306
 12306
 12307
 12308
 12309
 12312
 12313
 12314
 12315
 12319
 12319
 12325
 12328
 12329
 12332
 12334
 12334
 12335
 12336
 12337
 12340
 12340
 12341
 12343
 12343
 12345
 12346
 12348
 12349
 12349
 12353
 12353
 12354
 12356
 12356
 12357
 12360
 12361
 12362
 12362
 12363
 12367
 12367
 12375
 12378
 12378
 12379
 12380
 12386
 12387
 12389
 12391
 12391
 12394
 12397
 12399
 12400
 12400
 12405
 12405
 12406
 12407
 12409
 12410
 12419
 12422
 12423
 12424
 12424
 12424
 12425
 12426
 12427
 12428
 12428
 12430
 12431
 12435
 12436
 12439
 12441
 12442
 12442
 12443
 12448
 12452
 12454
 12460
 12462
 12464
 12470
 12470
 12470
 12471
 12471
 12474
 12474
 12475
 12477
 12478
 12479
 12479
 12482
 12483
 12483
 12483
 12484
 12491
 12494
 12496
 12497
 12499
 12502
 12505
 12506
 12508
 12511
 12514
 12515
 12517
 12517
 12519
 12520
 12526
 12531
 12531
 12534
 12535
 12535
 12536
 12536
 12538
 12538
 12538
 12540
 12541
 12542
 12542
 12543
 12544
 12545
 12546
 12551
 12551
 12551
 12552
 12552
 12554
 12555
 12558
 12559
 12560
 12560
 12562
 12564
 12565
 12568
 12569
 12570
 12573
 12573
 12577
 12577
 12578
 12579
 12579
 12579
 12579
 12581
 12581
 12582
 12582
 12582
 12585
 12589
 12590
 12591
 12592
 12595
 12596
 12598
 12599
 12600
 12601
 12604
 12605
 12606
 12607
 12608
 12609
 12609
 12612
 12613
 12615
 12618
 12620
 12621
 12622
 12624
 12625
 12625
 12630
 12631
 12632
 12632
 12634
 12634
 12634
 12635
 12636
 12640
 12640
 12641
 12646
 12651
 12653
 12654
 12656
 12662
 12664
 12665
 12668
 12670
 12671
 12671
 12672
 12672
 12672
 12677
 12678
 12678
 12680
 12682
 12687
 12690
 12692
 12694
 12694
 12694
 12695
 12695
 12698
 12699
 12699
 12700
 12702
 12703
 12703
 12704
 12706
 12706
 12707
 12707
 12708
 12711
 12713
 12713
 12717
 12718
 12718
 12719
 12720
 12720
 12721
 12722
 12724
 12724
 12725
 12725
 12729
 12729
 12730
 12730
 12731
 12732
 12734
 12735
 12736
 12737
 12738
 12740
 12748
 12748
 12750
 12750
 12752
 12754
 12757
 12759
 12759
 12760
 12761
 12763
 12764
 12765
 12768
 12769
 12770
 12771
 12774
 12776
 12781
 12785
 12789
 12789
 12791
 12792
 12795
 12796
 12798
 12799
 12800
 12800
 12800
 12802
 12803
 12807
 12809
 12821
 12821
 12822
 12822
 12823
 12825
 12826
 12830
 12831
 12832
 12833
 12836
 12837
 12838
 12840
 12840
 12842
 12843
 12847
 12849
 12849
 12852
 12854
 12856
 12856
 12862
 12863
 12863
 12864
 12866
 12867
 12867
 12873
 12878
 12879
 12884
 12885
 12885
 12887
 12889
 12892
 12893
 12894
 12897
 12899
 12902
 12902
 12903
 12905
 12907
 12907
 12909
 12914
 12916
 12920
 12923
 12925
 12928
 12929
 12930
 12932
 12934
 12935
 12937
 12938
 12938
 12940
 12942
 12944
 12949
 12952
 12954
 12956
 12956
 12960
 12960
 12961
 12962
 12963
 12964
 12965
 12966
 12967
 12968
 12970
 12971
 12971
 12972
 12972
 12974
 12975
 12980
 12981
 12982
 12987
 12987
 12993
 12993
 12993
 12993
 12995
 12996
 12996
 12997
 12998
 12998
 12998
 13002
 13003
 13005
 13006
 13006
 13009
 13011
 13011
 13012
 13013
 13013
 13020
 13023
 13023
 13024
 13026
 13026
 13028
 13028
 13032
 13034
 13034
 13035
 13038
 13039
 13043
 13043
 13045
 13046
 13048
 13049
 13052
 13052
 13052
 13054
 13054
 13055
 13060
 13061
 13064
 13065
 13068
 13070
 13071
 13071
 13071
 13073
 13074
 13074
 13075
 13076
 13081
 13084
 13087
 13089
 13091
 13093
 13093
 13094
 13095
 13095
 13097
 13101
 13103
 13105
 13105
 13109
 13109
 13110
 13112
 13112
 13112
 13114
 13119
 13120
 13122
 13122
 13123
 13127
 13128
 13128
 13129
 13130
 13132
 13134
 13135
 13135
 13138
 13139
 13140
 13141
 13141
 13142
 13145
 13146
 13147
 13149
 13154
 13155
 13155
 13156
 13157
 13158
 13158
 13160
 13168
 13168
 13173
 13175
 13175
 13176
 13178
 13182
 13183
 13183
 13184
 13184
 13185
 13185
 13188
 13189
 13195
 13198
 13198
 13199
 13199
 13201
 13204
 13206
 13206
 13209
 13210
 13214
 13214
 13218
 13221
 13221
 13225
 13226
 13227
 13231
 13232
 13233
 13235
 13237
 13244
 13249
 13249
 13249
 13249
 13250
 13254
 13254
 13255
 13260
 13264
 13264
 13265
 13265
 13266
 13266
 13269
 13269
 13271
 13271
 13271
 13272
 13272
 13275
 13276
 13276
 13280
 13280
 13282
 13282
 13286
 13291
 13292
 13293
 13293
 13301
 13303
 13303
 13303
 13306
 13310
 13315
 13315
 13318
 13318
 13323
 13324
 13324
 13324
 13326
 13326
 13326
 13327
 13327
 13328
 13329
 13329
 13330
 13331
 13332
 13333
 13336
 13337
 13338
 13339
 13343
 13344
 13347
 13347
 13347
 13351
 13351
 13354
 13359
 13364
 13365
 13366
 13367
 13370
 13380
 13383
 13384
 13385
 13385
 13386
 13390
 13393
 13394
 13396
 13402
 13402
 13404
 13406
 13408
 13409
 13409
 13410
 13411
 13416
 13417
 13420
 13422
 13422
 13426
 13426
 13428
 13429
 13429
 13432
 13432
 13432
 13432
 13433
 13436
 13437
 13437
 13439
 13439
 13444
 13448
 13448
 13449
 13450
 13454
 13454
 13454
 13455
 13456
 13458
 13459
 13459
 13459
 13462
 13464
 13465
 13467
 13467
 13472
 13473
 13474
 13475
 13481
 13481
 13483
 13483
 13484
 13485
 13487
 13489
 13490
 13490
 13490
 13492
 13492
 13492
 13494
 13497
 13498
 13498
 13500
 13500
 13500
 13501
 13502
 13502
 13506
 13507
 13509
 13511
 13511
 13513
 13513
 13513
 13513
 13516
 13518
 13518
 13520
 13524
 13531
 13538
 13538
 13539
 13544
 13544
 13546
 13546
 13547
 13547
 13552
 13554
 13555
 13559
 13560
 13564
 13567
 13567
 13568
 13569
 13570
 13581
 13584
 13586
 13586
 13587
 13587
 13587
 13595
 13598
 13599
 13600
 13604
 13605
 13605
 13606
 13606
 13607
 13609
 13609
 13614
 13615
 13616
 13616
 13618
 13619
 13625
 13627
 13629
 13634
 13634
 13645
 13646
 13648
 13657
 13657
 13657
 13661
 13662
 13667
 13668
 13670
 13671
 13675
 13677
 13679
 13684
 13684
 13685
 13686
 13688
 13689
 13692
 13695
 13696
 13697
 13703
 13704
 13706
 13707
 13710
 13711
 13712
 13713
 13715
 13715
 13718
 13723
 13723
 13724
 13725
 13726
 13728
 13730
 13731
 13731
 13732
 13740
 13742
 13743
 13745
 13745
 13748
 13748
 13750
 13754
 13755
 13756
 13757
 13758
 13759
 13761
 13763
 13765
 13766
 13767
 13771
 13775
 13776
 13778
 13780
 13781
 13783
 13784
 13788
 13789
 13789
 13792
 13794
 13794
 13798
 13800
 13801
 13802
 13803
 13803
 13804
 13805
 13812
 13813
 13814
 13816
 13817
 13824
 13828
 13829
 13831
 13831
 13833
 13834
 13838
 13839
 13840
 13840
 13843
 13844
 13844
 13846
 13849
 13850
 13851
 13854
 13854
 13857
 13857
 13858
 13858
 13858
 13859
 13860
 13861
 13861
 13861
 13861
 13862
 13863
 13864
 13865
 13866
 13869
 13872
 13873
 13873
 13877
 13878
 13878
 13883
 13883
 13884
 13888
 13889
 13894
 13895
 13895
 13896
 13900
 13902
 13902
 13902
 13903
 13905
 13906
 13911
 13911
 13912
 13916
 13917
 13922
 13923
 13924
 13924
 13926
 13928
 13931
 13935
 13936
 13939
 13942
 13943
 13943
 13945
 13950
 13950
 13951
 13957
 13957
 13958
 13961
 13964
 13964
 13965
 13965
 13966
 13967
 13967
 13971
 13971
 13983
 13983
 13987
 13988
 13992
 13993
 13996
 13997
 14002
 14004
 14004
 14005
 14006
 14007
 14011
 14013
 14014
 14019
 14019
 14024
 14027
 14028
 14028
 14028
 14029
 14029
 14031
 14038
 14040
 14043
 14044
 14046
 14047
 14052
 14060
 14062
 14065
 14066
 14068
 14072
 14073
 14073
 14074
 14076
 14078
 14079
 14080
 14080
 14080
 14081
 14084
 14086
 14086
 14086
 14087
 14088
 14090
 14091
 14091
 14096
 14096
 14096
 14096
 14097
 14099
 14099
 14102
 14102
 14103
 14107
 14107
 14108
 14109
 14109
 14113
 14113
 14114
 14115
 14117
 14118
 14119
 14121
 14121
 14122
 14123
 14124
 14124
 14125
 14128
 14129
 14129
 14132
 14133
 14135
 14139
 14141
 14141
 14144
 14145
 14145
 14147
 14148
 14150
 14151
 14154
 14154
 14155
 14156
 14157
 14157
 14158
 14159
 14159
 14160
 14164
 14164
 14165
 14166
 14166
 14168
 14171
 14172
 14173
 14174
 14175
 14178
 14180
 14181
 14184
 14184
 14184
 14187
 14189
 14190
 14191
 14192
 14193
 14195
 14195
 14201
 14201
 14202
 14207
 14208
 14209
 14212
 14215
 14222
 14224
 14225
 14229
 14234
 14235
 14239
 14241
 14242
 14245
 14245
 14247
 14249
 14250
 14252
 14253
 14254
 14254
 14255
 14256
 14257
 14264
 14265
 14265
 14266
 14268
 14268
 14272
 14274
 14275
 14278
 14278
 14280
 14280
 14280
 14281
 14282
 14283
 14290
 14292
 14296
 14296
 14296
 14298
 14298
 14302
 14302
 14303
 14303
 14303
 14306
 14307
 14310
 14311
 14312
 14312
 14315
 14316
 14316
 14317
 14318
 14318
 14319
 14319
 14321
 14322
 14324
 14325
 14331
 14331
 14331
 14334
 14336
 14339
 14341
 14341
 14349
 14351
 14351
 14354
 14354
 14356
 14358
 14360
 14360
 14362
 14365
 14365
 14366
 14368
 14369
 14374
 14375
 14378
 14379
 14381
 14381
 14382
 14383
 14385
 14385
 14385
 14389
 14390
 14396
 14397
 14398
 14398
 14399
 14401
 14401
 14402
 14405
 14405
 14410
 14411
 14411
 14411
 14412
 14412
 14412
 14412
 14413
 14420
 14421
 14424
 14427
 14428
 14429
 14433
 14436
 14440
 14442
 14444
 14444
 14444
 14444
 14445
 14450
 14452
 14453
 14460
 14465
 14465
 14469
 14469
 14469
 14469
 14470
 14475
 14476
 14477
 14477
 14480
 14480
 14481
 14482
 14483
 14484
 14485
 14485
 14486
 14487
 14488
 14493
 14494
 14498
 14499
 14502
 14502
 14502
 14504
 14504
 14508
 14509
 14511
 14512
 14513
 14517
 14519
 14521
 14521
 14523
 14525
 14527
 14532
 14535
 14536
 14537
 14538
 14539
 14541
 14543
 14543
 14544
 14544
 14544
 14545
 14547
 14547
 14550
 14556
 14557
 14558
 14562
 14563
 14563
 14563
 14564
 14569
 14569
 14570
 14578
 14581
 14585
 14590
 14590
 14593
 14594
 14599
 14600
 14601
 14603
 14604
 14604
 14608
 14609
 14609
 14612
 14613
 14620
 14621
 14626
 14628
 14628
 14629
 14629
 14631
 14631
 14635
 14637
 14641
 14641
 14645
 14646
 14650
 14653
 14653
 14655
 14655
 14656
 14656
 14658
 14658
 14663
 14664
 14665
 14672
 14674
 14677
 14678
 14679
 14679
 14680
 14685
 14685
 14687
 14689
 14689
 14691
 14691
 14701
 14704
 14704
 14704
 14705
 14706
 14706
 14707
 14710
 14712
 14713
 14714
 14715
 14716
 14716
 14716
 14716
 14716
 14717
 14720
 14722
 14723
 14724
 14725
 14727
 14727
 14728
 14728
 14738
 14740
 14741
 14746
 14746
 14749
 14754
 14757
 14758
 14758
 14761
 14761
 14763
 14764
 14765
 14771
 14773
 14778
 14779
 14779
 14781
 14782
 14783
 14784
 14786
 14786
 14788
 14790
 14790
 14792
 14794
 14795
 14799
 14800
 14801
 14807
 14808
 14816
 14818
 14819
 14820
 14826
 14827
 14829
 14834
 14835
 14836
 14839
 14841
 14842
 14842
 14842
 14844
 14848
 14848
 14850
 14852
 14853
 14853
 14854
 14855
 14857
 14866
 14866
 14870
 14870
 14870
 14872
 14873
 14876
 14880
 14881
 14884
 14886
 14888
 14893
 14895
 14896
 14897
 14898
 14900
 14900
 14901
 14903
 14904
 14906
 14907
 14909
 14910
 14916
 14916
 14919
 14922
 14923
 14923
 14924
 14925
 14927
 14929
 14929
 14929
 14933
 14933
 14941
 14949
 14954
 14956
 14957
 14958
 14961
 14962
 14967
 14970
 14973
 14973
 14974
 14975
 14980
 14980
 14981
 14982
 14983
 14986
 14988
 14989
 14989
 14990
 14990
 14994
 14994
 14995
 14999
 14999
 15000
 15003
 15008
 15009
 15012
 15019
 15020
 15020
 15021
 15026
 15026
 15026
 15026
 15029
 15031
 15031
 15033
 15033
 15035
 15035
 15038
 15040
 15041
 15042
 15043
 15046
 15047
 15048
 15051
 15051
 15053
 15054
 15054
 15057
 15058
 15058
 15065
 15066
 15068
 15072
 15074
 15076
 15077
 15077
 15081
 15083
 15083
 15084
 15086
 15088
 15089
 15090
 15092
 15092
 15094
 15094
 15097
 15098
 15098
 15100
 15101
 15104
 15106
 15106
 15113
 15113
 15116
 15117
 15119
 15120
 15121
 15123
 15130
 15131
 15131
 15132
 15133
 15142
 15143
 15144
 15150
 15151
 15153
 15153
 15155
 15156
 15158
 15158
 15160
 15162
 15174
 15176
 15177
 15180
 15180
 15181
 15182
 15185
 15186
 15189
 15189
 15189
 15192
 15192
 15194
 15196
 15196
 15197
 15197
 15198
 15207
 15207
 15208
 15215
 15220
 15222
 15223
 15226
 15226
 15233
 15234
 15236
 15240
 15240
 15248
 15250
 15251
 15252
 15253
 15254
 15254
 15258
 15259
 15262
 15265
 15266
 15266
 15269
 15274
 15277
 15277
 15281
 15281
 15282
 15283
 15284
 15286
 15287
 15288
 15288
 15291
 15293
 15294
 15297
 15298
 15303
 15304
 15304
 15308
 15311
 15314
 15318
 15324
 15327
 15335
 15337
 15337
 15340
 15343
 15344
 15346
 15352
 15354
 15355
 15357
 15357
 15358
 15359
 15360
 15361
 15363
 15363
 15364
 15369
 15370
 15370
 15372
 15373
 15374
 15375
 15375
 15379
 15381
 15383
 15388
 15390
 15391
 15391
 15394
 15395
 15396
 15396
 15400
 15401
 15403
 15406
 15407
 15410
 15414
 15415
 15417
 15419
 15420
 15421
 15422
 15423
 15425
 15425
 15428
 15429
 15430
 15435
 15436
 15437
 15439
 15441
 15443
 15444
 15444
 15447
 15454
 15454
 15457
 15459
 15459
 15460
 15465
 15469
 15469
 15470
 15471
 15475
 15478
 15481
 15483
 15485
 15485
 15488
 15489
 15489
 15497
 15498
 15498
 15500
 15501
 15504
 15507
 15507
 15511
 15511
 15512
 15516
 15517
 15518
 15520
 15523
 15525
 15525
 15525
 15527
 15528
 15536
 15540
 15543
 15545
 15548
 15549
 15551
 15554
 15554
 15555
 15556
 15558
 15561
 15561
 15562
 15563
 15564
 15564
 15568
 15570
 15574
 15576
 15579
 15582
 15585
 15586
 15588
 15590
 15596
 15601
 15606
 15607
 15607
 15608
 15608
 15616
 15616
 15620
 15624
 15627
 15628
 15628
 15631
 15632
 15633
 15634
 15635
 15641
 15642
 15643
 15644
 15645
 15645
 15646
 15647
 15647
 15648
 15651
 15654
 15654
 15662
 15664
 15666
 15666
 15666
 15668
 15669
 15669
 15673
 15679
 15680
 15681
 15681
 15682
 15688
 15688
 15693
 15697
 15699
 15702
 15703
 15705
 15705
 15706
 15707
 15710
 15714
 15716
 15716
 15717
 15719
 15720
 15724
 15735
 15737
 15738
 15740
 15743
 15747
 15748
 15750
 15751
 15756
 15762
 15762
 15765
 15770
 15771
 15772
 15775
 15776
 15777
 15780
 15781
 15783
 15784
 15785
 15790
 15790
 15791
 15792
 15792
 15799
 15801
 15801
 15804
 15812
 15814
 15815
 15819
 15820
 15820
 15821
 15822
 15823
 15824
 15825
 15825
 15826
 15827
 15827
 15833
 15833
 15834
 15837
 15839
 15840
 15843
 15843
 15844
 15845
 15846
 15848
 15850
 15851
 15853
 15853
 15853
 15857
 15857
 15863
 15864
 15865
 15870
 15870
 15874
 15875
 15875
 15877
 15878
 15882
 15886
 15888
 15894
 15898
 15905
 15907
 15907
 15909
 15910
 15912
 15913
 15914
 15914
 15915
 15915
 15915
 15916
 15919
 15919
 15921
 15923
 15924
 15927
 15929
 15929
 15935
 15938
 15940
 15941
 15942
 15942
 15943
 15944
 15945
 15946
 15946
 15947
 15949
 15949
 15951
 15953
 15953
 15955
 15960
 15963
 15966
 15967
 15970
 15971
 15973
 15978
 15978
 15980
 15983
 15986
 15988
 15988
 15991
 15993
 15995
 15999
 16005
 16006
 16006
 16011
 16012
 16013
 16013
 16014
 16015
 16018
 16018
 16020
 16020
 16021
 16023
 16024
 16027
 16028
 16029
 16030
 16030
 16031
 16031
 16036
 16037
 16037
 16038
 16038
 16040
 16040
 16042
 16042
 16044
 16046
 16049
 16051
 16051
 16053
 16056
 16057
 16057
 16059
 16064
 16065
 16069
 16071
 16072
 16075
 16077
 16077
 16085
 16087
 16088
 16088
 16089
 16089
 16091
 16096
 16097
 16098
 16099
 16099
 16100
 16101
 16101
 16102
 16108
 16108
 16111
 16112
 16116
 16117
 16118
 16119
 16122
 16132
 16138
 16138
 16138
 16138
 16149
 16151
 16159
 16160
 16162
 16163
 16164
 16164
 16168
 16169
 16170
 16171
 16177
 16177
 16177
 16178
 16180
 16183
 16188
 16190
 16191
 16191
 16192
 16192
 16196
 16198
 16201
 16203
 16205
 16210
 16214
 16214
 16219
 16221
 16222
 16224
 16225
 16225
 16226
 16229
 16232
 16241
 16242
 16243
 16244
 16256
 16262
 16262
 16263
 16263
 16265
 16266
 16266
 16266
 16268
 16268
 16272
 16273
 16282
 16283
 16284
 16286
 16287
 16288
 16288
 16291
 16293
 16294
 16295
 16297
 16298
 16300
 16300
 16300
 16301
 16301
 16304
 16307
 16309
 16311
 16312
 16314
 16314
 16316
 16316
 16317
 16322
 16325
 16328
 16329
 16334
 16335
 16337
 16341
 16341
 16342
 16344
 16346
 16349
 16349
 16350
 16352
 16354
 16358
 16365
 16366
 16368
 16369
 16370
 16370
 16373
 16374
 16378
 16379
 16385
 16385
 16387
 16390
 16390
 16391
 16393
 16394
 16397
 16399
 16402
 16404
 16408
 16409
 16410
 16410
 16410
 16413
 16413
 16414
 16415
 16415
 16415
 16416
 16418
 16419
 16422
 16423
 16424
 16431
 16436
 16436
 16439
 16440
 16448
 16450
 16451
 16461
 16462
 16462
 16462
 16463
 16466
 16468
 16470
 16473
 16477
 16479
 16481
 16482
 16482
 16484
 16486
 16486
 16488
 16488
 16492
 16493
 16495
 16496
 16500
 16502
 16503
 16505
 16507
 16510
 16513
 16514
 16523
 16524
 16525
 16527
 16527
 16530
 16531
 16533
 16534
 16534
 16537
 16538
 16539
 16543
 16544
 16548
 16555
 16556
 16557
 16558
 16559
 16561
 16561
 16571
 16577
 16582
 16583
 16584
 16584
 16585
 16587
 16587
 16589
 16589
 16590
 16591
 16591
 16591
 16592
 16594
 16596
 16599
 16599
 16600
 16601
 16603
 16604
 16605
 16607
 16608
 16610
 16611
 16612
 16615
 16619
 16620
 16621
 16621
 16622
 16622
 16626
 16629
 16630
 16633
 16639
 16640
 16640
 16642
 16645
 16652
 16652
 16654
 16656
 16658
 16658
 16659
 16660
 16661
 16661
 16668
 16668
 16670
 16672
 16673
 16679
 16680
 16684
 16685
 16685
 16686
 16687
 16688
 16689
 16690
 16691
 16693
 16695
 16696
 16697
 16698
 16699
 16701
 16702
 16704
 16708
 16710
 16710
 16710
 16714
 16714
 16716
 16717
 16722
 16723
 16724
 16725
 16726
 16727
 16727
 16727
 16729
 16734
 16738
 16738
 16740
 16741
 16742
 16743
 16746
 16748
 16750
 16751
 16753
 16753
 16753
 16755
 16757
 16758
 16758
 16758
 16759
 16760
 16761
 16762
 16770
 16772
 16775
 16775
 16777
 16778
 16780
 16781
 16783
 16783
 16788
 16795
 16795
 16798
 16800
 16804
 16805
 16808
 16810
 16812
 16813
 16813
 16813
 16813
 16814
 16821
 16823
 16827
 16829
 16830
 16831
 16832
 16836
 16839
 16844
 16847
 16848
 16848
 16851
 16851
 16861
 16862
 16864
 16865
 16865
 16868
 16871
 16874
 16877
 16885
 16885
 16885
 16886
 16887
 16887
 16891
 16891
 16891
 16892
 16893
 16893
 16902
 16903
 16907
 16912
 16914
 16915
 16918
 16924
 16926
 16926
 16928
 16932
 16939
 16940
 16942
 16943
 16947
 16947
 16949
 16949
 16949
 16956
 16960
 16964
 16965
 16966
 16968
 16971
 16972
 16981
 16982
 16982
 16983
 16984
 16984
 16985
 16985
 16986
 16986
 16988
 16990
 16994
 16995
 16999
 17002
 17002
 17007
 17008
 17011
 17012
 17017
 17017
 17020
 17022
 17023
 17025
 17026
 17026
 17026
 17030
 17031
 17037
 17040
 17046
 17048
 17049
 17049
 17049
 17052
 17055
 17055
 17057
 17061
 17061
 17066
 17077
 17081
 17083
 17090
 17091
 17093
 17094
 17095
 17108
 17112
 17113
 17117
 17117
 17118
 17121
 17124
 17128
 17128
 17129
 17132
 17133
 17137
 17137
 17138
 17138
 17138
 17141
 17142
 17146
 17154
 17155
 17157
 17160
 17160
 17161
 17162
 17163
 17164
 17164
 17165
 17165
 17174
 17175
 17176
 17179
 17179
 17180
 17182
 17182
 17183
 17184
 17185
 17188
 17189
 17191
 17192
 17192
 17192
 17193
 17195
 17196
 17198
 17199
 17207
 17209
 17210
 17211
 17212
 17212
 17212
 17215
 17220
 17222
 17223
 17224
 17224
 17224
 17225
 17227
 17228
 17229
 17230
 17235
 17236
 17237
 17238
 17242
 17244
 17245
 17252
 17257
 17259
 17259
 17261
 17264
 17264
 17264
 17266
 17269
 17271
 17272
 17274
 17283
 17288
 17293
 17293
 17293
 17297
 17308
 17310
 17311
 17314
 17318
 17322
 17323
 17325
 17325
 17326
 17328
 17329
 17334
 17341
 17342
 17346
 17346
 17350
 17352
 17353
 17353
 17354
 17355
 17361
 17361
 17362
 17364
 17367
 17371
 17373
 17375
 17376
 17378
 17383
 17387
 17388
 17389
 17390
 17392
 17395
 17395
 17396
 17397
 17398
 17398
 17408
 17409
 17410
 17419
 17420
 17422
 17422
 17423
 17425
 17428
 17432
 17433
 17434
 17435
 17438
 17439
 17442
 17442
 17443
 17450
 17454
 17456
 17461
 17464
 17465
 17466
 17468
 17472
 17473
 17478
 17479
 17490
 17493
 17493
 17494
 17494
 17498
 17499
 17503
 17503
 17503
 17504
 17505
 17505
 17511
 17511
 17515
 17518
 17521
 17523
 17529
 17529
 17531
 17532
 17534
 17536
 17539
 17543
 17546
 17546
 17548
 17548
 17549
 17555
 17557
 17559
 17561
 17563
 17564
 17567
 17568
 17568
 17569
 17571
 17579
 17580
 17582
 17582
 17585
 17586
 17590
 17591
 17592
 17593
 17593
 17594
 17595
 17595
 17597
 17599
 17599
 17602
 17603
 17603
 17607
 17608
 17609
 17610
 17612
 17613
 17618
 17621
 17625
 17628
 17632
 17635
 17636
 17639
 17643
 17644
 17648
 17650
 17653
 17657
 17658
 17660
 17661
 17664
 17667
 17668
 17668
 17670
 17671
 17672
 17675
 17677
 17679
 17680
 17684
 17685
 17687
 17687
 17699
 17701
 17703
 17706
 17706
 17707
 17708
 17708
 17708
 17718
 17721
 17729
 17730
 17731
 17733
 17733
 17738
 17740
 17744
 17748
 17748
 17751
 17751
 17756
 17758
 17760
 17764
 17766
 17766
 17772
 17775
 17778
 17779
 17783
 17787
 17790
 17792
 17796
 17797
 17798
 17800
 17801
 17803
 17804
 17805
 17805
 17806
 17808
 17809
 17812
 17813
 17815
 17816
 17817
 17823
 17823
 17824
 17824
 17824
 17825
 17828
 17831
 17834
 17834
 17836
 17839
 17843
 17847
 17857
 17857
 17859
 17860
 17862
 17862
 17864
 17866
 17866
 17868
 17873
 17874
 17880
 17880
 17882
 17884
 17885
 17886
 17886
 17889
 17895
 17898
 17899
 17900
 17901
 17903
 17907
 17907
 17912
 17913
 17916
 17918
 17919
 17921
 17923
 17926
 17926
 17927
 17928
 17930
 17934
 17934
 17935
 17936
 17937
 17939
 17941
 17941
 17944
 17946
 17948
 17950
 17955
 17957
 17959
 17960
 17964
 17967
 17968
 17969
 17969
 17977
 17979
 17979
 17980
 17981
 17981
 17981
 17983
 17988
 17988
 17990
 17990
 17994
 17996
 17996
 18000
 18005
 18009
 18017
 18022
 18023
 18023
 18029
 18031
 18031
 18037
 18042
 18044
 18045
 18051
 18052
 18052
 18054
 18058
 18058
 18059
 18066
 18069
 18071
 18072
 18074
 18075
 18079
 18080
 18081
 18082
 18083
 18091
 18092
 18092
 18093
 18095
 18097
 18097
 18098
 18099
 18100
 18105
 18106
 18110
 18110
 18110
 18111
 18114
 18117
 18118
 18119
 18121
 18122
 18122
 18123
 18129
 18129
 18131
 18133
 18134
 18135
 18136
 18138
 18139
 18142
 18144
 18152
 18154
 18156
 18159
 18160
 18160
 18160
 18164
 18165
 18168
 18169
 18177
 18177
 18197
 18197
 18199
 18202
 18202
 18204
 18204
 18205
 18213
 18214
 18215
 18220
 18226
 18229
 18232
 18233
 18237
 18238
 18240
 18245
 18249
 18250
 18252
 18253
 18253
 18262
 18263
 18263
 18268
 18269
 18273
 18275
 18277
 18283
 18284
 18289
 18290
 18291
 18291
 18292
 18293
 18294
 18295
 18296
 18297
 18299
 18299
 18299
 18300
 18300
 18301
 18302
 18303
 18307
 18310
 18317
 18319
 18319
 18323
 18325
 18327
 18328
 18328
 18329
 18332
 18335
 18339
 18341
 18342
 18342
 18343
 18344
 18346
 18349
 18350
 18357
 18362
 18368
 18373
 18373
 18378
 18381
 18385
 18387
 18388
 18390
 18393
 18395
 18395
 18396
 18396
 18399
 18399
 18402
 18403
 18403
 18408
 18412
 18413
 18417
 18417
 18424
 18434
 18437
 18441
 18444
 18447
 18449
 18449
 18452
 18455
 18456
 18459
 18459
 18459
 18461
 18461
 18462
 18464
 18465
 18465
 18466
 18466
 18474
 18475
 18479
 18481
 18484
 18491
 18491
 18493
 18494
 18495
 18503
 18507
 18511
 18511
 18511
 18513
 18516
 18517
 18518
 18526
 18527
 18528
 18531
 18537
 18539
 18541
 18541
 18547
 18549
 18551
 18551
 18558
 18561
 18563
 18566
 18567
 18569
 18570
 18570
 18571
 18574
 18579
 18585
 18588
 18590
 18593
 18596
 18598
 18600
 18600
 18606
 18609
 18610
 18612
 18613
 18617
 18624
 18627
 18629
 18632
 18634
 18635
 18639
 18642
 18647
 18651
 18652
 18653
 18655
 18659
 18663
 18666
 18668
 18671
 18672
 18678
 18682
 18687
 18688
 18691
 18695
 18695
 18695
 18696
 18696
 18699
 18702
 18702
 18703
 18703
 18705
 18712
 18713
 18714
 18717
 18724
 18727
 18730
 18731
 18734
 18741
 18744
 18746
 18752
 18753
 18757
 18758
 18764
 18764
 18765
 18765
 18769
 18774
 18776
 18784
 18784
 18785
 18788
 18789
 18791
 18791
 18793
 18794
 18801
 18802
 18804
 18807
 18810
 18811
 18813
 18818
 18820
 18825
 18825
 18825
 18825
 18826
 18836
 18837
 18837
 18839
 18848
 18849
 18850
 18855
 18861
 18863
 18865
 18866
 18867
 18868
 18871
 18876
 18878
 18882
 18888
 18892
 18893
 18893
 18896
 18898
 18898
 18898
 18900
 18900
 18901
 18903
 18905
 18907
 18915
 18916
 18917
 18921
 18923
 18924
 18930
 18930
 18949
 18951
 18953
 18955
 18957
 18962
 18965
 18967
 18972
 18973
 18977
 18983
 18983
 18987
 18987
 18995
 18996
 19000
 19003
 19007
 19007
 19007
 19011
 19012
 19020
 19022
 19024
 19027
 19027
 19032
 19032
 19033
 19036
 19038
 19043
 19043
 19044
 19045
 19045
 19048
 19049
 19049
 19052
 19055
 19059
 19059
 19061
 19066
 19071
 19078
 19080
 19080
 19082
 19093
 19094
 19094
 19099
 19107
 19107
 19109
 19110
 19111
 19117
 19121
 19122
 19124
 19130
 19132
 19134
 19135
 19136
 19142
 19145
 19151
 19151
 19153
 19154
 19154
 19158
 19159
 19165
 19167
 19169
 19175
 19180
 19181
 19182
 19184
 19187
 19193
 19196
 19199
 19199
 19202
 19203
 19204
 19209
 19210
 19212
 19213
 19216
 19218
 19218
 19223
 19224
 19225
 19228
 19230
 19231
 19231
 19235
 19238
 19242
 19242
 19249
 19250
 19251
 19252
 19256
 19262
 19263
 19268
 19274
 19277
 19281
 19285
 19285
 19286
 19287
 19294
 19295
 19296
 19297
 19299
 19299
 19302
 19302
 19302
 19306
 19306
 19308
 19308
 19311
 19311
 19312
 19312
 19313
 19313
 19324
 19324
 19325
 19329
 19330
 19332
 19335
 19336
 19337
 19337
 19338
 19340
 19340
 19344
 19346
 19347
 19349
 19350
 19355
 19356
 19361
 19362
 19363
 19365
 19365
 19369
 19372
 19377
 19383
 19391
 19391
 19395
 19395
 19398
 19398
 19399
 19405
 19409
 19411
 19413
 19427
 19428
 19433
 19437
 19440
 19441
 19444
 19449
 19452
 19454
 19456
 19457
 19460
 19461
 19471
 19472
 19472
 19476
 19478
 19478
 19479
 19481
 19481
 19482
 19484
 19484
 19488
 19496
 19498
 19506
 19506
 19512
 19515
 19516
 19516
 19518
 19521
 19522
 19526
 19530
 19533
 19537
 19537
 19544
 19545
 19548
 19548
 19550
 19551
 19559
 19560
 19565
 19566
 19569
 19569
 19571
 19575
 19575
 19577
 19580
 19586
 19586
 19587
 19588
 19592
 19596
 19596
 19601
 19604
 19606
 19619
 19622
 19626
 19631
 19634
 19635
 19636
 19643
 19646
 19646
 19647
 19648
 19650
 19651
 19652
 19654
 19667
 19667
 19671
 19672
 19675
 19675
 19675
 19683
 19683
 19688
 19693
 19694
 19699
 19699
 19700
 19705
 19707
 19708
 19714
 19716
 19718
 19722
 19722
 19722
 19723
 19725
 19739
 19745
 19746
 19749
 19749
 19750
 19751
 19753
 19757
 19760
 19761
 19765
 19768
 19770
 19770
 19771
 19774
 19776
 19776
 19781
 19781
 19786
 19787
 19788
 19788
 19790
 19791
 19792
 19793
 19794
 19796
 19797
 19797
 19799
 19801
 19802
 19804
 19806
 19810
 19810
 19815
 19816
 19821
 19825
 19825
 19827
 19829
 19832
 19837
 19838
 19838
 19846
 19846
 19847
 19855
 19857
 19865
 19868
 19869
 19869
 19870
 19879
 19879
 19880
 19880
 19880
 19885
 19886
 19887
 19892
 19893
 19901
 19903
 19907
 19909
 19910
 19910
 19921
 19921
 19927
 19927
 19928
 19930
 19935
 19936
 19936
 19938
 19938
 19940
 19941
 19949
 19949
 19953
 19954
 19955
 19957
 19957
 19960
 19963
 19966
 19967
 19971
 19973
 19975
 19976
 19981
 19982
 19986
 19987
 19989
 19993
 19993
 19994
 19994
 19997
 19999
 20000
 20001
 20001
 20003
 20004
 20005
 20009
 20012
 20014
 20018
 20019
 20019
 20020
 20021
 20026
 20027
 20029
 20030
 20031
 20032
 20032
 20034
 20037
 20037
 20038
 20044
 20050
 20051
 20051
 20052
 20055
 20058
 20067
 20071
 20071
 20073
 20073
 20074
 20075
 20076
 20079
 20079
 20080
 20084
 20085
 20087
 20087
 20087
 20088
 20095
 20101
 20101
 20104
 20107
 20109
 20109
 20110
 20111
 20112
 20118
 20119
 20121
 20121
 20123
 20127
 20127
 20137
 20140
 20142
 20143
 20144
 20145
 20154
 20163
 20169
 20173
 20175
 20176
 20176
 20188
 20191
 20192
 20192
 20195
 20196
 20197
 20197
 20198
 20200
 20201
 20201
 20205
 20209
 20210
 20219
 20225
 20233
 20233
 20237
 20237
 20239
 20239
 20240
 20242
 20243
 20245
 20250
 20253
 20254
 20256
 20258
 20265
 20270
 20274
 20280
 20281
 20285
 20288
 20288
 20289
 20289
 20290
 20290
 20293
 20303
 20303
 20306
 20307
 20307
 20309
 20311
 20312
 20313
 20313
 20314
 20317
 20320
 20320
 20320
 20321
 20325
 20326
 20332
 20339
 20341
 20342
 20343
 20347
 20348
 20364
 20364
 20368
 20368
 20376
 20380
 20381
 20382
 20383
 20394
 20396
 20396
 20396
 20397
 20399
 20399
 20399
 20402
 20403
 20407
 20410
 20410
 20411
 20412
 20422
 20427
 20429
 20430
 20433
 20437
 20438
 20440
 20443
 20445
 20446
 20450
 20454
 20455
 20455
 20460
 20464
 20465
 20469
 20470
 20471
 20471
 20472
 20475
 20476
 20480
 20483
 20484
 20484
 20486
 20487
 20488
 20489
 20493
 20505
 20508
 20510
 20513
 20514
 20515
 20517
 20519
 20520
 20525
 20529
 20529
 20532
 20533
 20536
 20536
 20537
 20544
 20546
 20549
 20550
 20552
 20553
 20554
 20557
 20561
 20562
 20562
 20566
 20568
 20570
 20572
 20574
 20575
 20577
 20577
 20590
 20590
 20590
 20592
 20600
 20603
 20605
 20607
 20607
 20610
 20613
 20615
 20616
 20618
 20620
 20623
 20623
 20625
 20631
 20634
 20640
 20640
 20641
 20643
 20649
 20653
 20653
 20655
 20657
 20663
 20672
 20675
 20683
 20686
 20692
 20692
 20697
 20698
 20703
 20704
 20705
 20706
 20709
 20710
 20711
 20716
 20719
 20719
 20720
 20722
 20722
 20723
 20725
 20726
 20732
 20741
 20743
 20744
 20747
 20748
 20749
 20750
 20751
 20754
 20756
 20758
 20758
 20759
 20760
 20766
 20777
 20778
 20779
 20780
 20782
 20782
 20785
 20785
 20788
 20792
 20793
 20795
 20797
 20800
 20805
 20805
 20808
 20808
 20812
 20818
 20838
 20838
 20839
 20849
 20856
 20858
 20859
 20859
 20863
 20863
 20864
 20865
 20868
 20869
 20878
 20882
 20885
 20885
 20886
 20890
 20890
 20899
 20903
 20914
 20918
 20920
 20926
 20927
 20931
 20932
 20935
 20937
 20938
 20944
 20948
 20948
 20948
 20949
 20953
 20955
 20958
 20962
 20964
 20969
 20974
 20981
 20982
 20983
 20983
 20987
 20987
 20992
 20993
 20996
 20998
 21003
 21005
 21006
 21010
 21012
 21013
 21016
 21016
 21017
 21020
 21026
 21037
 21038
 21039
 21039
 21048
 21049
 21052
 21053
 21054
 21056
 21058
 21062
 21062
 21063
 21063
 21066
 21076
 21079
 21080
 21082
 21082
 21085
 21090
 21100
 21104
 21112
 21114
 21122
 21123
 21124
 21126
 21145
 21147
 21149
 21149
 21150
 21151
 21151
 21153
 21161
 21163
 21172
 21173
 21173
 21176
 21180
 21181
 21181
 21183
 21183
 21184
 21188
 21190
 21191
 21192
 21201
 21202
 21205
 21206
 21208
 21215
 21218
 21219
 21225
 21227
 21228
 21229
 21230
 21231
 21235
 21236
 21237
 21238
 21240
 21244
 21244
 21245
 21247
 21250
 21252
 21257
 21260
 21261
 21263
 21266
 21271
 21271
 21271
 21271
 21274
 21274
 21275
 21276
 21276
 21277
 21285
 21287
 21291
 21292
 21295
 21299
 21303
 21307
 21309
 21310
 21310
 21316
 21317
 21319
 21333
 21337
 21338
 21342
 21345
 21351
 21352
 21355
 21356
 21360
 21365
 21366
 21368
 21369
 21373
 21374
 21375
 21378
 21378
 21378
 21383
 21394
 21395
 21398
 21401
 21404
 21407
 21417
 21423
 21424
 21429
 21429
 21431
 21432
 21433
 21434
 21443
 21443
 21447
 21448
 21451
 21455
 21457
 21460
 21460
 21466
 21469
 21476
 21478
 21487
 21489
 21491
 21494
 21495
 21502
 21505
 21507
 21508
 21514
 21549
 21550
 21552
 21554
 21560
 21561
 21586
 21591
 21594
 21596
 21599
 21601
 21607
 21607
 21608
 21611
 21612
 21613
 21618
 21623
 21624
 21625
 21625
 21627
 21628
 21633
 21639
 21639
 21644
 21645
 21647
 21649
 21649
 21651
 21654
 21660
 21664
 21670
 21671
 21672
 21673
 21674
 21681
 21690
 21692
 21693
 21693
 21698
 21702
 21705
 21716
 21717
 21722
 21724
 21733
 21735
 21737
 21739
 21743
 21743
 21752
 21753
 21755
 21762
 21764
 21765
 21766
 21768
 21778
 21780
 21782
 21784
 21784
 21793
 21797
 21804
 21804
 21804
 21807
 21811
 21815
 21816
 21818
 21834
 21836
 21837
 21837
 21838
 21841
 21843
 21843
 21855
 21861
 21862
 21868
 21875
 21881
 21881
 21887
 21887
 21895
 21896
 21898
 21910
 21918
 21921
 21922
 21926
 21929
 21939
 21939
 21941
 21946
 21947
 21947
 21955
 21955
 21958
 21960
 21963
 21964
 21965
 21966
 21967
 21969
 21970
 21974
 21974
 21974
 21978
 21982
 21984
 21986
 21989
 21990
 21992
 21993
 21994
 21998
 22003
 22006
 22007
 22009
 22010
 22012
 22017
 22017
 22020
 22024
 22031
 22040
 22040
 22043
 22049
 22055
 22058
 22058
 22061
 22067
 22070
 22072
 22078
 22087
 22091
 22092
 22097
 22097
 22107
 22107
 22112
 22113
 22113
 22135
 22136
 22136
 22141
 22144
 22148
 22151
 22153
 22155
 22157
 22162
 22162
 22168
 22170
 22172
 22174
 22175
 22175
 22177
 22190
 22194
 22197
 22202
 22209
 22213
 22216
 22217
 22218
 22219
 22225
 22236
 22236
 22238
 22242
 22243
 22244
 22249
 22249
 22269
 22274
 22274
 22275
 22276
 22280
 22290
 22291
 22294
 22295
 22296
 22298
 22299
 22300
 22302
 22302
 22311
 22315
 22329
 22332
 22335
 22337
 22345
 22349
 22352
 22356
 22364
 22375
 22377
 22381
 22385
 22389
 22394
 22397
 22398
 22401
 22405
 22415
 22425
 22428
 22435
 22438
 22440
 22442
 22443
 22443
 22443
 22450
 22463
 22463
 22465
 22469
 22471
 22474
 22481
 22483
 22485
 22495
 22497
 22498
 22500
 22507
 22508
 22509
 22512
 22514
 22519
 22519
 22527
 22532
 22533
 22534
 22537
 22547
 22550
 22551
 22553
 22555
 22556
 22561
 22562
 22565
 22566
 22567
 22567
 22569
 22573
 22575
 22582
 22583
 22593
 22597
 22601
 22613
 22614
 22615
 22616
 22619
 22621
 22625
 22627
 22642
 22650
 22653
 22654
 22655
 22658
 22659
 22659
 22660
 22670
 22673
 22675
 22686
 22686
 22697
 22700
 22704
 22706
 22717
 22725
 22736
 22737
 22739
 22744
 22755
 22757
 22761
 22779
 22793
 22802
 22803
 22813
 22815
 22821
 22828
 22831
 22834
 22834
 22836
 22845
 22851
 22851
 22860
 22863
 22864
 22866
 22870
 22879
 22883
 22894
 22906
 22950
 22952
 22955
 22962
 22986
 22987
 22992
 22993
 23006
 23008
 23014
 23024
 23025
 23029
 23031
 23032
 23035
 23042
 23044
 23048
 23050
 23055
 23061
 23066
 23068
 23076
 23076
 23079
 23080
 23081
 23083
 23094
 23098
 23102
 23104
 23106
 23120
 23133
 23137
 23141
 23145
 23145
 23148
 23149
 23160
 23160
 23160
 23174
 23180
 23186
 23197
 23198
 23201
 23210
 23210
 23213
 23216
 23217
 23228
 23229
 23235
 23239
 23242
 23243
 23244
 23245
 23265
 23273
 23274
 23274
 23276
 23277
 23285
 23287
 23288
 23291
 23292
 23295
 23297
 23297
 23305
 23319
 23320
 23320
 23322
 23326
 23332
 23338
 23347
 23352
 23366
 23366
 23377
 23378
 23380
 23385
 23386
 23390
 23395
 23396
 23431
 23433
 23434
 23442
 23446
 23446
 23449
 23454
 23456
 23466
 23471
 23474
 23483
 23494
 23498
 23500
 23513
 23516
 23529
 23531
 23531
 23536
 23539
 23540
 23543
 23544
 23549
 23557
 23557
 23573
 23576
 23579
 23588
 23591
 23603
 23605
 23609
 23612
 23628
 23632
 23632
 23633
 23634
 23635
 23638
 23654
 23658
 23665
 23666
 23668
 23670
 23681
 23683
 23687
 23689
 23690
 23700
 23704
 23704
 23712
 23733
 23734
 23737
 23744
 23752
 23768
 23772
 23775
 23785
 23786
 23787
 23790
 23809
 23810
 23811
 23834
 23842
 23849
 23861
 23864
 23865
 23879
 23879
 23881
 23886
 23892
 23899
 23921
 23924
 23943
 23944
 23945
 23946
 23953
 23963
 23964
 23965
 23972
 23972
 23983
 23985
 24002
 24006
 24007
 24016
 24025
 24028
 24032
 24032
 24035
 24035
 24037
 24040
 24042
 24045
 24045
 24047
 24060
 24061
 24068
 24074
 24079
 24083
 24090
 24093
 24098
 24099
 24101
 24101
 24101
 24104
 24119
 24121
 24132
 24132
 24132
 24134
 24148
 24150
 24157
 24160
 24166
 24170
 24170
 24172
 24180
 24192
 24195
 24196
 24197
 24205
 24208
 24221
 24221
 24241
 24244
 24257
 24283
 24284
 24285
 24288
 24292
 24293
 24298
 24311
 24311
 24319
 24324
 24333
 24334
 24335
 24337
 24338
 24345
 24345
 24355
 24356
 24360
 24362
 24367
 24370
 24371
 24371
 24376
 24388
 24389
 24391
 24398
 24400
 24404
 24405
 24407
 24412
 24418
 24420
 24421
 24424
 24444
 24450
 24453
 24453
 24456
 24456
 24460
 24466
 24472
 24481
 24486
 24487
 24489
 24499
 24499
 24506
 24527
 24548
 24548
 24552
 24553
 24555
 24571
 24571
 24588
 24596
 24602
 24605
 24609
 24609
 24616
 24616
 24618
 24626
 24640
 24647
 24667
 24672
 24682
 24691
 24691
 24697
 24697
 24709
 24711
 24717
 24736
 24738
 24740
 24742
 24746
 24748
 24755
 24765
 24774
 24776
 24779
 24782
 24783
 24792
 24798
 24811
 24815
 24834
 24843
 24845
 24845
 24867
 24869
 24872
 24875
 24878
 24895
 24898
 24920
 24924
 24928
 24937
 24937
 24951
 24955
 24961
 24967
 24970
 24971
 24972
 24978
 24981
 24990
 24996
 25000
 25006
 25007
 25013
 25015
 25021
 25026
 25028
 25028
 25050
 25055
 25059
 25060
 25061
 25074
 25079
 25083
 25091
 25095
 25101
 25103
 25104
 25109
 25113
 25115
 25115
 25119
 25129
 25131
 25132
 25143
 25156
 25159
 25161
 25180
 25182
 25186
 25189
 25189
 25191
 25195
 25198
 25212
 25221
 25221
 25250
 25254
 25258
 25260
 25266
 25270
 25276
 25281
 25284
 25286
 25313
 25316
 25325
 25325
 25332
 25332
 25338
 25340
 25341
 25358
 25359
 25362
 25369
 25393
 25399
 25402
 25423
 25426
 25433
 25449
 25463
 25471
 25476
 25482
 25485
 25489
 25492
 25498
 25509
 25514
 25517
 25548
 25557
 25561
 25566
 25575
 25575
 25586
 25597
 25600
 25601
 25624
 25628
 25632
 25634
 25640
 25640
 25640
 25659
 25659
 25672
 25675
 25693
 25698
 25711
 25718
 25731
 25733
 25740
 25742
 25744
 25775
 25781
 25789
 25789
 25802
 25820
 25824
 25838
 25848
 25861
 25863
 25867
 25872
 25895
 25907
 25921
 25929
 25929
 25931
 25942
 25951
 25953
 25956
 25970
 25974
 25987
 25996
 26000
 26027
 26040
 26043
 26062
 26063
 26070
 26071
 26075
 26079
 26080
 26083
 26087
 26101
 26101
 26115
 26115
 26130
 26134
 26138
 26139
 26144
 26152
 26154
 26167
 26173
 26176
 26176
 26177
 26187
 26190
 26195
 26200
 26206
 26219
 26225
 26227
 26236
 26262
 26273
 26276
 26280
 26281
 26286
 26296
 26335
 26363
 26368
 26372
 26375
 26377
 26387
 26402
 26410
 26420
 26432
 26438
 26441
 26489
 26504
 26510
 26512
 26518
 26523
 26528
 26533
 26535
 26536
 26555
 26563
 26567
 26569
 26570
 26575
 26598
 26622
 26634
 26651
 26657
 26674
 26682
 26706
 26707
 26709
 26711
 26715
 26730
 26732
 26766
 26767
 26800
 26809
 26824
 26830
 26837
 26838
 26842
 26865
 26866
 26875
 26882
 26896
 26914
 26916
 26954
 26960
 26963
 26974
 27012
 27045
 27050
 27056
 27057
 27065
 27088
 27096
 27112
 27120
 27127
 27143
 27146
 27156
 27174
 27176
 27179
 27180
 27192
 27196
 27222
 27226
 27232
 27249
 27265
 27275
 27281
 27288
 27289
 27297
 27325
 27327
 27341
 27370
 27389
 27406
 27430
 27433
 27434
 27489
 27493
 27499
 27505
 27515
 27526
 27529
 27529
 27540
 27551
 27552
 27561
 27596
 27596
 27611
 27634
 27636
 27641
 27641
 27657
 27721
 27725
 27730
 27760
 27799
 27816
 27822
 27836
 27843
 27888
 27894
 27915
 27930
 27934
 27943
 27952
 27954
 27965
 27976
 27982
 27982
 27987
 28013
 28015
 28015
 28027
 28097
 28097
 28116
 28134
 28136
 28147
 28166
 28174
 28201
 28207
 28227
 28234
 28239
 28259
 28288
 28290
 28304
 28339
 28357
 28361
 28364
 28368
 28388
 28394
 28429
 28459
 28472
 28474
 28482
 28516
 28541
 28566
 28586
 28592
 28594
 28602
 28698
 28723
 28753
 28759
 28772
 28842
 28885
 29024
 29135
 29150
 29186
 29201
 29221
 29272
 29303
 29502
 29807
 29855
