 8971
 8322
 14255
 916
 11365
 6960
 10450
 11846
 3385
 662
 3452
 1840
 13916
 930
 19413
 5614
 1680
 8769
 14216
 10472
 17062
 6512
 12139
 19791
 1985
 12467
 15970
 2472
 4957
 6313
 17281
 8359
 1296
 13312
 5968
 7104
 1648
 5445
 1780
 1529
 17109
 11839
 9067
 1924
 4863
 16125
 11960
 10156
 15067
 17388
 7361
 942
 5379
 4237
 2325
 8267
 7716
 19079
 17073
 4730
 10692
 441
 19301
 14595
 4803
 2131
 11923
 15081
 7489
 453
 7159
 10984
 5761
 10423
 6509
 7775
 9676
 2203
 16559
 4431
 5433
 2080
 5726
 4358
 12427
 9225
 356
 17525
 9211
 7453
 12952
 2472
 16088
 12160
 12033
 13143
 10797
 5666
 7646
 11992
 4578
 2039
 6309
 7544
 18917
 14183
 10666
 6314
 6410
 9350
 16386
 1567
 8816
 10150
 2825
 1143
 17895
 8907
 13825
 1910
 9935
 8159
 18397
 19514
 6818
 14344
 13981
 9452
 20053
 7639
 4634
 11541
 5530
 7778
 12996
 1491
 1162
 6485
 3465
 11021
 8353
 11428
 12505
 12099
 1803
 7268
 904
 12745
 12862
 7163
 980
 7638
 6663
 6292
 4168
 6231
 5481
 1847
 16000
 6377
 4963
 10137
 15886
 10152
 12658
 6160
 4413
 13281
 8695
 5226
 2803
 9167
 186
 4287
 5564
 11204
 12591
 13635
 10948
 1637
 10872
 9857
 5189
 5564
 3947
 3620
 8067
 8488
 4373
 11511
 14068
 4183
 11231
 2544
 10372
 16343
 17969
 7656
 10103
 9706
 12724
 12207
 8080
 10744
 1820
 7453
 6866
 5929
 6086
 588
 5445
 4083
 4093
 4836
 2172
 9488
 12419
 3671
 5556
 11476
 12719
 3855
 9279
 2238
 6802
 12612
 11330
 1357
 4863
 11954
 11964
 501
 10538
 3754
 1896
 12305
 4559
 7976
 7300
 11803
 11575
 12294
 5619
 19066
 5462
 10863
 20000
 12316
 16024
 8341
 4677
 10340
 3902
 8615
 7850
 8389
 11235
 8157
 10737
 10224
 11972
 9654
 9778
 7274
 7200
 7333
 13891
 18658
 3868
 11047
 8410
 5153
 13354
 12984
 1430
 4899
 1002
 8679
 4634
 4357
 6481
 5127
 16668
 6784
 1002
 4743
 1117
 11285
 11867
 9827
 3769
 16232
 3785
 11644
 2914
 9042
 13854
 4935
 2440
 8402
 17674
 3842
 11324
 18020
 14567
 6956
 4341
 15381
 11970
 8245
 19922
 6102
 1591
 1587
 1505
 9071
 9564
 406
 12768
 8053
 9345
 3871
 18178
 19231
 12789
 19725
 1396
 9461
 14957
 9687
 1888
 1162
 833
 8289
 2290
 7084
 6135
 2409
 14553
 10873
 16549
 15969
 16528
 4373
 12465
 10882
 670
 2649
 8218
 12990
 11611
 7694
 4861
 9367
 19380
 14554
 10097
 4911
 7600
 2362
 2740
 2015
 8083
 12049
 12361
 17228
 5443
 896
 19522
 14839
 1002
 14455
 17083
 20243
 15772
 14474
 12455
 6236
 4377
 10599
 9135
 3558
 11573
 11079
 18455
 10996
 7062
 11332
 2051
 7435
 16254
 6218
 8283
 6246
 11145
 2736
 971
 12715
 17273
 18185
 12270
 12573
 1360
 8534
 5612
 13140
 11325
 18046
 12065
 19242
 17116
 417
 17568
 7927
 4471
 9257
 12408
 13503
 2417
 19714
 19157
 3978
 12741
 18604
 4906
 15700
 11626
 15919
 5070
 18790
 6618
 2318
 2469
 4005
 20339
 3774
 18337
 8714
 1981
 6905
 11272
 8786
 6573
 11694
 6775
 5591
 14473
 17916
 7847
 7230
 15373
 18111
 3311
 5970
 9262
 12809
 4778
 7601
 4349
 9781
 1691
 3173
 12975
 1304
 1518
 1430
 13082
 6328
 1153
 10238
 4418
 4738
 8899
 4894
 1941
 12279
 8635
 5263
 18099
 10151
 6444
 2587
 11826
 18721
 4407
 8524
 8673
 8456
 6146
 12005
 11180
 9066
 3096
 8337
 15423
 558
 1362
 4440
 16238
 1676
 9652
 11897
 2133
 10946
 4314
 12116
 13915
 11043
 10260
 10407
 9757
 3698
 3184
 8348
 11944
 2000
 18199
 10433
 6182
 883
 9499
 13496
 18877
 6775
 5712
 20432
 10932
 10137
 7255
 12692
 728
 3553
 10819
 8162
 9278
 5728
 10198
 6142
 1929
 12347
 10155
 9864
 3438
 13703
 826
 587
 4630
 14965
 15671
 10776
 2117
 17295
 1403
 563
 6777
 9700
 2888
 2059
 16052
 10272
 4999
 11440
 6205
 1184
 1333
 11648
 5124
 10533
 7005
 2723
 6917
 12647
 16519
 5528
 9327
 7179
 8210
 19279
 14758
 7352
 11965
 14008
 1925
 16774
 7277
 1756
 4648
 7352
 4906
 3339
 10760
 7532
 6474
 4309
 8296
 10353
 7570
 16957
 1296
 13144
 6810
 3211
 5784
 5582
 1712
 4672
 6120
 1321
 7488
 6160
 1470
 8224
 11923
 4875
 3407
 8576
 7542
 18460
 2065
 1340
 4509
 12534
 9080
 16965
 18567
 14987
 4128
 7867
 20066
 672
 7307
 11522
 11154
 16253
 9706
 9656
 13327
 14857
 1473
 10726
 1357
 1334
 5415
 9366
 11777
 6264
 15019
 19364
 3168
 12123
 6269
 8760
 13065
 19894
 1228
 19954
 7014
 7227
 12332
 11558
 6286
 3057
 19483
 2731
 5967
 1635
 13059
 6095
 12043
 1786
 2626
 16333
 13056
 10504
 17672
 9121
 10221
 8583
 12033
 7675
 1202
 2562
 4309
 7731
 11639
 17649
 11468
 8060
 10863
 3147
 7509
 1979
 10622
 13591
 17576
 12314
 19416
 6436
 4491
 4376
 12076
 18682
 16402
 7556
 6370
 6672
 9131
 14090
 10113
 5920
 20377
 9452
 14772
 2423
 19199
 4629
 3757
 1713
 7487
 4714
 11403
 17701
 18531
 4546
 19928
 3740
 924
 12152
 18518
 8872
 1385
 6078
 20731
 9683
 13051
 20147
 16698
 6741
 1110
 4664
 16772
 8811
 5562
 5280
 12015
 17188
 9923
 12391
 17110
 2749
 3790
 9061
 14305
 5903
 10238
 7394
 12454
 8647
 19517
 18764
 10832
 8919
 15398
 9958
 13311
 8140
 9635
 12804
 1680
 9376
 7506
 2260
 6911
 9776
 3758
 18687
 1610
 12400
 2507
 19441
 3543
 9565
 5537
 1044
 20249
 8371
 16205
 6916
 3375
 12673
 10165
 11615
 11694
 3226
 8618
 6875
 3744
 2157
 1107
 3324
 5036
 11607
 7111
 3782
 14168
 17783
 3483
 19536
 16621
 11970
 6173
 20762
 4602
 11257
 10240
 1856
 3227
 18552
 4282
 6063
 10332
 2160
 7562
 2040
 8056
 10199
 10173
 3171
 8423
 3518
 13075
 12454
 11031
 8835
 5757
 12693
 14649
 3784
 12842
 7868
 19584
 12644
 11651
 6827
 18758
 2297
 7763
 11793
 10544
 15494
 11051
 16044
 2355
 12669
 11525
 11552
 9111
 12151
 5159
 18982
 13434
 13223
 5194
 20039
 10008
 10988
 3548
 7946
 8618
 2411
 3363
 1130
 11884
 18461
 3939
 14667
 1412
 10213
 11393
 10254
 10048
 11076
 9065
 1859
 10942
 17904
 19757
 7998
 10130
 13154
 12943
 9934
 10724
 8720
 20546
 8874
 12856
 6363
 11019
 7820
 20498
 10281
 13389
 1411
 2681
 4597
 11238
 16803
 10427
 20677
 15700
 5120
 2897
 4476
 5148
 3995
 18981
 11857
 9548
 2171
 12465
 1185
 3327
 10976
 13002
 9441
 9025
 20853
 5469
 16086
 12979
 6084
 17177
 7688
 11922
 8206
 7213
 19060
 3251
 19546
 9523
 8577
 11442
 3374
 3565
 11541
 9323
 2268
 11822
 12201
 3304
 15039
 5245
 4282
 5917
 7015
 11606
 11266
 3952
 8048
 10897
 6887
 2972
 4761
 9703
 2449
 20312
 20116
 14034
 17154
 11188
 10233
 17652
 3553
 8964
 9409
 7067
 4343
 11424
 6448
 11747
 5822
 1322
 13905
 18141
 3319
 13522
 7816
 7567
 19291
 5463
 19940
 8892
 12788
 16046
 12436
 18821
 20525
 12264
 11452
 19471
 12551
 7759
 4456
 10695
 6157
 3729
 12256
 8964
 4394
 18945
 18396
 12428
 3290
 16250
 9018
 6905
 19230
 13221
 20334
 11613
 15060
 11581
 5113
 10820
 18951
 15985
 13181
 9434
 2626
 12138
 2863
 13165
 11755
 8877
 11598
 1459
 18926
 9091
 18356
 3662
 7734
 19191
 2699
 9999
 2691
 5856
 9729
 20602
 11321
 8064
 10847
 13097
 2102
 18220
 7862
 15827
 17830
 15308
 10395
 3374
 5914
 11109
 3477
 10834
 14102
 4726
 2068
 6912
 13610
 5216
 18788
 7811
 16004
 2666
 17730
 4758
 5795
 5795
 1103
 3303
 11727
 2601
 6659
 9370
 7623
 20874
 6052
 9136
 7483
 8041
 17430
 12170
 3996
 11011
 3221
 3208
 11760
 14226
 7297
 13719
 11178
 2929
 2041
 9675
 3674
 6914
 2892
 12233
 18049
 18541
 14539
 10696
 5416
 2889
 10563
 9176
 13585
 12928
 6026
 16516
 11565
 4174
 6968
 4276
 5231
 6026
 13272
 19863
 2498
 17800
 6974
 12703
 3511
 10942
 1243
 5293
 18049
 7142
 11375
 21038
 12421
 9988
 4382
 13478
 17419
 18184
 19143
 10956
 5626
 7350
 13233
 4278
 13796
 7972
 12710
 5079
 1661
 15459
 5605
 10918
 4146
 11842
 14578
 9920
 2775
 4783
 6929
 11249
 12034
 11136
 11859
 7791
 12790
 12849
 4080
 8423
 11138
 4782
 2774
 4541
 5836
 13299
 10528
 12046
 3496
 19667
 11083
 16888
 1773
 3734
 7909
 14269
 20137
 7014
 11846
 17283
 12052
 10636
 1508
 17439
 11363
 9878
 6817
 6035
 5022
 3260
 2792
 20086
 2804
 2179
 7321
 2227
 3821
 8449
 12640
 19989
 10049
 13762
 5069
 6177
 16039
 13163
 5279
 6660
 6736
 17181
 14306
 1935
 3637
 7036
 3099
 19840
 14606
 10321
 12513
 7939
 4196
 4172
 3247
 11864
 8713
 9678
 5207
 6007
 7335
 12198
 10009
 14353
 13975
 7962
 4212
 1881
 4147
 20105
 9148
 5380
 5805
 3247
 5741
 7948
 6274
 4872
 3391
 2203
 13161
 19224
 7930
 13670
 1840
 16427
 16652
 2167
 10761
 11480
 17113
 9264
 6113
 12459
 6642
 1933
 17554
 14244
 8009
 9865
 9465
 17114
 6660
 2723
 12042
 9315
 3728
 3555
 3458
 12920
 17015
 1592
 4030
 13781
 11381
 2020
 18698
 5983
 20552
 8250
 3677
 4361
 11974
 15078
 4643
 6104
 15028
 10062
 6970
 6086
 2516
 14616
 10113
 16324
 16830
 15372
 7438
 6531
 6866
 13915
 2367
 5076
 3244
 8384
 4276
 5454
 16665
 7013
 4731
 3921
 2666
 2377
 7787
 21065
 5287
 3458
 5557
 4053
 13990
 6622
 8471
 20168
 14812
 8622
 7891
 14992
 3314
 2244
 5121
 16469
 9244
 21116
 12160
 20356
 11526
 13497
 16562
 7213
 4143
 8530
 6345
 6441
 15355
 8429
 3484
 10304
 8036
 11338
 6239
 7882
 12529
 11108
 21138
 7444
 13001
 8531
 6584
 15493
 7178
 8341
 18282
 7746
 11509
 9710
 12909
 17359
 4876
 8398
 9154
 2456
 9663
 7218
 19165
 9327
 8387
 5293
 16760
 2293
 4996
 12585
 20521
 11518
 4284
 12488
 4113
 20368
 6213
 2384
 13654
 5325
 14123
 19206
 5715
 17714
 2566
 2874
 19438
 5343
 7559
 3396
 17611
 7159
 10096
 9581
 8031
 6250
 8937
 12402
 6440
 8754
 1968
 17988
 11451
 14010
 13072
 18579
 7677
 14598
 11830
 13452
 5782
 4334
 20032
 6464
 6275
 19693
 5110
 11783
 15787
 13146
 10174
 16581
 8629
 7732
 8875
 4588
 7000
 1539
 3285
 8034
 16946
 2909
 5775
 8037
 11293
 6758
 9045
 10508
 9407
 12828
 8260
 3631
 7169
 10258
 12654
 9514
 4418
 8506
 10094
 6238
 2445
 20265
 13498
 6584
 3432
 4853
 4919
 18134
 6574
 13570
 20656
 11015
 12768
 21182
 11498
 20147
 8759
 4586
 5298
 9947
 12477
 8186
 13240
 2818
 7389
 13183
 4384
 21068
 17432
 13251
 9494
 12965
 16346
 5779
 17410
 5350
 7148
 2404
 10940
 13043
 6475
 4143
 2146
 15177
 11224
 14271
 20776
 3126
 1778
 3598
 5103
 11881
 12897
 6378
 1689
 12300
 10772
 8317
 17788
 7150
 8205
 13454
 16309
 13926
 16411
 13890
 17503
 18133
 12201
 4071
 7908
 9068
 15637
 1874
 11794
 5966
 15236
 1607
 10738
 13783
 10260
 8857
 5301
 6301
 12274
 10771
 20624
 4757
 3628
 15990
 20075
 7097
 6922
 2916
 17332
 16937
 18009
 6684
 8472
 3504
 11079
 16743
 10581
 2888
 19446
 11571
 7209
 9376
 13323
 4125
 19535
 2013
 12262
 6708
 11212
 7583
 19511
 19004
 12549
 8102
 3183
 1649
 3092
 20788
 7669
 2476
 7610
 17812
 5722
 11370
 15190
 7804
 14639
 16043
 1975
 20879
 12501
 6553
 1711
 6406
 14069
 11498
 11880
 5712
 6129
 6919
 7260
 5112
 14650
 10222
 13759
 7174
 8644
 8629
 3327
 8648
 6295
 10640
 10448
 3761
 20584
 1972
 14401
 16227
 19335
 11869
 11667
 20810
 11386
 1869
 13259
 16905
 11657
 16598
 15205
 19705
 13883
 11610
 2507
 8814
 17794
 12305
 8807
 10973
 21203
 14315
 20214
 4411
 9785
 20182
 8477
 18920
 5609
 15938
 13024
 8972
 8920
 17315
 19184
 2912
 3596
 13847
 11685
 14032
 7569
 12105
 16269
 10207
 13998
 15253
 16196
 1932
 1879
 1869
 16036
 5427
 12964
 12283
 19518
 15127
 5185
 5383
 14282
 17119
 7495
 3068
 17084
 5087
 5515
 12518
 16152
 11577
 11381
 2239
 4230
 5955
 7188
 6667
 17321
 13130
 6929
 2975
 12205
 6551
 12673
 4265
 2047
 6161
 10782
 15692
 9954
 21156
 5144
 2027
 12543
 9120
 7688
 5513
 8316
 18629
 4070
 13582
 9680
 13661
 6204
 6381
 21078
 19690
 3194
 4899
 14400
 21315
 16811
 6722
 11822
 19769
 14312
 6351
 14464
 5726
 17963
 2824
 12104
 10632
 2375
 9098
 17891
 9843
 11318
 10546
 14793
 2501
 6835
 5347
 20674
 1877
 10441
 10728
 5980
 2798
 8331
 5690
 19035
 17297
 2534
 1860
 15441
 11993
 5460
 3717
 14702
 8067
 14259
 4309
 3960
 10541
 20725
 7084
 4286
 3902
 12728
 3327
 7530
 17383
 19961
 6925
 5526
 2472
 13988
 10393
 11169
 3382
 6480
 3896
 2082
 7772
 6665
 10574
 19163
 14176
 15917
 13460
 12433
 5127
 21404
 14204
 20923
 10107
 5801
 3512
 6714
 12843
 15478
 14136
 2184
 10036
 4127
 7859
 19956
 2015
 10422
 14536
 2444
 2859
 21583
 21413
 9884
 9132
 20988
 12936
 18198
 16116
 8316
 8643
 11122
 14706
 4815
 7845
 3033
 2936
 7117
 3575
 2876
 7905
 12344
 7301
 6283
 2227
 5615
 10270
 2403
 7841
 9765
 8509
 21318
 3188
 17649
 10569
 9809
 1930
 6503
 14137
 5162
 2623
 12583
 3836
 9721
 9836
 4660
 3992
 14969
 4878
 14248
 5042
 9807
 11721
 19782
 8877
 4762
 20108
 9072
 13942
 5099
 5910
 4026
 11712
 21175
 5177
 17054
 5195
 10250
 9181
 6194
 11723
 2847
 17353
 9783
 7877
 13741
 7710
 4787
 19293
 11588
 17860
 4066
 3342
 20025
 16618
 9000
 13434
 5502
 19303
 6442
 12931
 6837
 4646
 14429
 6968
 12806
 11874
 2239
 6164
 6159
 12526
 13957
 13892
 13148
 18968
 21045
 12808
 4183
 2447
 11029
 4443
 6849
 17123
 4579
 20950
 12610
 4620
 7654
 11730
 9950
 14285
 8037
 15565
 16361
 3866
 5879
 9455
 18875
 12408
 14010
 17548
 2439
 16068
 5672
 8429
 15369
 12214
 7559
 12171
 14143
 17863
 20128
 6331
 4889
 18450
 9395
 9073
 9363
 14679
 12616
 14110
 8035
 12837
 11465
 13371
 14510
 5849
 5262
 13931
 4992
 14754
 20473
 12155
 8859
 13607
 6435
 15470
 11759
 15147
 21655
 21015
 21131
 9167
 16350
 5893
 20020
 10937
 13882
 14886
 4180
 9908
 11671
 16037
 3252
 17752
 12702
 12150
 12077
 17035
 21452
 13045
 15866
 16360
 15330
 17065
 12370
 3103
 3327
 5806
 10902
 6365
 10187
 10355
 7526
 6798
 7637
 14721
 12889
 11456
 10080
 12606
 20908
 10346
 12889
 18097
 7578
 3437
 7788
 20902
 11949
 13561
 14231
 10100
 6388
 19059
 17887
 15326
 6485
 6677
 14338
 2583
 11557
 5014
 11149
 5481
 18422
 19820
 3919
 9527
 7088
 8496
 11789
 6881
 9956
 5729
 15255
 5992
 12092
 19308
 3899
 15667
 12503
 8490
 12601
 2450
 8852
 19689
 7511
 11489
 11276
 21680
 6678
 14063
 2661
 3550
 2596
 20415
 5476
 12530
 6035
 12142
 10850
 12784
 16713
 9399
 2755
 2722
 6970
 17779
 19747
 20861
 9971
 8453
 7602
 6278
 13081
 10869
 14658
 8405
 21938
 11611
 9534
 4088
 15073
 20863
 12253
 13275
 2648
 5150
 15831
 7847
 2344
 11216
 17047
 21128
 9853
 7815
 11762
 4916
 18216
 9402
 9207
 4137
 18845
 12771
 3207
 19382
 17566
 2950
 5383
 21436
 6199
 4948
 10611
 12342
 12397
 8719
 5782
 2199
 13328
 11182
 3192
 16691
 4888
 11587
 3190
 3649
 9039
 11291
 17688
 12831
 2859
 21925
 5471
 5719
 10655
 10871
 20766
 6112
 8242
 2477
 20010
 10024
 10928
 7796
 6581
 9041
 6272
 14022
 6103
 8249
 5654
 4279
 16750
 8607
 14922
 4912
 9736
 3778
 17705
 4953
 2270
 11148
 3977
 15996
 9252
 21039
 18371
 20967
 9982
 12783
 5436
 14514
 22165
 4256
 5124
 12418
 14377
 6481
 8004
 7214
 6249
 11594
 14545
 13408
 12258
 10066
 10150
 13502
 10709
 5491
 4881
 13738
 13804
 19778
 19404
 2918
 20365
 7770
 13327
 8316
 14351
 11560
 9764
 7549
 20109
 14765
 12315
 19816
 15354
 13887
 10880
 22157
 5588
 12945
 7753
 9043
 8187
 2772
 10260
 13719
 8612
 20541
 6897
 7478
 3305
 17257
 5115
 13580
 3267
 15199
 6925
 21374
 5627
 9845
 7218
 2421
 19516
 12726
 7166
 5260
 15726
 4642
 4635
 5068
 6431
 19094
 20326
 3158
 15106
 7053
 11388
 10881
 5053
 19527
 11215
 15812
 21117
 4586
 4606
 9526
 5357
 7622
 16163
 2868
 14887
 19197
 11310
 5091
 10698
 9859
 4403
 7223
 4429
 14594
 8223
 14515
 2963
 10145
 5681
 16466
 6303
 12934
 18886
 11589
 11817
 13593
 12597
 17118
 20306
 6923
 5053
 19116
 5908
 8184
 18107
 11496
 3166
 20873
 19232
 6639
 14143
 3964
 4355
 11217
 16960
 10983
 2579
 6954
 12311
 6747
 2832
 11183
 16089
 12902
 14554
 18635
 7024
 21660
 11402
 5738
 20493
 6359
 2848
 14134
 16064
 15036
 15420
 20224
 10822
 20287
 10161
 17729
 16674
 13386
 14646
 5954
 4303
 10746
 19551
 3961
 10708
 2859
 5324
 12724
 5337
 5301
 22177
 21627
 10041
 21495
 13589
 10289
 9561
 7443
 3599
 13179
 9912
 12410
 3598
 5221
 13703
 12553
 12487
 12449
 13595
 9780
 14037
 14417
 11233
 13282
 5739
 6695
 19025
 20217
 10606
 6315
 10406
 9244
 9217
 8061
 21037
 18642
 12416
 15355
 9180
 6121
 22130
 12741
 6181
 5082
 3737
 9695
 21450
 4175
 5515
 11703
 13779
 5346
 21350
 15559
 10782
 3848
 11423
 14205
 21079
 6638
 3420
 7610
 8681
 22466
 17891
 17784
 15891
 11958
 19506
 7023
 9278
 8032
 16945
 7194
 2702
 16677
 9765
 12821
 11959
 9656
 3302
 14282
 14578
 5597
 8242
 9836
 2544
 2931
 21635
 3427
 12558
 3249
 21343
 6538
 4105
 19632
 14096
 8533
 15124
 13609
 12083
 7351
 13576
 15745
 21300
 3267
 5788
 13058
 2906
 9745
 9685
 22124
 21886
 16867
 6911
 9356
 19202
 19208
 14364
 20715
 12320
 10881
 13789
 11722
 7552
 21763
 8879
 5100
 20174
 3164
 18359
 16310
 14667
 5433
 8514
 8754
 12131
 7271
 2550
 18938
 15520
 9881
 21805
 11635
 15453
 15722
 4643
 10455
 4317
 21603
 22349
 6008
 14172
 18207
 22508
 14274
 10822
 13452
 10691
 12928
 13223
 4117
 20933
 6082
 17378
 6334
 5395
 10717
 8359
 8944
 21349
 6804
 12799
 4150
 14822
 10709
 5705
 4999
 11813
 7111
 19274
 16452
 3625
 10083
 14336
 4932
 13860
 6432
 19992
 4975
 3788
 8564
 6785
 11720
 17286
 9495
 8705
 11086
 12707
 20522
 5350
 17604
 4112
 7992
 7231
 12208
 17961
 16027
 5260
 11201
 6030
 7011
 7059
 4693
 14648
 8371
 3637
 15705
 7629
 9804
 16736
 12274
 3442
 19918
 18086
 4188
 12033
 6428
 11662
 14993
 11036
 15679
 7689
 7692
 2944
 16078
 9672
 4143
 19773
 21197
 14253
 5953
 20613
 22227
 16255
 3228
 9059
 11536
 7649
 14758
 21006
 8239
 8325
 3422
 13182
 6296
 19101
 6554
 8895
 10073
 13170
 9327
 10916
 16166
 9177
 6000
 12893
 16255
 16579
 15386
 4299
 16753
 3731
 6000
 13523
 7072
 13814
 10466
 12594
 3331
 21166
 4211
 3056
 9968
 7631
 4603
 10328
 22233
 5486
 7274
 7303
 14167
 21910
 12399
 14979
 6119
 7292
 2744
 9806
 21490
 11702
 19034
 16603
 2929
 13960
 5972
 14592
 21936
 21215
 6319
 6476
 21043
 9890
 4072
 13019
 18231
 14822
 6897
 13224
 20890
 7648
 14388
 5794
 12989
 10464
 5722
 8578
 12136
 14268
 22188
 10780
 5295
 17162
 22456
 15540
 4116
 7187
 12853
 11059
 20526
 11076
 19434
 5722
 15048
 7047
 21164
 22006
 9580
 15666
 8423
 2932
 17890
 14141
 21056
 13079
 19667
 5946
 19544
 3624
 6675
 6016
 19251
 12014
 20031
 15144
 21754
 8222
 14403
 14876
 13213
 13108
 17087
 8844
 14429
 13603
 10955
 4004
 12969
 11305
 21112
 14299
 3271
 5383
 5785
 13804
 5558
 4207
 22338
 19370
 18385
 7519
 2959
 20432
 13974
 21581
 13065
 13431
 14536
 15555
 12037
 6635
 4274
 4493
 19181
 7264
 10190
 7184
 11299
 12416
 22085
 6845
 16002
 14921
 12567
 9223
 21287
 13621
 11293
 15474
 15217
 3514
 15501
 21452
 5605
 11859
 5981
 10496
 5077
 12638
 14380
 6696
 4962
 5128
 8382
 4675
 14911
 17446
 14342
 4552
 10008
 14853
 10697
 11962
 17971
 9028
 7872
 11356
 10805
 15328
 14014
 16743
 20296
 15056
 7347
 7641
 10620
 3859
 5552
 14416
 22828
 6215
 16364
 11832
 18050
 3931
 7463
 4993
 5693
 3335
 3245
 19284
 3474
 10330
 11645
 9095
 11281
 4788
 7786
 15248
 10442
 4342
 20129
 8054
 18416
 5206
 2956
 22094
 22012
 9207
 15319
 13637
 13621
 13209
 9841
 22169
 13102
 13069
 6870
 14189
 6256
 14475
 21994
 11516
 5018
 12615
 10120
 3629
 6278
 12129
 14108
 12616
 14927
 13597
 15630
 6857
 18192
 16307
 9024
 3538
 22414
 17127
 10265
 20326
 12536
 12731
 14595
 22707
 8845
 11780
 6002
 12879
 11871
 7707
 17191
 22407
 12119
 19156
 10900
 5588
 8314
 6580
 10144
 16207
 6986
 14174
 18860
 15237
 21552
 17999
 6519
 22798
 4152
 6059
 3264
 9595
 6269
 9495
 10218
 6703
 13704
 14057
 14917
 4624
 11123
 11005
 4170
 8606
 4722
 9385
 14951
 9635
 14356
 14803
 6236
 12554
 7973
 11906
 11589
 19925
 10968
 5522
 5145
 20650
 22021
 10891
 12306
 21198
 3757
 13812
 6734
 8437
 14725
 4805
 8789
 4856
 20370
 6874
 12540
 6088
 14162
 11951
 4522
 15074
 16380
 17992
 10393
 16452
 8936
 3535
 9631
 5055
 14993
 12484
 8877
 4429
 9434
 21264
 14968
 6756
 12783
 10522
 8438
 3212
 6958
 3678
 7915
 6414
 14822
 8955
 9573
 13550
 8703
 6412
 5285
 11386
 12442
 15705
 10431
 3715
 3385
 6095
 4995
 19403
 9954
 14253
 4893
 15263
 9505
 17728
 12249
 15304
 8908
 21137
 13900
 7357
 9611
 21246
 12175
 14011
 10231
 10951
 7885
 3479
 11841
 7081
 8031
 12691
 8374
 14800
 10134
 11183
 3458
 7528
 3737
 9154
 18260
 22869
 14639
 9770
 7809
 15588
 19199
 6048
 13771
 8930
 19350
 10991
 13282
 22827
 19337
 9766
 10123
 19397
 4987
 22156
 5697
 10254
 3138
 12212
 16089
 6036
 9253
 3953
 3755
 12228
 22568
 17900
 10094
 4900
 15532
 5587
 14082
 21061
 14288
 17300
 16788
 8307
 13597
 12491
 11037
 10191
 5056
 18744
 4108
 6431
 10969
 4116
 14854
 10372
 11636
 11654
 20811
 14700
 21813
 6449
 15802
 6569
 10554
 21104
 14488
 12514
 6491
 14149
 9453
 7881
 8341
 10317
 6223
 13741
 15880
 5720
 12867
 21552
 4574
 12344
 15105
 9788
 6349
 4921
 8056
 16625
 8606
 6288
 15538
 11682
 10574
 5814
 15289
 6145
 14645
 11639
 22714
 3480
 7942
 7909
 10281
 20698
 11766
 5459
 5349
 12536
 6945
 9407
 12925
 17112
 11017
 4911
 13811
 21732
 5920
 21152
 10976
 7423
 18088
 14331
 19352
 13469
 19800
 15753
 7599
 22995
 14146
 12552
 17661
 8396
 9043
 20350
 4318
 6142
 18395
 13261
 3517
 17597
 14574
 6696
 7826
 13518
 9866
 9893
 4233
 5662
 13210
 10419
 6213
 10388
 18169
 11406
 11876
 16613
 9723
 12689
 15045
 18375
 7945
 13228
 9992
 10696
 14924
 13206
 14549
 12831
 8876
 21668
 10623
 14658
 16984
 5594
 18346
 16634
 11721
 3681
 9227
 10580
 20482
 4122
 11599
 4058
 4827
 12242
 13279
 16034
 9311
 12375
 9634
 22757
 11122
 11530
 3683
 13874
 12215
 9237
 22581
 7523
 14512
 10495
 22644
 9521
 6663
 9598
 9422
 8772
 5069
 7308
 6657
 7245
 8738
 9148
 18055
 14488
 11924
 21743
 17040
 6716
 14571
 6050
 14766
 23061
 5572
 18891
 16023
 7028
 14588
 4996
 19718
 4500
 6192
 4199
 10563
 6352
 12067
 17691
 8452
 14228
 10752
 20909
 14932
 15858
 13248
 6178
 4500
 18646
 12909
 22220
 22719
 3707
 4712
 4283
 3538
 15423
 5545
 22455
 12075
 10388
 13381
 5291
 6960
 14489
 5460
 22947
 4212
 9385
 8691
 8186
 6999
 13746
 14728
 7565
 11307
 12841
 5253
 16916
 6782
 8251
 19118
 7858
 4884
 5959
 7678
 7594
 18740
 5195
 8711
 8469
 15751
 13180
 6968
 21489
 9468
 11898
 20676
 20476
 13968
 21219
 22465
 7650
 6316
 11750
 22542
 7763
 13583
 4059
 4729
 4089
 19373
 11473
 14239
 15784
 9720
 14184
 18453
 23062
 7326
 6945
 12327
 6125
 13204
 21299
 22463
 7679
 9330
 18655
 10856
 13466
 10750
 11749
 6355
 3676
 19053
 12952
 23162
 8328
 14567
 17136
 13155
 4217
 11978
 12927
 19848
 16695
 12882
 7463
 15220
 18792
 5944
 11689
 13232
 10952
 14968
 15169
 15712
 11740
 11096
 7600
 20135
 16004
 6022
 3705
 9298
 12111
 13089
 7441
 5140
 4563
 11451
 10833
 13517
 16541
 11228
 6445
 9872
 9766
 14410
 10474
 4901
 3911
 8169
 19660
 4460
 14190
 6590
 13581
 4068
 8113
 10712
 20789
 12235
 8514
 17328
 3718
 8966
 9828
 14928
 12823
 22147
 5342
 10899
 11204
 4765
 19629
 15148
 7844
 10592
 6046
 9353
 7963
 8686
 15804
 18969
 7536
 13089
 6183
 14155
 8161
 20850
 13958
 13817
 22262
 21530
 12670
 15525
 7412
 10071
 13027
 6307
 10387
 12976
 8014
 3960
 9906
 20124
 7536
 11457
 3850
 11712
 8455
 18838
 10272
 9272
 5646
 18544
 6750
 9625
 7449
 22601
 10596
 13652
 20226
 22979
 12507
 21981
 10941
 6476
 7083
 14988
 15091
 13121
 10638
 14307
 23501
 3921
 16964
 16018
 20879
 10339
 15944
 4216
 10088
 11769
 7811
 19787
 5638
 11255
 6879
 11386
 23151
 11871
 18174
 13264
 11661
 4927
 8461
 5435
 8746
 14894
 16787
 5902
 14269
 5426
 6062
 9636
 5667
 10150
 9697
 15911
 15761
 13370
 14822
 8048
 8681
 15899
 22122
 13167
 9004
 5621
 17785
 13580
 10319
 20758
 13784
 10287
 14032
 21620
 9042
 16094
 21675
 6034
 14484
 13733
 5992
 15743
 5597
 13115
 5783
 8095
 18256
 13698
 9311
 11823
 22093
 9967
 6611
 21219
 9279
 12779
 4455
 12626
 7478
 9305
 8929
 15828
 13144
 12985
 15827
 13643
 9619
 16044
 11656
 18464
 12663
 19833
 10557
 7983
 21858
 4016
 6994
 5445
 11163
 15853
 12449
 8361
 6883
 9086
 9198
 9337
 10953
 21800
 7263
 14647
 11485
 4008
 10831
 4196
 19271
 9430
 17629
 11274
 14777
 19726
 16330
 18528
 22178
 5362
 10979
 8522
 22212
 6730
 9852
 14272
 9769
 13742
 9886
 13648
 9233
 15173
 15329
 22406
 7183
 13839
 6494
 9290
 23478
 15488
 5278
 11819
 6317
 23661
 15511
 14491
 5546
 6700
 6905
 18651
 6718
 20215
 18531
 7897
 10477
 12466
 12316
 8886
 22722
 11310
 9055
 16973
 3936
 17580
 12373
 10353
 18075
 9541
 13929
 12790
 4648
 6666
 13401
 19667
 21267
 15688
 13801
 7430
 4944
 8878
 15836
 11800
 15572
 17490
 3813
 6339
 6916
 8624
 11450
 22449
 9806
 15700
 3947
 17319
 22231
 16315
 14034
 16418
 3796
 12757
 15147
 11072
 19869
 18350
 19269
 7555
 18399
 12557
 10618
 3921
 12433
 8828
 9148
 4255
 5322
 4553
 12912
 15472
 13777
 16652
 12799
 15896
 18100
 15562
 9578
 10598
 19037
 10969
 4191
 9921
 15650
 8838
 22282
 12530
 15996
 16468
 6061
 10307
 10363
 11749
 10642
 14726
 3927
 8701
 15808
 15609
 23690
 10277
 12941
 22152
 16988
 21422
 15475
 10708
 13055
 15510
 9222
 22419
 4028
 19024
 4132
 20727
 12237
 10175
 10190
 16947
 10797
 13763
 19895
 14364
 15405
 10552
 8506
 14764
 17321
 8538
 16657
 13229
 12922
 19502
 12035
 4628
 17229
 7389
 8765
 19980
 12948
 14434
 7173
 9780
 10555
 10310
 7018
 6475
 4989
 6825
 13056
 13804
 22328
 19172
 5995
 15637
 6303
 9453
 5402
 8652
 6959
 7963
 9942
 10563
 6404
 5803
 4891
 10843
 18860
 4130
 4902
 19048
 23356
 7188
 14287
 4916
 6722
 7012
 8953
 16422
 23706
 15884
 15016
 3972
 6789
 8448
 6994
 14422
 6968
 10446
 9081
 17933
 9169
 4488
 11320
 14372
 10350
 9798
 8924
 12902
 15457
 6341
 9685
 9328
 20991
 15669
 4141
 18680
 11545
 14738
 12376
 9295
 18253
 15952
 12301
 9091
 22365
 22460
 8468
 6023
 6911
 4257
 4480
 13847
 11191
 6281
 21087
 6423
 5506
 9765
 15343
 5371
 9812
 6606
 4627
 5549
 22629
 12204
 9639
 4394
 6024
 5911
 9904
 15438
 4092
 16061
 16631
 11121
 16454
 19971
 9560
 11825
 10174
 15887
 14166
 6258
 15017
 15557
 4178
 7332
 9287
 16561
 9147
 6981
 13934
 9861
 15880
 15750
 17879
 16163
 13636
 5073
 20375
 18077
 4329
 5739
 16752
 5050
 20752
 12791
 5673
 12092
 17895
 13756
 19164
 8000
 5124
 5799
 6319
 12422
 22937
 11028
 13637
 11474
 16361
 13385
 16277
 20625
 15931
 10211
 21947
 17344
 11084
 22358
 14030
 6666
 10313
 4399
 10130
 7728
 18430
 8220
 10318
 7822
 7432
 21518
 21889
 8604
 16434
 16189
 18289
 7634
 4350
 19213
 16100
 10063
 5729
 17169
 14514
 6844
 5748
 16365
 10107
 5356
 12425
 13119
 10101
 12231
 7163
 10625
 5416
 17639
 4457
 15688
 5438
 15746
 15076
 16433
 6421
 16138
 15431
 9149
 22263
 11538
 5574
 6906
 7052
 16626
 5322
 7844
 15534
 16044
 18173
 23883
 15997
 5775
 9120
 5623
 13684
 7676
 4357
 15241
 22172
 17063
 7418
 8708
 22527
 9568
 9603
 22060
 13664
 10547
 10475
 15022
 11561
 19597
 15644
 9664
 15237
 4193
 4237
 4618
 15439
 8106
 17915
 15749
 13323
 12913
 6428
 10595
 11859
 18256
 10480
 16848
 12788
 9784
 4152
 19415
 16763
 6416
 4428
 13575
 22890
 7744
 5415
 19384
 21488
 12397
 8230
 21897
 11159
 14533
 19825
 23628
 14015
 6333
 19865
 21028
 15851
 9817
 5091
 10157
 9851
 19885
 9827
 21821
 9722
 21089
 19756
 15177
 18073
 4698
 23143
 8395
 20667
 23446
 16195
 19203
 11026
 22872
 7180
 13020
 14762
 23686
 17695
 12401
 13029
 13615
 23548
 16559
 8487
 13808
 12413
 21660
 13170
 8057
 13031
 8152
 11029
 12236
 5886
 21987
 12832
 11781
 13981
 8319
 11932
 11040
 8710
 21144
 8376
 14615
 20983
 5761
 14983
 10892
 10014
 13697
 16232
 12422
 13135
 5262
 16198
 12639
 11187
 21080
 18242
 8925
 20899
 8841
 13133
 13215
 9685
 21068
 11098
 16315
 17046
 4620
 8915
 23717
 8185
 8798
 10955
 18034
 9999
 8929
 11892
 22430
 4439
 14436
 11058
 15883
 22968
 17834
 16784
 6636
 23533
 6858
 10705
 15457
 11648
 10201
 14218
 21059
 4858
 5036
 10446
 17602
 15385
 7416
 7753
 5100
 22564
 9917
 18161
 6961
 17531
 19107
 5626
 7781
 15186
 12931
 21386
 15014
 6495
 11049
 8109
 13791
 14290
 21593
 18185
 18508
 8133
 4623
 9139
 15999
 13364
 8971
 12132
 12835
 23919
 12909
 6343
 18622
 6349
 7486
 13076
 22044
 5988
 18959
 7458
 17929
 11958
 15493
 5848
 14879
 12877
 14998
 6405
 11906
 9323
 17581
 11984
 6824
 10619
 5044
 14514
 7005
 5420
 12114
 21092
 11557
 22207
 6771
 13715
 18147
 7839
 10344
 15227
 14586
 20721
 11694
 10418
 5362
 18252
 7059
 6756
 16734
 4842
 14774
 13504
 9211
 13823
 24047
 5392
 14267
 18474
 12175
 10862
 17315
 17802
 5096
 9782
 22898
 7218
 11824
 6199
 11811
 5280
 15331
 11662
 15476
 6187
 8295
 5908
 24072
 11355
 15028
 15638
 8650
 20829
 14323
 18534
 8212
 15703
 14373
 20912
 8750
 6777
 12808
 13232
 18906
 22773
 19318
 21570
 6640
 6096
 13134
 24025
 9254
 21785
 10679
 7572
 13490
 17017
 11362
 16463
 11251
 11276
 10960
 6006
 9356
 11151
 5364
 16223
 5683
 16666
 4410
 4728
 7145
 9713
 14279
 15038
 12490
 6389
 12035
 14576
 7688
 12320
 21845
 9187
 23315
 10417
 8781
 22903
 9756
 19716
 18504
 13610
 5594
 10118
 10575
 15052
 24397
 16296
 11233
 6899
 8832
 19441
 21395
 5008
 13140
 18873
 10005
 9761
 14747
 15731
 10199
 17832
 23298
 15083
 9643
 22044
 13875
 18033
 10028
 14046
 16058
 23732
 20640
 12783
 12838
 9938
 4826
 9184
 9970
 23086
 11971
 10954
 19141
 7780
 15034
 6368
 15543
 16026
 13945
 22017
 9397
 6135
 10458
 7890
 23078
 15448
 8762
 8556
 24014
 5280
 7901
 6609
 10995
 17616
 22002
 9477
 9151
 19351
 8824
 16795
 7398
 14060
 4769
 14381
 19593
 13690
 6422
 8176
 8281
 9275
 15068
 10951
 16127
 6728
 13621
 12214
 14524
 6352
 10281
 14746
 11084
 13831
 16647
 15416
 23825
 20096
 7367
 12020
 4973
 7999
 9074
 9955
 10352
 16392
 9060
 16002
 9139
 15740
 19120
 7944
 23171
 15205
 6724
 21305
 23362
 20431
 22959
 7485
 10251
 23674
 13057
 19472
 13941
 13613
 9138
 11739
 23386
 14542
 7589
 7108
 12248
 6543
 14542
 22721
 17623
 16363
 10354
 7475
 21004
 7985
 13614
 17936
 11613
 16735
 24507
 16193
 8262
 12884
 13136
 5133
 7996
 15167
 23721
 19957
 21872
 22811
 15174
 23299
 16407
 16191
 14071
 15965
 13351
 6673
 23894
 5598
 13124
 10428
 14709
 6054
 11612
 11042
 21787
 19632
 10127
 6963
 10089
 13253
 15027
 9053
 15745
 20272
 5079
 5990
 7753
 13489
 23975
 6169
 7020
 12566
 14735
 15998
 13218
 10951
 23236
 15565
 7186
 11072
 13119
 5219
 14261
 9061
 24427
 8246
 10748
 10961
 5889
 10854
 11220
 14031
 5521
 16629
 4841
 24460
 9476
 18712
 23945
 17421
 12544
 9454
 13867
 12925
 15340
 18481
 15824
 17258
 7285
 19722
 24168
 15313
 11760
 19242
 8920
 12182
 6112
 9494
 6235
 6297
 5658
 16322
 17894
 7365
 21415
 22626
 11408
 11243
 8747
 7773
 6098
 20239
 14148
 6691
 23531
 5281
 14772
 16640
 7688
 14606
 12386
 21137
 11522
 16472
 15550
 15639
 4680
 11171
 4836
 18474
 21983
 22001
 14083
 10383
 11718
 14929
 20351
 9549
 5055
 10612
 13875
 5020
 14091
 17728
 11323
 20159
 11829
 8680
 7472
 17044
 15154
 19387
 19701
 15594
 15623
 16380
 8883
 22194
 15308
 21843
 15808
 14361
 17584
 10882
 22628
 10228
 14845
 11226
 8703
 20925
 10621
 21774
 17125
 19710
 13885
 11272
 8108
 18699
 13200
 9692
 18536
 14741
 23415
 22522
 13589
 14364
 7008
 18855
 8501
 9636
 7885
 11150
 19129
 17355
 7863
 7730
 6181
 17690
 24434
 21896
 7120
 14075
 9874
 13155
 6953
 5738
 13678
 7856
 10049
 19406
 17316
 18563
 7108
 18346
 12670
 20529
 12681
 8047
 13140
 9696
 16269
 7797
 15570
 13340
 7482
 8681
 19035
 18251
 24750
 19241
 9261
 7107
 6681
 7342
 8743
 22394
 24167
 7177
 6056
 21758
 5888
 20401
 5242
 14759
 15756
 12188
 21968
 15530
 24346
 15500
 18411
 5615
 6402
 16684
 6531
 8261
 9514
 8891
 19780
 15668
 5159
 18760
 13111
 12627
 11044
 14559
 22850
 10811
 9159
 14434
 5843
 5628
 11410
 20828
 14969
 14190
 6631
 12466
 5363
 16939
 11920
 18299
 9678
 5308
 23774
 8177
 13320
 8593
 22608
 15720
 22938
 11348
 4887
 17535
 18614
 22592
 8759
 8885
 11982
 14478
 20209
 13630
 13941
 17712
 5598
 20854
 6953
 14754
 7006
 12789
 8529
 5310
 5779
 10115
 12419
 9455
 20071
 24334
 5194
 5384
 12885
 19001
 18278
 16949
 13767
 15959
 16180
 8434
 13724
 6201
 12848
 13147
 13484
 22757
 17336
 23556
 7246
 21672
 13043
 10794
 9273
 5868
 6609
 14025
 6730
 12877
 7349
 22416
 17639
 11848
 15792
 24210
 15201
 24054
 5264
 15038
 19519
 10136
 16761
 7185
 24728
 8947
 17394
 8554
 11969
 24446
 5251
 14303
 12809
 5497
 14782
 5870
 16480
 12896
 11900
 10998
 15391
 11232
 19337
 4999
 11172
 9290
 13763
 9015
 11452
 17222
 7518
 24631
 9447
 8041
 17388
 8709
 20374
 7818
 10651
 6115
 14840
 18737
 18527
 6696
 13014
 15570
 10642
 12758
 12955
 21401
 13401
 15276
 15576
 14693
 17417
 5532
 13255
 10938
 13833
 9343
 13966
 18641
 5594
 19496
 21510
 9523
 15637
 21239
 15229
 14535
 11187
 13231
 22553
 23080
 5779
 10313
 12862
 23386
 16023
 7914
 11985
 16318
 17264
 11507
 7070
 9956
 13084
 10487
 23287
 24640
 11277
 14803
 9342
 16704
 15275
 9849
 13254
 24605
 9628
 7533
 5364
 14609
 10659
 6516
 11755
 6792
 21703
 7561
 13321
 7002
 16022
 15314
 13676
 12759
 6346
 18867
 22233
 23044
 9226
 8321
 24094
 13957
 14676
 7833
 12918
 13595
 5434
 9586
 7341
 7952
 16330
 14256
 22821
 21809
 15954
 11803
 5912
 22140
 16004
 20912
 11326
 19961
 19894
 9846
 16018
 24942
 13422
 7667
 11088
 8237
 11196
 22240
 18082
 21553
 13160
 9243
 14300
 6985
 12941
 20123
 24324
 24404
 7718
 9833
 13910
 10926
 5353
 5837
 6374
 7722
 17233
 11206
 18087
 9600
 13824
 15614
 16588
 10024
 15204
 21054
 5165
 13608
 8505
 13598
 5548
 13035
 9168
 14367
 13529
 21107
 11598
 13788
 17107
 5136
 9080
 13822
 8143
 17777
 5134
 12880
 12382
 17850
 14486
 12115
 6314
 17047
 13690
 5939
 10849
 17040
 5556
 9465
 15798
 15485
 7593
 11265
 6372
 13116
 5684
 22447
 17684
 8448
 13829
 12126
 16481
 9805
 19017
 11385
 14842
 6434
 14667
 8110
 22760
 5941
 24635
 10143
 11920
 13381
 12303
 16123
 24923
 19660
 20583
 14477
 6452
 5683
 17365
 15027
 23858
 16683
 24540
 7249
 9815
 15289
 20057
 5895
 20056
 11634
 9440
 22209
 13758
 13064
 21320
 14221
 21451
 22819
 23401
 11858
 17857
 14547
 13860
 12383
 18976
 14500
 15236
 17730
 18703
 20883
 5348
 6650
 15357
 10497
 9809
 13679
 14472
 16166
 9330
 20608
 8862
 6792
 5573
 17117
 18914
 18251
 23851
 24823
 10289
 16715
 14279
 9429
 10277
 19208
 10563
 8456
 16601
 24513
 19475
 8160
 11791
 14949
 14302
 17120
 21647
 17029
 11643
 13936
 17712
 13870
 15928
 19922
 16284
 16086
 7649
 6999
 13071
 7444
 10718
 22739
 10688
 13269
 6845
 13390
 9604
 7053
 20467
 21756
 8206
 15595
 14877
 11376
 6459
 21072
 18380
 6636
 23086
 19552
 6272
 5820
 21559
 17754
 19988
 22244
 8058
 17733
 7514
 8342
 14957
 8811
 14536
 12777
 7489
 17227
 5684
 21574
 24997
 24329
 16860
 6149
 14855
 18281
 25257
 7512
 17725
 7932
 21429
 19078
 17923
 9818
 10474
 12731
 9541
 12657
 9645
 22429
 15040
 14588
 24795
 10466
 10340
 24312
 10386
 23424
 19580
 9043
 6995
 17414
 21585
 20005
 17191
 17481
 22732
 7748
 13280
 9537
 23803
 10770
 24225
 13078
 23990
 11450
 16032
 18133
 13922
 22747
 17195
 24551
 13205
 21380
 6889
 9987
 20955
 16929
 17507
 17922
 9273
 15509
 14754
 24404
 18768
 9609
 15834
 15282
 17604
 23811
 14920
 16020
 9950
 13082
 24472
 18180
 9774
 12713
 6347
 11090
 15701
 14914
 19094
 9129
 23650
 15781
 12814
 7425
 17275
 10673
 12067
 10422
 5695
 6362
 7946
 17178
 24682
 9692
 16864
 6599
 15896
 16463
 8395
 11127
 24621
 13851
 16803
 11448
 8885
 19278
 25362
 20730
 10151
 17068
 21495
 11434
 12591
 7334
 16593
 10596
 5741
 10574
 14394
 9828
 14168
 15977
 22706
 24894
 16198
 17830
 15742
 16624
 20848
 14799
 9072
 11860
 10546
 24158
 5545
 8090
 21745
 21458
 12029
 14549
 8512
 16449
 7478
 24884
 11364
 15760
 5563
 12916
 25367
 22688
 20049
 8725
 8522
 10603
 24642
 7850
 6158
 14321
 10398
 18069
 19124
 23628
 9024
 22514
 6419
 17802
 6419
 23602
 12203
 6972
 16916
 12875
 23528
 10250
 17049
 10414
 16425
 7114
 13138
 15098
 20065
 21329
 15983
 14447
 24318
 6664
 18211
 13637
 7208
 24322
 15687
 21790
 16972
 14094
 17474
 18521
 12442
 9608
 10376
 11624
 10923
 8181
 5600
 23332
 23911
 14991
 14378
 12640
 11046
 23165
 20512
 21756
 13557
 14598
 13309
 18011
 18396
 17991
 15644
 8215
 15197
 22948
 10626
 6163
 5759
 20284
 20350
 15376
 10317
 8192
 19760
 7780
 11993
 14852
 22504
 24681
 12644
 22679
 18864
 25394
 7458
 17552
 22189
 12035
 12761
 11626
 11137
 14113
 11019
 24753
 15253
 10376
 9173
 11869
 23926
 6012
 14743
 8158
 7965
 14177
 10484
 15961
 13843
 16911
 9084
 8626
 7060
 15744
 8681
 11882
 8532
 11724
 19174
 21324
 5983
 16216
 6103
 22562
 14437
 17738
 9268
 15597
 15894
 6208
 13528
 8245
 21227
 12609
 12762
 8318
 11174
 23315
 6585
 10811
 14362
 13071
 8221
 6855
 24781
 15411
 12476
 16658
 16636
 16662
 23130
 10168
 20256
 6337
 9045
 5817
 10641
 14780
 16416
 25508
 16968
 12935
 17549
 8565
 25097
 6442
 6545
 14305
 15841
 22318
 24835
 11664
 21676
 6766
 13316
 20458
 14490
 13704
 5990
 12084
 22290
 23385
 15846
 24413
 6680
 23880
 14716
 13589
 24107
 7585
 17013
 12414
 16722
 15077
 17566
 24805
 15033
 24447
 7939
 18770
 13910
 10778
 9113
 11229
 11377
 10482
 6169
 16068
 22787
 7945
 19918
 12571
 12606
 15355
 11730
 14563
 13005
 19315
 10515
 6334
 16125
 13247
 6268
 13346
 15645
 8290
 5873
 17196
 14690
 25545
 13914
 11767
 16174
 8352
 17572
 10477
 15986
 7621
 15396
 6652
 15121
 13820
 20926
 9709
 18855
 14181
 10309
 10225
 9225
 14252
 10884
 18301
 17679
 12544
 10044
 8280
 13072
 22758
 14575
 12531
 22956
 25102
 8252
 13528
 22896
 5830
 9868
 16933
 6646
 16333
 13037
 13659
 11947
 21547
 9948
 19954
 16469
 8992
 10696
 16720
 16948
 23130
 7925
 24762
 18375
 15466
 21023
 9065
 8883
 7033
 7903
 5857
 17344
 7703
 23698
 10622
 5957
 14069
 14392
 13616
 9733
 23988
 17947
 24873
 19801
 25245
 23889
 9715
 10576
 12594
 9891
 18471
 12788
 20453
 20783
 9244
 15823
 13991
 17003
 24957
 16270
 15267
 8203
 6015
 17829
 14381
 14276
 18097
 10547
 11221
 8274
 11796
 8551
 21633
 6871
 25485
 18531
 6330
 13925
 24728
 16001
 7013
 15550
 11775
 24979
 6324
 17338
 16300
 19022
 16542
 13673
 17083
 16202
 8909
 22713
 17332
 8547
 8150
 17434
 17336
 24100
 6575
 17376
 14841
 10565
 22300
 14441
 18095
 8530
 11818
 14432
 13448
 6191
 10719
 16609
 21408
 23992
 6449
 14206
 17041
 13901
 15223
 11841
 9516
 8494
 7773
 18482
 17929
 16099
 8476
 10204
 19900
 25664
 9481
 16299
 23304
 12935
 15469
 14873
 22712
 10734
 8789
 6826
 23660
 9826
 11402
 10964
 18481
 6380
 6595
 9506
 12532
 16083
 16890
 11899
 25432
 13506
 24509
 12990
 6950
 12940
 24038
 7505
 21988
 22061
 7661
 6683
 9833
 24211
 12604
 7503
 11216
 19389
 15459
 8490
 5867
 12514
 11501
 10558
 18746
 14774
 18130
 17328
 8700
 18120
 12079
 12126
 18182
 6607
 11827
 16293
 17330
 12294
 7196
 9378
 17209
 13429
 23361
 20600
 9795
 8179
 16081
 15090
 18430
 14825
 17340
 18313
 9902
 24024
 11599
 17992
 13668
 6814
 12486
 13262
 8658
 23957
 6078
 8691
 18526
 14780
 8041
 23343
 17493
 6010
 17829
 15447
 11042
 13216
 9967
 17162
 17887
 20014
 15796
 8907
 12747
 12377
 20008
 18383
 21084
 11051
 7034
 15450
 8279
 18988
 19464
 14405
 7614
 12768
 7855
 10115
 16329
 20017
 17062
 8899
 9656
 8399
 6731
 23224
 19144
 15412
 8158
 18680
 11524
 17356
 25325
 21954
 23806
 13461
 12943
 17828
 25758
 17220
 9589
 8540
 16090
 15561
 8926
 13821
 16263
 7891
 15594
 24499
 11631
 23159
 10097
 16459
 17059
 12397
 13909
 8109
 14579
 7323
 9749
 8971
 14683
 16470
 14692
 8511
 14816
 25574
 7385
 21744
 11292
 8618
 13032
 16917
 16950
 21340
 23569
 11613
 6326
 9590
 16695
 10606
 14647
 12821
 22260
 25485
 16734
 18940
 14123
 25085
 9514
 16796
 13854
 18891
 19596
 21619
 8673
 6282
 11929
 11219
 11247
 9498
 11613
 9957
 14811
 23663
 20882
 19981
 11690
 18319
 10546
 15056
 22239
 12315
 14698
 18163
 10422
 16945
 8431
 7589
 20277
 7026
 6293
 12224
 25184
 9728
 19518
 15692
 22957
 25322
 25936
 6213
 21431
 23659
 10602
 13949
 14358
 11440
 22551
 22917
 7183
 18745
 22692
 18409
 10824
 25857
 11279
 7193
 15359
 7777
 11233
 13135
 12795
 19154
 17438
 13614
 8515
 24274
 8729
 24039
 7982
 15273
 19501
 17986
 18747
 21068
 17002
 6395
 14786
 8033
 14029
 14891
 11241
 6436
 10323
 10697
 11964
 19817
 15759
 22928
 19607
 14724
 19706
 16227
 8550
 24582
 14570
 10446
 19759
 6824
 15303
 16174
 17870
 9197
 18233
 10676
 24065
 7298
 16742
 6630
 21189
 6346
 19259
 8423
 10657
 16440
 16488
 12665
 17153
 13435
 16913
 14463
 9606
 24961
 14979
 18279
 8092
 18773
 13956
 11048
 9356
 15947
 15565
 18537
 8723
 6975
 14076
 12802
 11091
 16664
 15077
 7079
 7880
 9938
 25130
 7650
 10590
 12540
 10795
 9216
 14337
 12767
 13695
 24207
 11860
 7169
 20899
 13797
 13958
 9545
 7570
 9829
 18882
 7875
 14102
 14494
 25863
 6374
 7453
 7893
 6359
 12213
 25520
 15396
 18387
 16419
 17633
 11715
 16263
 7258
 11107
 14950
 20674
 7293
 16926
 22343
 25705
 11532
 20642
 18053
 10669
 15368
 13724
 23436
 17210
 18648
 9287
 9879
 18288
 15820
 12357
 11092
 22007
 18496
 15375
 10631
 19919
 14051
 12937
 13074
 20198
 14616
 16312
 8628
 15310
 18844
 14840
 25135
 10542
 16970
 12874
 24942
 13655
 14299
 8139
 7366
 11578
 13042
 26059
 14684
 24216
 25015
 18492
 7015
 23002
 21570
 7433
 7064
 21666
 16219
 11849
 17496
 18818
 17375
 6324
 11472
 8300
 16070
 7541
 9391
 16905
 11138
 10049
 18055
 20334
 9514
 9479
 10425
 16523
 19033
 19304
 10291
 16614
 19856
 14665
 11895
 7144
 23459
 11046
 10365
 9270
 8659
 12586
 11292
 15843
 14263
 9308
 23333
 24451
 11041
 18076
 12464
 22627
 23198
 25647
 25147
 10104
 14845
 15511
 9199
 17718
 11636
 23238
 13318
 6594
 18591
 19860
 9739
 25065
 7691
 11055
 15904
 10353
 14995
 12467
 6854
 20593
 18280
 12763
 19288
 25021
 8182
 8598
 10553
 11141
 11044
 8637
 16431
 13279
 10940
 21412
 6352
 8129
 14604
 7566
 11772
 18323
 19052
 17702
 17867
 12997
 6529
 11628
 10441
 8989
 18434
 17293
 11582
 15220
 23929
 14135
 18579
 7713
 17036
 11434
 22098
 18709
 14077
 7314
 19053
 7689
 9102
 6997
 12322
 19093
 14889
 8552
 8894
 15811
 16959
 23687
 6911
 7236
 13743
 6884
 15966
 12929
 12841
 13664
 24493
 21940
 8916
 17432
 17373
 24983
 6733
 16321
 17156
 14429
 7665
 18231
 18781
 9312
 7452
 15027
 10863
 9243
 13715
 10715
 13779
 8889
 18687
 16254
 20816
 9678
 19067
 10272
 25865
 17445
 24432
 9427
 6842
 14105
 17983
 20455
 8767
 7431
 22591
 24867
 8022
 12996
 21447
 20660
 9381
 14411
 20302
 21829
 24575
 8346
 6577
 14064
 23523
 12766
 11894
 18484
 11301
 7819
 6510
 10728
 15985
 8720
 11775
 25998
 11502
 19595
 19075
 16492
 15552
 25945
 11211
 16087
 11376
 9169
 8265
 18736
 8783
 24626
 16012
 12212
 18296
 20697
 19405
 10703
 13846
 10168
 13194
 12560
 23399
 9219
 8816
 16515
 13567
 7692
 18558
 7739
 19119
 17426
 14408
 12622
 24680
 9558
 15385
 13638
 18907
 8846
 7997
 13780
 26306
 9117
 13598
 17320
 15716
 21730
 25165
 22686
 15701
 7504
 26019
 23611
 8220
 7038
 7465
 13081
 15546
 26208
 19125
 10880
 18119
 6678
 9397
 16949
 20031
 9284
 11953
 18583
 10077
 19682
 16492
 11975
 13735
 26260
 17195
 11240
 21066
 6940
 12794
 11400
 18663
 13166
 18923
 21405
 24654
 14501
 19904
 10739
 8554
 10868
 21867
 14597
 15774
 19264
 9268
 18603
 15182
 10892
 8411
 9395
 15969
 13237
 18334
 16690
 12549
 25343
 17757
 12700
 19123
 24655
 19964
 13715
 14772
 26459
 12809
 20349
 17669
 10430
 10622
 15289
 16151
 11953
 11369
 11635
 7131
 7158
 22443
 22198
 20636
 18294
 10142
 9185
 22668
 15599
 19611
 23389
 22852
 10406
 22426
 19534
 7974
 8803
 18618
 7528
 12997
 14205
 12004
 12259
 7240
 19251
 7307
 8018
 20522
 14493
 19031
 15985
 18854
 19010
 26083
 11678
 11057
 17387
 22115
 18474
 15112
 16760
 15146
 10255
 19980
 9169
 25163
 25283
 11787
 13376
 16670
 10062
 19233
 14141
 7653
 20825
 17727
 12682
 11919
 9543
 11850
 7201
 21373
 22440
 14311
 6922
 18852
 19244
 23574
 8817
 14418
 16885
 13244
 8472
 21268
 14800
 23430
 16873
 17815
 22598
 16970
 10734
 23534
 15725
 23536
 11524
 8788
 12676
 15730
 26349
 22386
 15968
 24480
 15237
 25571
 14272
 8486
 17976
 20917
 25351
 6706
 11378
 9491
 6987
 23089
 13623
 10273
 24490
 9625
 14132
 11816
 14301
 14316
 13301
 17363
 11023
 18427
 9753
 9561
 13551
 8393
 17634
 10908
 9955
 16914
 18514
 18384
 21088
 22444
 22707
 8416
 11480
 18669
 11381
 13198
 15988
 23981
 7933
 8729
 18882
 11917
 9083
 14788
 15088
 16856
 19101
 12277
 10714
 20585
 6979
 23707
 19360
 7245
 15059
 12884
 16891
 24586
 20622
 18925
 15441
 19489
 8322
 11755
 25671
 7376
 18817
 18218
 8503
 15802
 19954
 11940
 7491
 20587
 26311
 15636
 17064
 23703
 13455
 22204
 25046
 23618
 17804
 15620
 17887
 13286
 7207
 10755
 21486
 25392
 14370
 9730
 14522
 21771
 14863
 17311
 18683
 12130
 12896
 15120
 8253
 18976
 18303
 18410
 24690
 15610
 6846
 13920
 22509
 7279
 12817
 11503
 10828
 18063
 18811
 14810
 19861
 13594
 8262
 22929
 23941
 8618
 14551
 7383
 14628
 11988
 16897
 12964
 7837
 7467
 9273
 14056
 14669
 7238
 9962
 26450
 22042
 13890
 26474
 7088
 12806
 13322
 13708
 26040
 18659
 24151
 17496
 17606
 15114
 14099
 25240
 16550
 18247
 18786
 6868
 24660
 7767
 13379
 7360
 22562
 11476
 26547
 25588
 8602
 26288
 7636
 9212
 17573
 10433
 23724
 19121
 24940
 12284
 15344
 25481
 13181
 9093
 26274
 16106
 16527
 23653
 10200
 25221
 7497
 13885
 13504
 11776
 8385
 17818
 22497
 10324
 16993
 16201
 24995
 15929
 11918
 19053
 13298
 14238
 22027
 16239
 8639
 26237
 16859
 11606
 12935
 23086
 21799
 14775
 18520
 13339
 18143
 17358
 14450
 13653
 25924
 12430
 23914
 18949
 16037
 13301
 9205
 18853
 17576
 9636
 15362
 16368
 22284
 13549
 19593
 12214
 17100
 12397
 23555
 12949
 15654
 9917
 13465
 14309
 16733
 11075
 19138
 17106
 6909
 18287
 16103
 16048
 17949
 12643
 7018
 21738
 17449
 7377
 16679
 9915
 25440
 13196
 14361
 13889
 10331
 7768
 7967
 6990
 10512
 20099
 13089
 13601
 8181
 19928
 10382
 6996
 11561
 12689
 16071
 11767
 10704
 13133
 8802
 10750
 11197
 18147
 9511
 15479
 7573
 23382
 15871
 13310
 12145
 16553
 8399
 10228
 17348
 9877
 11487
 9709
 17022
 8792
 11551
 11753
 10256
 10064
 17676
 7365
 14129
 9801
 14192
 10899
 18689
 20467
 13960
 7239
 14796
 9751
 20554
 19188
 19249
 9291
 23814
 13366
 16291
 10404
 20812
 23569
 24207
 7148
 19918
 17114
 14591
 14485
 11880
 7413
 18975
 7853
 15421
 21695
 8254
 20850
 15300
 10060
 10680
 21799
 13539
 16756
 8305
 7591
 7930
 19401
 12132
 17721
 18083
 11084
 12445
 19237
 11864
 21312
 16900
 17031
 7414
 13247
 8219
 8673
 15009
 15341
 9321
 10998
 18696
 21866
 19257
 10836
 18123
 8491
 11612
 10513
 15578
 14443
 16630
 25594
 14655
 8030
 22072
 25927
 16798
 9222
 11145
 15795
 11516
 7306
 19306
 8843
 23134
 13283
 18874
 9413
 13268
 21209
 19704
 9075
 8662
 12590
 13959
 25784
 18317
 7416
 24311
 24634
 23125
 9973
 16801
 7640
 15137
 10043
 18963
 21342
 11392
 8910
 22733
 21079
 8351
 7381
 7659
 14851
 22319
 12462
 16260
 17481
 23144
 12673
 22578
 14606
 19790
 18643
 22387
 7206
 8467
 11740
 18415
 12362
 10845
 11387
 11195
 9707
 13481
 8552
 23358
 16038
 12144
 9642
 7986
 15417
 11721
 23818
 10541
 13652
 20752
 18856
 18816
 12980
 16358
 13837
 8288
 19212
 19864
 15937
 21603
 10405
 10852
 8349
 14221
 13768
 8409
 12323
 19852
 23257
 10718
 8653
 8161
 13958
 18806
 12676
 9184
 9087
 24067
 15346
 7193
 26793
 7529
 18905
 26488
 24270
 23252
 18021
 17833
 11928
 11676
 14912
 24641
 17246
 11912
 13349
 17145
 26333
 11569
 26487
 9852
 8010
 17577
 24658
 11395
 9223
 15515
 15938
 15647
 17236
 15828
 9907
 9207
 20456
 12290
 13577
 20722
 7968
 9404
 20530
 13495
 11960
 16867
 24376
 13267
 19544
 15016
 19290
 19419
 24944
 16622
 7646
 17010
 23015
 23408
 14560
 16206
 20592
 8646
 19118
 14358
 19422
 16068
 17431
 7758
 18234
 17988
 14977
 11703
 14482
 11782
 20346
 19280
 17620
 10388
 18737
 23522
 15676
 25995
 15174
 9466
 9130
 20407
 13471
 13112
 10039
 25565
 11101
 18088
 24233
 23423
 20271
 19342
 20070
 9084
 11525
 24680
 22822
 8118
 15271
 25583
 22475
 17048
 18438
 7709
 17397
 22200
 19699
 14645
 10577
 9305
 17520
 9760
 23058
 18612
 10628
 24212
 24643
 12792
 23475
 23194
 8188
 25615
 15820
 26127
 19091
 23331
 7780
 14155
 12628
 12257
 19460
 22785
 17172
 16028
 19455
 7494
 24419
 21109
 14567
 12918
 19136
 17403
 8224
 18963
 8305
 9165
 15220
 12335
 16179
 10759
 17320
 17260
 23439
 21533
 16719
 13441
 11886
 11425
 18238
 8256
 12398
 7755
 10912
 12470
 26517
 14778
 10027
 26931
 9221
 16470
 9011
 15051
 15569
 15831
 16701
 17020
 16623
 8843
 12343
 8241
 9486
 14836
 14726
 18374
 20074
 10801
 12287
 27052
 18718
 15679
 16922
 18639
 22585
 18046
 7524
 19767
 17781
 25208
 26004
 19436
 19748
 25408
 8769
 17565
 22347
 10904
 8817
 27299
 13331
 7733
 18229
 9729
 15965
 24551
 25299
 8047
 12822
 19123
 24676
 15928
 24268
 15331
 8768
 22080
 9984
 14338
 11094
 16842
 20956
 14464
 19681
 16312
 15815
 23901
 19639
 20180
 10198
 20323
 19651
 18287
 24998
 16468
 14710
 17801
 22503
 9126
 16793
 14608
 12123
 14444
 8870
 10540
 18079
 26552
 13464
 26010
 17097
 13917
 10720
 26295
 25363
 26618
 12570
 15680
 21879
 15699
 13023
 24120
 16412
 18722
 7963
 18058
 11759
 20687
 18146
 14959
 22549
 7483
 11711
 11505
 7520
 16323
 18221
 22865
 19648
 15203
 19914
 17447
 19996
 14617
 15561
 17768
 15810
 17132
 15398
 11852
 25339
 10637
 25919
 19345
 13762
 24892
 20033
 12570
 9463
 10414
 8801
 19676
 17806
 17165
 9005
 15610
 13197
 12097
 7842
 13615
 7799
 18542
 20702
 15757
 23234
 14814
 18680
 9635
 18128
 16704
 15343
 13188
 12700
 13552
 8161
 17318
 8819
 12858
 7518
 12904
 20293
 17913
 21467
 17464
 18235
 10949
 16843
 25075
 20748
 22413
 16747
 25006
 9611
 9056
 10396
 23733
 10467
 11730
 14903
 16242
 19174
 14653
 8796
 18704
 13410
 20902
 9644
 18240
 9173
 15266
 22360
 22492
 9378
 14297
 9305
 9802
 7588
 18538
 19841
 14244
 11939
 21231
 16785
 15222
 13189
 17857
 20013
 10983
 9990
 24831
 10189
 13435
 12363
 22764
 14133
 19767
 23252
 24151
 11400
 11047
 23440
 19998
 20184
 22654
 19253
 11221
 11073
 14140
 10640
 8260
 11831
 24276
 7642
 23055
 14332
 11182
 22124
 11290
 17015
 12234
 13044
 12428
 10562
 18567
 13832
 9747
 7874
 12867
 13722
 8073
 16220
 18947
 8493
 26326
 25830
 27061
 18791
 8117
 20060
 14964
 25960
 16443
 8629
 26988
 18906
 15702
 12437
 19615
 19337
 14322
 16387
 12872
 9972
 26146
 20414
 24957
 13509
 14013
 19595
 19610
 15421
 16294
 10802
 15580
 14996
 10448
 20587
 14506
 19808
 10498
 13459
 12731
 14835
 18040
 16963
 13780
 14186
 14763
 15906
 12145
 16003
 19922
 18490
 17863
 21295
 12616
 11433
 20199
 7881
 12591
 17017
 19493
 16357
 21909
 21905
 21625
 21868
 11030
 7725
 16133
 11527
 9955
 22988
 23865
 17882
 23234
 11081
 26708
 21043
 27446
 7917
 20204
 18787
 14144
 23970
 17296
 19405
 10086
 8139
 7851
 16156
 17747
 17074
 18827
 14714
 22399
 16354
 19267
 14590
 10896
 14198
 13742
 7813
 20320
 11505
 11830
 11204
 13602
 16144
 14644
 9981
 23200
 17244
 23960
 13681
 16582
 24389
 19147
 26869
 19044
 18956
 25746
 11335
 13136
 18687
 14582
 20547
 10250
 19339
 21122
 21361
 17028
 21708
 8717
 14401
 27042
 9161
 23289
 17466
 27646
 19294
 9883
 16143
 10320
 19961
 19548
 14932
 19916
 13289
 18207
 18127
 11595
 8532
 14916
 20210
 17646
 17225
 16076
 8552
 16800
 16117
 19614
 9710
 26108
 15641
 20330
 14436
 10576
 11707
 19180
 9284
 13568
 24124
 11538
 19314
 24878
 23275
 17377
 12276
 19288
 7896
 25462
 17796
 14850
 23723
 17897
 25060
 8790
 17270
 10518
 16370
 15625
 17544
 10367
 9884
 24512
 17828
 20204
 14005
 10226
 13265
 9173
 16905
 9264
 16211
 16609
 11149
 9026
 21690
 11056
 22010
 12308
 12953
 18710
 15132
 9233
 20378
 11496
 14726
 19311
 19856
 17468
 15209
 19148
 27308
 23276
 11460
 22774
 17621
 12316
 12765
 13073
 9714
 18909
 14993
 11252
 17577
 19984
 26249
 12693
 15310
 8463
 21454
 15207
 24116
 8104
 11262
 14017
 25479
 8491
 19071
 27809
 7997
 8838
 17524
 13105
 9162
 11439
 19502
 8360
 9747
 11298
 18852
 19508
 13606
 8300
 17542
 24054
 19464
 16135
 11086
 24654
 9838
 11750
 16184
 13914
 26257
 19988
 17491
 23481
 26075
 23160
 10680
 20885
 13927
 27196
 16571
 23776
 17992
 14990
 20097
 11197
 21992
 11366
 19505
 10467
 12021
 18761
 12333
 10814
 16791
 17422
 22307
 8694
 18276
 20735
 25566
 16820
 13463
 14754
 22531
 25218
 14815
 25752
 21465
 9298
 8020
 21925
 14088
 17986
 15984
 10034
 13125
 19838
 20283
 17392
 13837
 12966
 10407
 9374
 9873
 24370
 19229
 8556
 15664
 14676
 24760
 15040
 17227
 23709
 21808
 17913
 26965
 20130
 24410
 8019
 11593
 7968
 13710
 13066
 10913
 23102
 18152
 8643
 13956
 12530
 19764
 13831
 9439
 14566
 21508
 17329
 27223
 27260
 20132
 12138
 9854
 13008
 20720
 10258
 19813
 11293
 11044
 18402
 8785
 22435
 25939
 15984
 15025
 21512
 12572
 25779
 18062
 25340
 25114
 22696
 17283
 22753
 17563
 17492
 27472
 10602
 9204
 11947
 9706
 26179
 27603
 23120
 22677
 27410
 15957
 23485
 22996
 18749
 10137
 19206
 10624
 26892
 10548
 18873
 8440
 11472
 8166
 24808
 12888
 18692
 23085
 14507
 13293
 9843
 27256
 8607
 12039
 15259
 24671
 22356
 9200
 17520
 20658
 8806
 14876
 14915
 27567
 27785
 10242
 16644
 17272
 13963
 18058
 8806
 22212
 20180
 27847
 9091
 13268
 12785
 13991
 17695
 18345
 27890
 20424
 8369
 11636
 14224
 19117
 10495
 17454
 26419
 20305
 9066
 13065
 19923
 26300
 20330
 11014
 17726
 26036
 18011
 12617
 8665
 10230
 22328
 10506
 26602
 17509
 16998
 17102
 10229
 20770
 10197
 22773
 8166
 16444
 17058
 15477
 19279
 14858
 11584
 24391
 17970
 11415
 16601
 9504
 8481
 19740
 27312
 27363
 9379
 10357
 14504
 27252
 19962
 21997
 16618
 10608
 11875
 9947
 27523
 18108
 24478
 8337
 22892
 8315
 14927
 9074
 11566
 21700
 21059
 10053
 19878
 13459
 25111
 24711
 14533
 14943
 22678
 17093
 14523
 12204
 20321
 16970
 18549
 27010
 11316
 12854
 14149
 12221
 18471
 11472
 22689
 23942
 13522
 16445
 24718
 18050
 25428
 10898
 11710
 13514
 27510
 27366
 11735
 19931
 11915
 10635
 14199
 19726
 10299
 10431
 19477
 25035
 18560
 13438
 15658
 14169
 11312
 14170
 10703
 8953
 24829
 22189
 8680
 18708
 20474
 16718
 10690
 16818
 16735
 11683
 12537
 12269
 13390
 19638
 22365
 11909
 11190
 13419
 16630
 8949
 17016
 16465
 27462
 19878
 19144
 15575
 26573
 27459
 11958
 14720
 20915
 14476
 10894
 17690
 14145
 8495
 20797
 10956
 21905
 20595
 14646
 20526
 20487
 19607
 16884
 17117
 14752
 8635
 22784
 25551
 12555
 16925
 20852
 9315
 17076
 9127
 18625
 20221
 8968
 27590
 19310
 13457
 16118
 9758
 25347
 14590
 13587
 23069
 9541
 12830
 14465
 10957
 28162
 22010
 18929
 9774
 10223
 9154
 12422
 16644
 16976
 20542
 16860
 27180
 19417
 20511
 27465
 10772
 9522
 25241
 24675
 11724
 17312
 21205
 17570
 26904
 18370
 23298
 22279
 14183
 10712
 13420
 23324
 16777
 13323
 20048
 20926
 22844
 9065
 28046
 10521
 15303
 11088
 20160
 21363
 26923
 26509
 27914
 23852
 17335
 13093
 9523
 25220
 13468
 20563
 13427
 23230
 18080
 8883
 15245
 14115
 22806
 16831
 13983
 11210
 12525
 9369
 8503
 16470
 24264
 8648
 17961
 13665
 9582
 25638
 25502
 14808
 25347
 9977
 17871
 12006
 25239
 12096
 12978
 19061
 21181
 10481
 15764
 15442
 21055
 17312
 22888
 19921
 13584
 16610
 27647
 14162
 18274
 15347
 20568
 19714
 14233
 14869
 13242
 10852
 10048
 15419
 20384
 15633
 20858
 21093
 23060
 18238
 18204
 18028
 16543
 18813
 14137
 19136
 18495
 18791
 13662
 20047
 26938
 12985
 25919
 18345
 12179
 8764
 14161
 15202
 17691
 14505
 16633
 13208
 27337
 13324
 14565
 16726
 15181
 19208
 15546
 17945
 19105
 9404
 12782
 16656
 9409
 26789
 26359
 18185
 11005
 9476
 12099
 14985
 9132
 10753
 10121
 15452
 22755
 10448
 25920
 18223
 22343
 21619
 10095
 21497
 16639
 18400
 19365
 16289
 15758
 12293
 13482
 9276
 13503
 23977
 11125
 24182
 20097
 14996
 15551
 17171
 11157
 18705
 19863
 21526
 17766
 20371
 24024
 19234
 11961
 9655
 12121
 18591
 18021
 11529
 9699
 20992
 16644
 9481
 20744
 13410
 21770
 16878
 20721
 23415
 11158
 9899
 13753
 16612
 19846
 26834
 8633
 10760
 15920
 10999
 26051
 15038
 16623
 27606
 16371
 27812
 9787
 22904
 16930
 23069
 16476
 26097
 14205
 26996
 18559
 24973
 13366
 25059
 26666
 26349
 14233
 19346
 14381
 19500
 22946
 20387
 20921
 28168
 14509
 13198
 14134
 16957
 18126
 25161
 17744
 26227
 25122
 22730
 25329
 14491
 24581
 8848
 23253
 9653
 24357
 18239
 27161
 9367
 11959
 15242
 19381
 16553
 25737
 22869
 24588
 14580
 24888
 8987
 9378
 9020
 25763
 22158
 17582
 14955
 18079
 17502
 12496
 21393
 10221
 17884
 10628
 27561
 12137
 20159
 17687
 10685
 10115
 25799
 22937
 13228
 16851
 16703
 15412
 14731
 10633
 23208
 18909
 8554
 13059
 24628
 12296
 16344
 16963
 22128
 9920
 16682
 11808
 26406
 20504
 27960
 20828
 26754
 9595
 20264
 15029
 24435
 21835
 14608
 10656
 13108
 18248
 9366
 15667
 10924
 12975
 17818
 13537
 9171
 20805
 15382
 19308
 12726
 10548
 19556
 11893
 15484
 12214
 19905
 19736
 20490
 24111
 24945
 9783
 13475
 23552
 9603
 8755
 10612
 17080
 9302
 21602
 8720
 22862
 9436
 14397
 15352
 22381
 12446
 13817
 14685
 9455
 16800
 15545
 18504
 27725
 13927
 18018
 9722
 15701
 10168
 27887
 17103
 17758
 21058
 19142
 27305
 11224
 20351
 8874
 21898
 13063
 21271
 15026
 19074
 11186
 11174
 17402
 14474
 16663
 9407
 8985
 18799
 10369
 13393
 13747
 24851
 13980
 15497
 12016
 17457
 17960
 13559
 20653
 16800
 11372
 21941
 12945
 17082
 23213
 17830
 14850
 24701
 14912
 12252
 17753
 10193
 22268
 14557
 10803
 8747
 9876
 9190
 11305
 12913
 24771
 13520
 9795
 14463
 13256
 18930
 18089
 23658
 19509
 15015
 16954
 19940
 8674
 10162
 11680
 16767
 20295
 18975
 15139
 19700
 19850
 15372
 14749
 18758
 25334
 18408
 11854
 14595
 9869
 23674
 15026
 11851
 20222
 18853
 21327
 18772
 12218
 28587
 13043
 18413
 12740
 27247
 19614
 10082
 8872
 12448
 25051
 10975
 27886
 10195
 14869
 10777
 22286
 13455
 11272
 21033
 21477
 9327
 23413
 15482
 18281
 19971
 12538
 11717
 27226
 11609
 17121
 19642
 24090
 12987
 19512
 9698
 12990
 23512
 18753
 19523
 17733
 10759
 19211
 16676
 16040
 9512
 26464
 14386
 21491
 26254
 16256
 18402
 9204
 25531
 15631
 10839
 12241
 23818
 10986
 17574
 28158
 20083
 18784
 11512
 23119
 15882
 12734
 25073
 14699
 23145
 24555
 14831
 16514
 12911
 16758
 17652
 19456
 22729
 15180
 11880
 13922
 10448
 9551
 22904
 17192
 14707
 11491
 16067
 9900
 16182
 19499
 15767
 22803
 20347
 15219
 19256
 11809
 26880
 15471
 9985
 9714
 26026
 18340
 11310
 25798
 14721
 27813
 13880
 15772
 8955
 19106
 11650
 20898
 12413
 24060
 13397
 20460
 16159
 17883
 13607
 23203
 22192
 18115
 16065
 28352
 14554
 13700
 9248
 19226
 10822
 19698
 27771
 20060
 12579
 21493
 20231
 8890
 23396
 20641
 24920
 8965
 13384
 14696
 16362
 13692
 22686
 18062
 19391
 16966
 16967
 10686
 21865
 25118
 11134
 8860
 20585
 13870
 12630
 19866
 9369
 24383
 9476
 21070
 28584
 14096
 9309
 28228
 14372
 22885
 23072
 18256
 22684
 25954
 23447
 18471
 26342
 10136
 28730
 17359
 9983
 9310
 17524
 9684
 27985
 16868
 14762
 15740
 23802
 11365
 10586
 21117
 9003
 18395
 21536
 17229
 13229
 15895
 23263
 25595
 28011
 18672
 27582
 20124
 16972
 18299
 18192
 19784
 21727
 9085
 14937
 18662
 24925
 17502
 11533
 14725
 20617
 13470
 8987
 20909
 10843
 19180
 24971
 15989
 13501
 20628
 24324
 9494
 14869
 21400
 9265
 26240
 24165
 9859
 14917
 14924
 22703
 9434
 17212
 13585
 18621
 24884
 28163
 20667
 10784
 13419
 20475
 18489
 24375
 10963
 13882
 26806
 13651
 11371
 25651
 15850
 9720
 13170
 15927
 13937
 11783
 11196
 13756
 15645
 14586
 14917
 25533
 15016
 27150
 12965
 15106
 14892
 14632
 18436
 13889
 24054
 17554
 19119
 24677
 26488
 10917
 20876
 24750
 26782
 27595
 21099
 23033
 12132
 20485
 22974
 20290
 10310
 27370
 16042
 12647
 19352
 12529
 16734
 11278
 20279
 22705
 19908
 10858
 24320
 10567
 11670
 12826
 13183
 14809
 28530
 12243
 9834
 15097
 14065
 15519
 16175
 14859
 18932
 20837
 27403
 15658
 26944
 16587
 20349
 10151
 18572
 19002
 14043
 19988
 23064
 13697
 21507
 19648
 13152
 12925
 28084
 19812
 22001
 9847
 21630
 24478
 25756
 11821
 25239
 13275
 24105
 15350
 14000
 15515
 12845
 16096
 18760
 15535
 15775
 28157
 9471
 20998
 18823
 22590
 10925
 27689
 24376
 11261
 11475
 15075
 20224
 14145
 12466
 20645
 13406
 13982
 19420
 19145
 19539
 10908
 16712
 10549
 11132
 12026
 26793
 14754
 15455
 13617
 28897
 20222
 13955
 22493
 17842
 18671
 21477
 17562
 19573
 15097
 24937
 19371
 19407
 22273
 11598
 16833
 16577
 18387
 10884
 23961
 11327
 23745
 10498
 24775
 13859
 19053
 16307
 15795
 19234
 10122
 9553
 24289
 18879
 13021
 14230
 9557
 16543
 14281
 21390
 25846
 15165
 15948
 10033
 23122
 10975
 21348
 16847
 27682
 17897
 12630
 14924
 28208
 18576
 15568
 9423
 9238
 11889
 15821
 29046
 26601
 10755
 9817
 17036
 12310
 17067
 25974
 10366
 10700
 24175
 16830
 25290
 9914
 20172
 19945
 13208
 11770
 19371
 24754
 22957
 15630
 13970
 13397
 19806
 19306
 13304
 9788
 17283
 13426
 18843
 23227
 19788
 15781
 10005
 21624
 17208
 9658
 17419
 25391
 9923
 22506
 10248
 22132
 17311
 25551
 22666
 18298
 14567
 11499
 15932
 28372
 27088
 21228
 22404
 24986
 13601
 13999
 15165
 26702
 28613
 12546
 22823
 14080
 19998
 11598
 16542
 18447
 12316
 14389
 12265
 13552
 15950
 20184
 13491
 9428
 13464
 21852
 29087
 18181
 9702
 18190
 26744
 14897
 18272
 14501
 11943
 13195
 12638
 17031
 27497
 26190
 13662
 9582
 10303
 9923
 22163
 17548
 17447
 25541
 10944
 12333
 28459
 27011
 25286
 21405
 27385
 10310
 25467
 21226
 13171
 21043
 20764
 11882
 21576
 17683
 10179
 22624
 18627
 19793
 14268
 26235
 15618
 18788
 20085
 13599
 20586
 12110
 12564
 15752
 23480
 18820
 11854
 20940
 11227
 25519
 28564
 20769
 16321
 21489
 11376
 21087
 14255
 24300
 19858
 22311
 12181
 9664
 26660
 15013
 11328
 15284
 16868
 27441
 28530
 14615
 21875
 28668
 13039
 19655
 18505
 10793
 14618
 26546
 23979
 14362
 11392
 23099
 11904
 24269
 13906
 26495
 19425
 10470
 24505
 19640
 23951
 16142
 19525
 14434
 16201
 14396
 10055
 17212
 19837
 17876
 17215
 21681
 15967
 17709
 19864
 25847
 10009
 18648
 27283
 9336
 15362
 16669
 19842
 22512
 20753
 13128
 21270
 25046
 9715
 18948
 21690
 14719
 12732
 16966
 21026
 9630
 19163
 16814
 22110
 26320
 23600
 17225
 21875
 13112
 23938
 16955
 11628
 18246
 16428
 10523
 19885
 12926
 11449
 28639
 20296
 15254
 17744
 12730
 12148
 16447
 18065
 18339
 16411
 18696
 26912
 25303
 17778
 21855
 18849
 24386
 27630
 12090
 9605
 23802
 19157
 27157
 24772
 17645
 11731
 14844
 28140
 16252
 20046
 13708
 15096
 22663
 22076
 14325
 10372
 25387
 26100
 12354
 26624
 17610
 19330
 9468
 20996
 18602
 11167
 11756
 10435
 14240
 12352
 11040
 20323
 11150
 22157
 21648
 22092
 17099
 10869
 13441
 11006
 20898
 26304
 22121
 19336
 11678
 27333
 21460
 21622
 17572
 28062
 22311
 14955
 15201
 26713
 13667
 10512
 18470
 20719
 17868
 13739
 22353
 14842
 10123
 26483
 9742
 13187
 25072
 11394
 18717
 18106
 15036
 24685
 20918
 24714
 12030
 10769
 16394
 11051
 27133
 22734
 18220
 17722
 20981
 12792
 28401
 20422
 19429
 19243
 21747
 15180
 11080
 25983
 12476
 26502
 10563
 25372
 21441
 22079
 18271
 11120
 13676
 28106
 22134
 9854
 22463
 25012
 9652
 17242
 16374
 21046
 10550
 18739
 20428
 18448
 15382
 14511
 15041
 15155
 10858
 11997
 16666
 10813
 25705
 21799
 21673
 24330
 27855
 9767
 17807
 11273
 14435
 11579
 13695
 22829
 25975
 20988
 28613
 26149
 26320
 12939
 18951
 10735
 17960
 15693
 14219
 21128
 10416
 13593
 19033
 12902
 11865
 27375
 15618
 22026
 10100
 20460
 27553
 18160
 27928
 19003
 20096
 23497
 24645
 20494
 16575
 22603
 19303
 28045
 19377
 16295
 12957
 16686
 24775
 19132
 13274
 20677
 19313
 22026
 10572
 11998
 26529
 19561
 11259
 12233
 18995
 12443
 10516
 18645
 13803
 17887
 10983
 27905
 13725
 17927
 25101
 17455
 20658
 20589
 10830
 14777
 18921
 20065
 23906
 10248
 15037
 19782
 20214
 21795
 19590
 17694
 18226
 25253
 15298
 15555
 10424
 19987
 20277
 13208
 23855
 12140
 17423
 19007
 11490
 12321
 13805
 17420
 24355
 17766
 24834
 17241
 23539
 13194
 26648
 11291
 20326
 20036
 17009
 17366
 25698
 22638
 28627
 28365
 13641
 11831
 23652
 19676
 13944
 14003
 13713
 26377
 13839
 25206
 17653
 15384
 14353
 14658
 19609
 26814
 16078
 10300
 14071
 16920
 29152
 14629
 20579
 13022
 14034
 18792
 18508
 16626
 10920
 18895
 24159
 10717
 23899
 27611
 17677
 10780
 27907
 16980
 19406
 10454
 22074
 15677
 18118
 15410
 18750
 12812
 12871
 20166
 11831
 19641
 13879
 11283
 15355
 20372
 21204
 10288
 16430
 20508
 15125
 20675
 18574
 16206
 13618
 10647
 19502
 27578
 22311
 26091
 14368
 12636
 12693
 11463
 22521
 17097
 17449
 25845
 18128
 18472
 13953
 20749
 9991
 29476
 10316
 12048
 16877
 18271
 13170
 19034
 16802
 19977
 21300
 19922
 21789
 26769
 14133
 28804
 17771
 16892
 24729
 10129
 22425
 12948
 13069
 13573
 19795
 29346
 20359
 19049
 16366
 11582
 11215
 22745
 25123
 13670
 15518
 14841
 18877
 17198
 10821
 17188
 16790
 20471
 19250
 10374
 20732
 23811
 21455
 23978
 13914
 18120
 16491
 13014
 24372
 10915
 16958
 15702
 18098
 15246
 26567
 14678
 11617
 18645
 18871
 20628
 25846
 23494
 16627
 17045
 20789
 14280
 25430
 11895
 28689
 24365
 24502
 13638
 11541
 21578
 19336
 22483
 13794
 18470
 11398
 23234
 14010
 13329
 17712
 13219
 19516
 15032
 27409
 10756
 16305
 16118
 19139
 14245
 11431
 22093
 19637
 14411
 16315
 13205
 12428
 19513
 11612
 11444
 18664
 11388
 17390
 9807
 17385
 21542
 17325
 17023
 22097
 16573
 19410
 22472
 18380
 10709
 12955
 15270
 21997
 18139
 26053
 25321
 20090
 16499
 13501
 17250
 18316
 21061
 29592
 13150
 16943
 20083
 22560
 26131
 18353
 10895
 11888
 17561
 13209
 20363
 15073
 23035
 16245
 21648
 19078
 14413
 13401
 21970
 16276
 11009
 17220
 27748
 17991
 17525
 17797
 12904
 28801
 26926
 25278
 18410
 11796
 27083
 21032
 21166
 16418
 10259
 26264
 12263
 15683
 16625
 15808
 20137
 9959
 23169
 13112
 18209
 18556
 19019
 19679
 24484
 15858
 10864
 11581
 28869
 17981
 10562
 19723
 22027
 19195
 13721
 28149
 20706
 10071
 16227
 10910
 15697
 14893
 15835
 18405
 21196
 19855
 18110
 11111
 25738
 15559
 15962
 19748
 20538
 19358
 21640
 11047
 10481
 27036
 11931
 11360
 10855
 13392
 23289
 10260
 20580
 11667
 17642
 20632
 27797
 13065
 22831
 20793
 29667
 15880
 21204
 11328
 17926
 15291
 28617
 14740
 11253
 12265
 10125
 18209
 21281
 17266
 14188
 18263
 21411
 19193
 24876
 10614
 15891
 20328
 10050
 16265
 20027
 18321
 10570
 24208
 25131
 18161
 15702
 25218
 14446
 18554
 14886
 14898
 19357
 28849
 15769
 19250
 19986
 11124
 13475
 14933
 13152
 24032
 16832
 16250
 16865
 12370
 16073
 22246
 24528
 16397
 24516
 10448
 22744
 23612
 14560
 19203
 18220
 11480
 26369
 19488
 21689
 18284
 28344
 19522
 16921
 23351
 28215
 28582
 11689
 10001
 29540
 11370
 19997
 20146
 10764
 22389
 23955
 11728
 11002
