 186
 356
 406
 417
 441
 453
 501
 558
 563
 587
 588
 662
 670
 672
 728
 826
 833
 883
 896
 904
 916
 924
 930
 942
 971
 980
 1002
 1002
 1002
 1044
 1103
 1107
 1110
 1117
 1130
 1143
 1153
 1162
 1162
 1184
 1185
 1202
 1228
 1243
 1296
 1296
 1304
 1321
 1322
 1333
 1334
 1340
 1357
 1357
 1360
 1362
 1385
 1396
 1403
 1411
 1412
 1430
 1430
 1459
 1470
 1473
 1491
 1505
 1508
 1518
 1529
 1539
 1567
 1587
 1591
 1592
 1607
 1610
 1635
 1637
 1648
 1649
 1661
 1676
 1680
 1680
 1689
 1691
 1711
 1712
 1713
 1756
 1773
 1778
 1780
 1786
 1803
 1820
 1840
 1840
 1847
 1856
 1859
 1860
 1869
 1869
 1874
 1877
 1879
 1881
 1888
 1896
 1910
 1924
 1925
 1929
 1930
 1932
 1933
 1935
 1941
 1968
 1972
 1975
 1979
 1981
 1985
 2000
 2013
 2015
 2015
 2020
 2027
 2039
 2040
 2041
 2047
 2051
 2059
 2065
 2068
 2080
 2082
 2102
 2117
 2131
 2133
 2146
 2157
 2160
 2167
 2171
 2172
 2179
 2184
 2199
 2203
 2203
 2227
 2227
 2238
 2239
 2239
 2244
 2260
 2268
 2270
 2290
 2293
 2297
 2318
 2325
 2344
 2355
 2362
 2367
 2375
 2377
 2384
 2403
 2404
 2409
 2411
 2417
 2421
 2423
 2439
 2440
 2444
 2445
 2447
 2449
 2450
 2456
 2469
 2472
 2472
 2472
 2476
 2477
 2498
 2501
 2507
 2507
 2516
 2534
 2544
 2544
 2550
 2562
 2566
 2579
 2583
 2587
 2596
 2601
 2623
 2626
 2626
 2648
 2649
 2661
 2666
 2666
 2681
 2691
 2699
 2702
 2722
 2723
 2723
 2731
 2736
 2740
 2744
 2749
 2755
 2772
 2774
 2775
 2792
 2798
 2803
 2804
 2818
 2824
 2825
 2832
 2847
 2848
 2859
 2859
 2859
 2863
 2868
 2874
 2876
 2888
 2888
 2889
 2892
 2897
 2906
 2909
 2912
 2914
 2916
 2918
 2929
 2929
 2931
 2932
 2936
 2944
 2950
 2956
 2959
 2963
 2972
 2975
 3033
 3056
 3057
 3068
 3092
 3096
 3099
 3103
 3126
 3138
 3147
 3158
 3164
 3166
 3168
 3171
 3173
 3183
 3184
 3188
 3190
 3192
 3194
 3207
 3208
 3211
 3212
 3221
 3226
 3227
 3228
 3244
 3245
 3247
 3247
 3249
 3251
 3252
 3260
 3264
 3267
 3267
 3271
 3285
 3290
 3302
 3303
 3304
 3305
 3311
 3314
 3319
 3324
 3327
 3327
 3327
 3327
 3331
 3335
 3339
 3342
 3363
 3374
 3374
 3375
 3382
 3385
 3385
 3391
 3396
 3407
 3420
 3422
 3427
 3432
 3437
 3438
 3442
 3452
 3458
 3458
 3458
 3465
 3474
 3477
 3479
 3480
 3483
 3484
 3496
 3504
 3511
 3512
 3514
 3517
 3518
 3535
 3538
 3538
 3543
 3548
 3550
 3553
 3553
 3555
 3558
 3565
 3575
 3596
 3598
 3598
 3599
 3620
 3624
 3625
 3628
 3629
 3631
 3637
 3637
 3649
 3662
 3671
 3674
 3676
 3677
 3678
 3681
 3683
 3698
 3705
 3707
 3715
 3717
 3718
 3728
 3729
 3731
 3734
 3737
 3737
 3740
 3744
 3754
 3755
 3757
 3757
 3758
 3761
 3769
 3774
 3778
 3782
 3784
 3785
 3788
 3790
 3796
 3813
 3821
 3836
 3842
 3848
 3850
 3855
 3859
 3866
 3868
 3871
 3896
 3899
 3902
 3902
 3911
 3919
 3921
 3921
 3921
 3927
 3931
 3936
 3939
 3947
 3947
 3952
 3953
 3960
 3960
 3961
 3964
 3972
 3977
 3978
 3992
 3995
 3996
 4004
 4005
 4008
 4016
 4026
 4028
 4030
 4053
 4058
 4059
 4066
 4068
 4070
 4071
 4072
 4080
 4083
 4088
 4089
 4092
 4093
 4105
 4108
 4112
 4113
 4116
 4116
 4117
 4122
 4125
 4127
 4128
 4130
 4132
 4137
 4141
 4143
 4143
 4143
 4146
 4147
 4150
 4152
 4152
 4168
 4170
 4172
 4174
 4175
 4178
 4180
 4183
 4183
 4188
 4191
 4193
 4196
 4196
 4199
 4207
 4211
 4212
 4212
 4216
 4217
 4230
 4233
 4237
 4237
 4255
 4256
 4257
 4265
 4274
 4276
 4276
 4278
 4279
 4282
 4282
 4283
 4284
 4286
 4287
 4299
 4303
 4309
 4309
 4309
 4314
 4317
 4318
 4329
 4334
 4341
 4342
 4343
 4349
 4350
 4355
 4357
 4357
 4358
 4361
 4373
 4373
 4376
 4377
 4382
 4384
 4394
 4394
 4399
 4403
 4407
 4410
 4411
 4413
 4418
 4418
 4428
 4429
 4429
 4431
 4439
 4440
 4443
 4455
 4456
 4457
 4460
 4471
 4476
 4480
 4488
 4491
 4493
 4500
 4500
 4509
 4522
 4541
 4546
 4552
 4553
 4559
 4563
 4574
 4578
 4579
 4586
 4586
 4588
 4597
 4602
 4603
 4606
 4618
 4620
 4620
 4623
 4624
 4627
 4628
 4629
 4630
 4634
 4634
 4635
 4642
 4643
 4643
 4646
 4648
 4648
 4660
 4664
 4672
 4675
 4677
 4680
 4693
 4698
 4712
 4714
 4722
 4726
 4728
 4729
 4730
 4731
 4738
 4743
 4757
 4758
 4761
 4762
 4765
 4769
 4778
 4782
 4783
 4787
 4788
 4803
 4805
 4815
 4826
 4827
 4836
 4836
 4841
 4842
 4853
 4856
 4858
 4861
 4863
 4863
 4872
 4875
 4876
 4878
 4881
 4884
 4887
 4888
 4889
 4891
 4893
 4894
 4899
 4899
 4900
 4901
 4902
 4906
 4906
 4911
 4911
 4912
 4916
 4916
 4919
 4921
 4927
 4932
 4935
 4944
 4948
 4953
 4957
 4962
 4963
 4973
 4975
 4987
 4989
 4992
 4993
 4995
 4996
 4996
 4999
 4999
 4999
 5008
 5014
 5018
 5020
 5022
 5036
 5036
 5042
 5044
 5050
 5053
 5053
 5055
 5055
 5056
 5068
 5069
 5069
 5070
 5073
 5076
 5077
 5079
 5079
 5082
 5087
 5091
 5091
 5096
 5099
 5100
 5100
 5103
 5110
 5112
 5113
 5115
 5120
 5121
 5124
 5124
 5124
 5127
 5127
 5128
 5133
 5134
 5136
 5140
 5144
 5145
 5148
 5150
 5153
 5159
 5159
 5162
 5165
 5177
 5185
 5189
 5194
 5194
 5195
 5195
 5206
 5207
 5216
 5219
 5221
 5226
 5231
 5242
 5245
 5251
 5253
 5260
 5260
 5262
 5262
 5263
 5264
 5278
 5279
 5280
 5280
 5280
 5281
 5285
 5287
 5291
 5293
 5293
 5295
 5298
 5301
 5301
 5308
 5310
 5322
 5322
 5324
 5325
 5337
 5342
 5343
 5346
 5347
 5348
 5349
 5350
 5350
 5353
 5356
 5357
 5362
 5362
 5363
 5364
 5364
 5371
 5379
 5380
 5383
 5383
 5383
 5384
 5392
 5395
 5402
 5415
 5415
 5416
 5416
 5420
 5426
 5427
 5433
 5433
 5434
 5435
 5436
 5438
 5443
 5445
 5445
 5445
 5454
 5459
 5460
 5460
 5462
 5463
 5469
 5471
 5476
 5481
 5481
 5486
 5491
 5497
 5502
 5506
 5513
 5515
 5515
 5521
 5522
 5526
 5528
 5530
 5532
 5537
 5545
 5545
 5546
 5548
 5549
 5552
 5556
 5556
 5557
 5558
 5562
 5563
 5564
 5564
 5572
 5573
 5574
 5582
 5587
 5588
 5588
 5591
 5594
 5594
 5594
 5597
 5597
 5598
 5598
 5600
 5605
 5605
 5609
 5612
 5614
 5615
 5615
 5619
 5621
 5623
 5626
 5626
 5627
 5628
 5638
 5646
 5654
 5658
 5662
 5666
 5667
 5672
 5673
 5681
 5683
 5683
 5684
 5684
 5690
 5693
 5695
 5697
 5705
 5712
 5712
 5715
 5719
 5720
 5722
 5722
 5722
 5726
 5726
 5728
 5729
 5729
 5738
 5738
 5739
 5739
 5741
 5741
 5748
 5757
 5759
 5761
 5761
 5775
 5775
 5779
 5779
 5779
 5782
 5782
 5783
 5784
 5785
 5788
 5794
 5795
 5795
 5799
 5801
 5803
 5805
 5806
 5814
 5817
 5820
 5822
 5830
 5836
 5837
 5843
 5848
 5849
 5856
 5857
 5867
 5868
 5870
 5873
 5879
 5886
 5888
 5889
 5893
 5895
 5902
 5903
 5908
 5908
 5910
 5911
 5912
 5914
 5917
 5920
 5920
 5929
 5939
 5941
 5944
 5946
 5953
 5954
 5955
 5957
 5959
 5966
 5967
 5968
 5970
 5972
 5980
 5981
 5983
 5983
 5988
 5990
 5990
 5992
 5992
 5995
 6000
 6000
 6002
 6006
 6007
 6008
 6010
 6012
 6015
 6016
 6022
 6023
 6024
 6026
 6026
 6030
 6034
 6035
 6035
 6036
 6046
 6048
 6050
 6052
 6054
 6056
 6059
 6061
 6062
 6063
 6078
 6078
 6082
 6084
 6086
 6086
 6088
 6095
 6095
 6096
 6098
 6102
 6103
 6103
 6104
 6112
 6112
 6113
 6115
 6119
 6120
 6121
 6125
 6129
 6135
 6135
 6142
 6142
 6145
 6146
 6149
 6157
 6158
 6159
 6160
 6160
 6161
 6163
 6164
 6169
 6169
 6173
 6177
 6178
 6181
 6181
 6182
 6183
 6187
 6191
 6192
 6194
 6199
 6199
 6201
 6204
 6205
 6208
 6213
 6213
 6213
 6215
 6218
 6223
 6231
 6235
 6236
 6236
 6238
 6239
 6246
 6249
 6250
 6256
 6258
 6264
 6268
 6269
 6269
 6272
 6272
 6274
 6275
 6278
 6278
 6281
 6282
 6283
 6286
 6288
 6292
 6293
 6295
 6296
 6297
 6301
 6303
 6303
 6307
 6309
 6313
 6314
 6314
 6315
 6316
 6317
 6319
 6319
 6324
 6324
 6326
 6328
 6330
 6331
 6333
 6334
 6334
 6337
 6339
 6341
 6343
 6345
 6346
 6346
 6347
 6349
 6349
 6351
 6352
 6352
 6352
 6355
 6359
 6359
 6362
 6363
 6365
 6368
 6370
 6372
 6374
 6374
 6377
 6378
 6380
 6381
 6388
 6389
 6395
 6402
 6404
 6405
 6406
 6410
 6412
 6414
 6416
 6419
 6419
 6421
 6422
 6423
 6428
 6428
 6431
 6431
 6432
 6434
 6435
 6436
 6436
 6440
 6441
 6442
 6442
 6444
 6445
 6448
 6449
 6449
 6452
 6459
 6464
 6474
 6475
 6475
 6476
 6476
 6480
 6481
 6481
 6485
 6485
 6491
 6494
 6495
 6503
 6509
 6510
 6512
 6516
 6519
 6529
 6531
 6531
 6538
 6543
 6545
 6551
 6553
 6554
 6569
 6573
 6574
 6575
 6577
 6580
 6581
 6584
 6584
 6585
 6590
 6594
 6595
 6599
 6606
 6607
 6609
 6609
 6611
 6618
 6622
 6630
 6631
 6635
 6636
 6636
 6638
 6639
 6640
 6642
 6646
 6650
 6652
 6657
 6659
 6660
 6660
 6663
 6663
 6664
 6665
 6666
 6666
 6667
 6672
 6673
 6675
 6677
 6678
 6678
 6680
 6681
 6683
 6684
 6691
 6695
 6696
 6696
 6696
 6700
 6703
 6706
 6708
 6714
 6716
 6718
 6722
 6722
 6724
 6728
 6730
 6730
 6731
 6733
 6734
 6736
 6741
 6747
 6750
 6756
 6756
 6758
 6766
 6771
 6775
 6775
 6777
 6777
 6782
 6784
 6785
 6789
 6792
 6792
 6798
 6802
 6804
 6810
 6814
 6817
 6818
 6824
 6824
 6825
 6826
 6827
 6835
 6837
 6842
 6844
 6845
 6845
 6846
 6849
 6854
 6855
 6857
 6858
 6866
 6866
 6868
 6870
 6871
 6874
 6875
 6879
 6881
 6883
 6884
 6887
 6889
 6897
 6897
 6899
 6905
 6905
 6905
 6906
 6909
 6911
 6911
 6911
 6911
 6912
 6914
 6916
 6916
 6917
 6919
 6922
 6922
 6923
 6925
 6925
 6929
 6929
 6940
 6945
 6945
 6950
 6953
 6953
 6954
 6956
 6958
 6959
 6960
 6960
 6961
 6963
 6968
 6968
 6968
 6968
 6970
 6970
 6972
 6974
 6975
 6979
 6981
 6985
 6986
 6987
 6990
 6994
 6994
 6995
 6996
 6997
 6999
 6999
 7000
 7002
 7005
 7005
 7006
 7008
 7011
 7012
 7013
 7013
 7014
 7014
 7015
 7015
 7018
 7018
 7020
 7023
 7024
 7026
 7028
 7033
 7034
 7036
 7038
 7047
 7052
 7053
 7053
 7059
 7059
 7060
 7062
 7064
 7067
 7070
 7072
 7079
 7081
 7083
 7084
 7084
 7088
 7088
 7097
 7104
 7107
 7108
 7108
 7111
 7111
 7114
 7117
 7120
 7131
 7142
 7144
 7145
 7148
 7148
 7150
 7158
 7159
 7159
 7163
 7163
 7166
 7169
 7169
 7173
 7174
 7177
 7178
 7179
 7180
 7183
 7183
 7184
 7185
 7186
 7187
 7188
 7188
 7193
 7193
 7194
 7196
 7200
 7201
 7206
 7207
 7208
 7209
 7213
 7213
 7214
 7218
 7218
 7218
 7223
 7227
 7230
 7231
 7236
 7238
 7239
 7240
 7245
 7245
 7246
 7249
 7255
 7258
 7260
 7263
 7264
 7268
 7271
 7274
 7274
 7277
 7279
 7285
 7292
 7293
 7297
 7298
 7300
 7301
 7303
 7306
 7307
 7307
 7308
 7314
 7321
 7323
 7326
 7332
 7333
 7334
 7335
 7341
 7342
 7347
 7349
 7350
 7351
 7352
 7352
 7357
 7360
 7361
 7365
 7365
 7366
 7367
 7376
 7377
 7381
 7383
 7385
 7389
 7389
 7394
 7398
 7412
 7413
 7414
 7416
 7416
 7418
 7423
 7425
 7430
 7431
 7432
 7433
 7435
 7438
 7441
 7443
 7444
 7444
 7449
 7452
 7453
 7453
 7453
 7458
 7458
 7463
 7463
 7465
 7467
 7472
 7475
 7478
 7478
 7478
 7482
 7483
 7483
 7485
 7486
 7487
 7488
 7489
 7489
 7491
 7494
 7495
 7497
 7503
 7504
 7505
 7506
 7509
 7511
 7512
 7514
 7518
 7518
 7519
 7520
 7523
 7524
 7526
 7528
 7528
 7529
 7530
 7532
 7533
 7536
 7536
 7541
 7542
 7544
 7549
 7552
 7555
 7556
 7559
 7559
 7561
 7562
 7565
 7566
 7567
 7569
 7570
 7570
 7572
 7573
 7578
 7583
 7585
 7588
 7589
 7589
 7591
 7593
 7594
 7599
 7600
 7600
 7601
 7602
 7610
 7610
 7614
 7621
 7622
 7623
 7629
 7631
 7634
 7636
 7637
 7638
 7639
 7640
 7641
 7642
 7646
 7646
 7648
 7649
 7649
 7650
 7650
 7653
 7654
 7656
 7659
 7661
 7665
 7667
 7669
 7675
 7676
 7677
 7678
 7679
 7688
 7688
 7688
 7688
 7689
 7689
 7691
 7692
 7692
 7694
 7703
 7707
 7709
 7710
 7713
 7716
 7718
 7722
 7725
 7728
 7730
 7731
 7732
 7733
 7734
 7739
 7744
 7746
 7748
 7753
 7753
 7753
 7755
 7758
 7759
 7763
 7763
 7767
 7768
 7770
 7772
 7773
 7773
 7775
 7777
 7778
 7780
 7780
 7780
 7781
 7786
 7787
 7788
 7791
 7796
 7797
 7799
 7804
 7809
 7811
 7811
 7813
 7815
 7816
 7818
 7819
 7820
 7822
 7826
 7833
 7837
 7839
 7841
 7842
 7844
 7844
 7845
 7847
 7847
 7850
 7850
 7851
 7853
 7855
 7856
 7858
 7859
 7862
 7863
 7867
 7868
 7872
 7874
 7875
 7877
 7880
 7881
 7881
 7882
 7885
 7885
 7890
 7891
 7891
 7893
 7896
 7897
 7901
 7903
 7905
 7908
 7909
 7909
 7914
 7915
 7917
 7925
 7927
 7930
 7930
 7932
 7933
 7939
 7939
 7942
 7944
 7945
 7945
 7946
 7946
 7948
 7952
 7962
 7963
 7963
 7963
 7965
 7967
 7968
 7968
 7972
 7973
 7974
 7976
 7982
 7983
 7985
 7986
 7992
 7996
 7997
 7997
 7998
 7999
 8000
 8004
 8009
 8010
 8014
 8018
 8019
 8020
 8022
 8030
 8031
 8031
 8032
 8033
 8034
 8035
 8036
 8037
 8037
 8041
 8041
 8041
 8047
 8047
 8048
 8048
 8053
 8054
 8056
 8056
 8057
 8058
 8060
 8061
 8064
 8067
 8067
 8073
 8080
 8083
 8090
 8092
 8095
 8102
 8104
 8106
 8108
 8109
 8109
 8110
 8113
 8117
 8118
 8129
 8133
 8139
 8139
 8140
 8143
 8150
 8152
 8157
 8158
 8158
 8159
 8160
 8161
 8161
 8161
 8162
 8166
 8166
 8169
 8176
 8177
 8179
 8181
 8181
 8182
 8184
 8185
 8186
 8186
 8187
 8188
 8192
 8203
 8205
 8206
 8206
 8210
 8212
 8215
 8218
 8219
 8220
 8220
 8221
 8222
 8223
 8224
 8224
 8230
 8237
 8239
 8241
 8242
 8242
 8245
 8245
 8246
 8249
 8250
 8251
 8252
 8253
 8254
 8256
 8260
 8260
 8261
 8262
 8262
 8265
 8267
 8274
 8279
 8280
 8281
 8283
 8288
 8289
 8290
 8295
 8296
 8300
 8300
 8305
 8305
 8307
 8314
 8315
 8316
 8316
 8316
 8317
 8318
 8319
 8321
 8322
 8322
 8325
 8328
 8331
 8337
 8337
 8341
 8341
 8341
 8342
 8346
 8348
 8349
 8351
 8352
 8353
 8359
 8359
 8360
 8361
 8369
 8371
 8371
 8374
 8376
 8382
 8384
 8385
 8387
 8389
 8393
 8395
 8395
 8396
 8398
 8399
 8399
 8402
 8405
 8409
 8410
 8411
 8416
 8423
 8423
 8423
 8423
 8429
 8429
 8431
 8434
 8437
 8438
 8440
 8448
 8448
 8449
 8452
 8453
 8455
 8456
 8456
 8461
 8463
 8467
 8468
 8469
 8471
 8472
 8472
 8476
 8477
 8481
 8486
 8487
 8488
 8490
 8490
 8491
 8491
 8493
 8494
 8495
 8496
 8501
 8503
 8503
 8505
 8506
 8506
 8509
 8511
 8512
 8514
 8514
 8515
 8522
 8522
 8524
 8529
 8530
 8530
 8531
 8532
 8532
 8533
 8534
 8538
 8540
 8547
 8550
 8551
 8552
 8552
 8552
 8554
 8554
 8554
 8556
 8556
 8564
 8565
 8576
 8577
 8578
 8583
 8593
 8598
 8602
 8604
 8606
 8606
 8607
 8607
 8612
 8615
 8618
 8618
 8618
 8618
 8622
 8624
 8626
 8628
 8629
 8629
 8629
 8633
 8635
 8635
 8637
 8639
 8643
 8643
 8644
 8646
 8647
 8648
 8648
 8650
 8652
 8653
 8658
 8659
 8662
 8665
 8673
 8673
 8673
 8674
 8679
 8680
 8680
 8681
 8681
 8681
 8681
 8686
 8691
 8691
 8694
 8695
 8700
 8701
 8703
 8703
 8705
 8708
 8709
 8710
 8711
 8713
 8714
 8717
 8719
 8720
 8720
 8720
 8723
 8725
 8729
 8729
 8738
 8743
 8746
 8747
 8747
 8750
 8754
 8754
 8755
 8759
 8759
 8760
 8762
 8764
 8765
 8767
 8768
 8769
 8769
 8772
 8781
 8783
 8785
 8786
 8788
 8789
 8789
 8790
 8792
 8796
 8798
 8801
 8802
 8803
 8806
 8806
 8807
 8811
 8811
 8814
 8816
 8816
 8817
 8817
 8819
 8824
 8828
 8832
 8835
 8838
 8838
 8841
 8843
 8843
 8844
 8845
 8846
 8848
 8852
 8857
 8859
 8860
 8862
 8870
 8872
 8872
 8874
 8874
 8875
 8876
 8877
 8877
 8877
 8878
 8879
 8883
 8883
 8883
 8885
 8885
 8886
 8889
 8890
 8891
 8892
 8894
 8895
 8899
 8899
 8907
 8907
 8908
 8909
 8910
 8915
 8916
 8919
 8920
 8920
 8924
 8925
 8926
 8929
 8929
 8930
 8936
 8937
 8944
 8947
 8949
 8953
 8953
 8955
 8955
 8964
 8964
 8965
 8966
 8968
 8971
 8971
 8971
 8972
 8985
 8987
 8987
 8989
 8992
 9000
 9003
 9004
 9005
 9011
 9015
 9018
 9020
 9024
 9024
 9025
 9026
 9028
 9039
 9041
 9042
 9042
 9043
 9043
 9043
 9045
 9045
 9053
 9055
 9056
 9059
 9060
 9061
 9061
 9065
 9065
 9065
 9066
 9066
 9067
 9068
 9071
 9072
 9072
 9073
 9074
 9074
 9075
 9080
 9080
 9081
 9083
 9084
 9084
 9085
 9086
 9087
 9091
 9091
 9091
 9093
 9095
 9098
 9102
 9111
 9113
 9117
 9120
 9120
 9121
 9126
 9127
 9129
 9130
 9131
 9132
 9132
 9135
 9136
 9138
 9139
 9139
 9147
 9148
 9148
 9148
 9149
 9151
 9154
 9154
 9154
 9159
 9161
 9162
 9165
 9167
 9167
 9168
 9169
 9169
 9169
 9171
 9173
 9173
 9173
 9176
 9177
 9180
 9181
 9184
 9184
 9185
 9187
 9190
 9197
 9198
 9199
 9200
 9204
 9204
 9205
 9207
 9207
 9207
 9211
 9211
 9212
 9216
 9217
 9219
 9221
 9222
 9222
 9223
 9223
 9225
 9225
 9226
 9227
 9233
 9233
 9237
 9238
 9243
 9243
 9244
 9244
 9244
 9248
 9252
 9253
 9254
 9257
 9261
 9262
 9264
 9264
 9265
 9268
 9268
 9270
 9272
 9273
 9273
 9273
 9275
 9276
 9278
 9278
 9279
 9279
 9284
 9284
 9287
 9287
 9290
 9290
 9291
 9295
 9298
 9298
 9302
 9305
 9305
 9305
 9308
 9309
 9310
 9311
 9311
 9312
 9315
 9315
 9321
 9323
 9323
 9327
 9327
 9327
 9327
 9328
 9330
 9330
 9336
 9337
 9342
 9343
 9345
 9350
 9353
 9356
 9356
 9356
 9363
 9366
 9366
 9367
 9367
 9369
 9369
 9370
 9374
 9376
 9376
 9378
 9378
 9378
 9379
 9381
 9385
 9385
 9391
 9395
 9395
 9397
 9397
 9399
 9402
 9404
 9404
 9407
 9407
 9407
 9409
 9409
 9413
 9422
 9423
 9427
 9428
 9429
 9430
 9434
 9434
 9434
 9436
 9439
 9440
 9441
 9447
 9452
 9452
 9453
 9453
 9454
 9455
 9455
 9455
 9461
 9463
 9465
 9465
 9466
 9468
 9468
 9471
 9476
 9476
 9476
 9477
 9479
 9481
 9481
 9486
 9488
 9491
 9494
 9494
 9494
 9495
 9495
 9498
 9499
 9504
 9505
 9506
 9511
 9512
 9514
 9514
 9514
 9514
 9516
 9521
 9522
 9523
 9523
 9523
 9526
 9527
 9534
 9537
 9541
 9541
 9541
 9543
 9545
 9548
 9549
 9551
 9553
 9557
 9558
 9560
 9561
 9561
 9564
 9565
 9568
 9573
 9578
 9580
 9581
 9582
 9582
 9586
 9589
 9590
 9595
 9595
 9598
 9600
 9603
 9603
 9604
 9605
 9606
 9608
 9609
 9611
 9611
 9619
 9625
 9625
 9628
 9630
 9631
 9634
 9635
 9635
 9635
 9636
 9636
 9636
 9639
 9642
 9643
 9644
 9645
 9652
 9652
 9653
 9654
 9655
 9656
 9656
 9656
 9658
 9663
 9664
 9664
 9672
 9675
 9676
 9678
 9678
 9678
 9680
 9683
 9684
 9685
 9685
 9685
 9687
 9692
 9692
 9695
 9696
 9697
 9698
 9699
 9700
 9702
 9703
 9706
 9706
 9706
 9707
 9709
 9709
 9710
 9710
 9713
 9714
 9714
 9715
 9715
 9720
 9720
 9721
 9722
 9722
 9723
 9728
 9729
 9729
 9730
 9733
 9736
 9739
 9742
 9745
 9747
 9747
 9749
 9751
 9753
 9756
 9757
 9758
 9760
 9761
 9764
 9765
 9765
 9765
 9766
 9766
 9767
 9769
 9770
 9774
 9774
 9776
 9778
 9780
 9780
 9781
 9782
 9783
 9783
 9784
 9785
 9787
 9788
 9788
 9795
 9795
 9798
 9801
 9802
 9804
 9805
 9806
 9806
 9807
 9807
 9809
 9809
 9812
 9815
 9817
 9817
 9818
 9826
 9827
 9827
 9828
 9828
 9829
 9833
 9833
 9834
 9836
 9836
 9838
 9841
 9843
 9843
 9845
 9846
 9847
 9849
 9851
 9852
 9852
 9853
 9854
 9854
 9857
 9859
 9859
 9861
 9864
 9865
 9866
 9868
 9869
 9872
 9873
 9874
 9876
 9877
 9878
 9879
 9881
 9883
 9884
 9884
 9886
 9890
 9891
 9893
 9899
 9900
 9902
 9904
 9906
 9907
 9908
 9912
 9914
 9915
 9917
 9917
 9920
 9920
 9921
 9923
 9923
 9923
 9934
 9935
 9938
 9938
 9942
 9947
 9947
 9948
 9950
 9950
 9954
 9954
 9955
 9955
 9955
 9956
 9956
 9957
 9958
 9959
 9962
 9967
 9967
 9968
 9970
 9971
 9972
 9973
 9977
 9981
 9982
 9983
 9984
 9985
 9987
 9988
 9990
 9991
 9992
 9999
 9999
 10001
 10005
 10005
 10008
 10008
 10009
 10009
 10014
 10024
 10024
 10027
 10028
 10033
 10034
 10036
 10039
 10041
 10043
 10044
 10048
 10048
 10049
 10049
 10049
 10050
 10053
 10055
 10060
 10062
 10062
 10063
 10064
 10066
 10071
 10071
 10073
 10077
 10080
 10082
 10083
 10086
 10088
 10089
 10094
 10094
 10095
 10096
 10097
 10097
 10100
 10100
 10101
 10103
 10104
 10107
 10107
 10113
 10113
 10115
 10115
 10115
 10118
 10120
 10121
 10122
 10123
 10123
 10125
 10127
 10129
 10130
 10130
 10134
 10136
 10136
 10137
 10137
 10137
 10142
 10143
 10144
 10145
 10150
 10150
 10150
 10151
 10151
 10151
 10152
 10155
 10156
 10157
 10161
 10162
 10165
 10168
 10168
 10168
 10173
 10174
 10174
 10175
 10179
 10187
 10189
 10190
 10190
 10191
 10193
 10195
 10197
 10198
 10198
 10199
 10199
 10200
 10201
 10204
 10207
 10211
 10213
 10218
 10221
 10221
 10222
 10223
 10224
 10225
 10226
 10228
 10228
 10229
 10230
 10231
 10233
 10238
 10238
 10240
 10242
 10248
 10248
 10250
 10250
 10250
 10251
 10254
 10254
 10255
 10256
 10258
 10258
 10259
 10260
 10260
 10260
 10260
 10265
 10270
 10272
 10272
 10272
 10273
 10277
 10277
 10281
 10281
 10281
 10287
 10288
 10289
 10289
 10291
 10299
 10300
 10303
 10304
 10307
 10309
 10310
 10310
 10310
 10313
 10313
 10316
 10317
 10317
 10318
 10319
 10320
 10321
 10323
 10324
 10328
 10330
 10331
 10332
 10339
 10340
 10340
 10344
 10346
 10350
 10352
 10353
 10353
 10353
 10354
 10355
 10357
 10363
 10365
 10366
 10367
 10369
 10372
 10372
 10372
 10374
 10376
 10376
 10382
 10383
 10386
 10387
 10388
 10388
 10388
 10393
 10393
 10395
 10396
 10398
 10404
 10405
 10406
 10406
 10407
 10407
 10414
 10414
 10416
 10417
 10418
 10419
 10422
 10422
 10422
 10423
 10424
 10425
 10427
 10428
 10430
 10431
 10431
 10433
 10433
 10435
 10441
 10441
 10442
 10446
 10446
 10446
 10448
 10448
 10448
 10448
 10448
 10450
 10454
 10455
 10458
 10464
 10466
 10466
 10467
 10467
 10470
 10472
 10474
 10474
 10475
 10477
 10477
 10480
 10481
 10481
 10482
 10484
 10487
 10495
 10495
 10496
 10497
 10498
 10498
 10504
 10506
 10508
 10512
 10512
 10513
 10515
 10516
 10518
 10521
 10522
 10523
 10528
 10533
 10538
 10540
 10541
 10541
 10542
 10544
 10546
 10546
 10546
 10547
 10547
 10548
 10548
 10549
 10550
 10552
 10553
 10554
 10555
 10557
 10558
 10562
 10562
 10563
 10563
 10563
 10563
 10563
 10565
 10567
 10569
 10570
 10572
 10574
 10574
 10574
 10575
 10576
 10576
 10577
 10580
 10581
 10586
 10590
 10592
 10595
 10596
 10596
 10598
 10599
 10602
 10602
 10603
 10606
 10606
 10608
 10611
 10612
 10612
 10614
 10618
 10619
 10620
 10621
 10622
 10622
 10622
 10623
 10624
 10625
 10626
 10628
 10628
 10631
 10632
 10633
 10635
 10636
 10637
 10638
 10640
 10640
 10641
 10642
 10642
 10647
 10651
 10655
 10656
 10657
 10659
 10666
 10669
 10673
 10676
 10679
 10680
 10680
 10685
 10686
 10688
 10690
 10691
 10692
 10695
 10696
 10696
 10696
 10697
 10697
 10698
 10700
 10703
 10703
 10704
 10705
 10708
 10708
 10709
 10709
 10709
 10712
 10712
 10714
 10715
 10717
 10717
 10718
 10718
 10719
 10720
 10724
 10726
 10728
 10728
 10734
 10734
 10735
 10737
 10738
 10739
 10744
 10746
 10748
 10750
 10750
 10752
 10753
 10755
 10755
 10756
 10759
 10759
 10760
 10760
 10761
 10764
 10769
 10770
 10771
 10772
 10772
 10776
 10777
 10778
 10780
 10780
 10782
 10782
 10784
 10793
 10794
 10795
 10797
 10797
 10801
 10802
 10803
 10805
 10811
 10811
 10813
 10814
 10819
 10820
 10821
 10822
 10822
 10822
 10824
 10828
 10830
 10831
 10832
 10833
 10834
 10836
 10839
 10843
 10843
 10845
 10847
 10849
 10850
 10852
 10852
 10854
 10855
 10856
 10858
 10858
 10862
 10863
 10863
 10863
 10864
 10868
 10869
 10869
 10871
 10872
 10873
 10880
 10880
 10881
 10881
 10882
 10882
 10884
 10884
 10891
 10892
 10892
 10894
 10895
 10896
 10897
 10898
 10899
 10899
 10900
 10902
 10904
 10908
 10908
 10910
 10912
 10913
 10915
 10916
 10917
 10918
 10920
 10923
 10924
 10925
 10926
 10928
 10932
 10937
 10938
 10940
 10940
 10941
 10942
 10942
 10944
 10946
 10948
 10949
 10951
 10951
 10951
 10952
 10953
 10954
 10955
 10955
 10956
 10956
 10957
 10960
 10961
 10963
 10964
 10968
 10969
 10969
 10973
 10975
 10975
 10976
 10976
 10979
 10983
 10983
 10983
 10984
 10986
 10988
 10991
 10995
 10996
 10998
 10998
 10999
 11002
 11005
 11005
 11006
 11009
 11011
 11014
 11015
 11017
 11019
 11019
 11021
 11023
 11026
 11028
 11029
 11029
 11030
 11031
 11036
 11037
 11040
 11040
 11041
 11042
 11042
 11043
 11044
 11044
 11044
 11046
 11046
 11047
 11047
 11047
 11048
 11049
 11051
 11051
 11051
 11055
 11056
 11057
 11058
 11059
 11072
 11072
 11073
 11075
 11076
 11076
 11079
 11079
 11080
 11081
 11083
 11084
 11084
 11084
 11086
 11086
 11088
 11088
 11090
 11091
 11092
 11094
 11096
 11098
 11101
 11107
 11108
 11109
 11111
 11120
 11121
 11122
 11122
 11123
 11124
 11125
 11127
 11132
 11134
 11136
 11137
 11138
 11138
 11141
 11145
 11145
 11148
 11149
 11149
 11150
 11150
 11151
 11154
 11157
 11158
 11159
 11163
 11167
 11169
 11171
 11172
 11174
 11174
 11178
 11180
 11182
 11182
 11183
 11183
 11186
 11187
 11187
 11188
 11190
 11191
 11195
 11196
 11196
 11197
 11197
 11201
 11204
 11204
 11204
 11206
 11210
 11211
 11212
 11215
 11215
 11216
 11216
 11217
 11219
 11220
 11221
 11221
 11224
 11224
 11226
 11227
 11228
 11229
 11231
 11232
 11233
 11233
 11233
 11235
 11238
 11240
 11241
 11243
 11247
 11249
 11251
 11252
 11253
 11255
 11257
 11259
 11261
 11262
 11265
 11266
 11272
 11272
 11272
 11273
 11274
 11276
 11276
 11277
 11278
 11279
 11281
 11283
 11285
 11290
 11291
 11291
 11292
 11292
 11293
 11293
 11293
 11298
 11299
 11301
 11305
 11305
 11307
 11310
 11310
 11310
 11312
 11316
 11318
 11320
 11321
 11323
 11324
 11325
 11326
 11327
 11328
 11328
 11330
 11332
 11335
 11338
 11348
 11355
 11356
 11360
 11362
 11363
 11364
 11365
 11365
 11366
 11369
 11370
 11370
 11371
 11372
 11375
 11376
 11376
 11376
 11377
 11378
 11381
 11381
 11381
 11385
 11386
 11386
 11386
 11387
 11388
 11388
 11392
 11392
 11393
 11394
 11395
 11398
 11400
 11400
 11402
 11402
 11403
 11406
 11408
 11410
 11415
 11423
 11424
 11425
 11428
 11431
 11433
 11434
 11434
 11439
 11440
 11440
 11442
 11444
 11448
 11449
 11450
 11450
 11451
 11451
 11452
 11452
 11456
 11457
 11460
 11463
 11465
 11468
 11472
 11472
 11472
 11473
 11474
 11475
 11476
 11476
 11480
 11480
 11480
 11485
 11487
 11489
 11490
 11491
 11496
 11496
 11498
 11498
 11499
 11501
 11502
 11503
 11505
 11505
 11507
 11509
 11511
 11512
 11516
 11516
 11518
 11522
 11522
 11524
 11524
 11525
 11525
 11526
 11527
 11529
 11530
 11532
 11533
 11536
 11538
 11538
 11541
 11541
 11541
 11545
 11551
 11552
 11557
 11557
 11558
 11560
 11561
 11561
 11565
 11566
 11569
 11571
 11573
 11575
 11577
 11578
 11579
 11581
 11581
 11582
 11582
 11584
 11587
 11588
 11589
 11589
 11593
 11594
 11595
 11598
 11598
 11598
 11598
 11599
 11599
 11606
 11606
 11607
 11609
 11610
 11611
 11611
 11612
 11612
 11612
 11613
 11613
 11613
 11613
 11615
 11617
 11624
 11626
 11626
 11628
 11628
 11631
 11634
 11635
 11635
 11636
 11636
 11636
 11639
 11639
 11643
 11644
 11645
 11648
 11648
 11650
 11651
 11654
 11656
 11657
 11661
 11662
 11662
 11664
 11667
 11667
 11670
 11671
 11676
 11678
 11678
 11680
 11682
 11683
 11685
 11689
 11689
 11690
 11694
 11694
 11694
 11702
 11703
 11703
 11707
 11710
 11711
 11712
 11712
 11715
 11717
 11718
 11720
 11721
 11721
 11721
 11722
 11723
 11724
 11724
 11727
 11728
 11730
 11730
 11730
 11731
 11735
 11739
 11740
 11740
 11747
 11749
 11749
 11750
 11750
 11753
 11755
 11755
 11755
 11756
 11759
 11759
 11760
 11760
 11762
 11766
 11767
 11767
 11769
 11770
 11772
 11775
 11775
 11776
 11777
 11780
 11781
 11782
 11783
 11783
 11787
 11789
 11791
 11793
 11794
 11796
 11796
 11800
 11803
 11803
 11808
 11809
 11811
 11813
 11816
 11817
 11818
 11819
 11821
 11822
 11822
 11823
 11824
 11825
 11826
 11827
 11829
 11830
 11830
 11831
 11831
 11831
 11832
 11839
 11841
 11841
 11842
 11846
 11846
 11848
 11849
 11850
 11851
 11852
 11854
 11854
 11857
 11858
 11859
 11859
 11859
 11860
 11860
 11864
 11864
 11865
 11867
 11869
 11869
 11871
 11871
 11874
 11875
 11876
 11880
 11880
 11880
 11881
 11882
 11882
 11884
 11886
 11888
 11889
 11892
 11893
 11894
 11895
 11895
 11897
 11898
 11899
 11900
 11904
 11906
 11906
 11909
 11912
 11915
 11917
 11918
 11919
 11920
 11920
 11922
 11923
 11923
 11924
 11928
 11929
 11931
 11932
 11939
 11940
 11943
 11944
 11947
 11947
 11949
 11951
 11953
 11953
 11954
 11958
 11958
 11958
 11959
 11959
 11960
 11960
 11961
 11962
 11964
 11964
 11965
 11969
 11970
 11970
 11971
 11972
 11974
 11975
 11978
 11982
 11984
 11985
 11988
 11992
 11993
 11993
 11997
 11998
 12004
 12005
 12006
 12014
 12015
 12016
 12020
 12021
 12026
 12029
 12030
 12033
 12033
 12033
 12034
 12035
 12035
 12035
 12037
 12039
 12042
 12043
 12046
 12048
 12049
 12052
 12065
 12067
 12067
 12075
 12076
 12077
 12079
 12083
 12084
 12090
 12092
 12092
 12096
 12097
 12099
 12099
 12104
 12105
 12110
 12111
 12114
 12115
 12116
 12119
 12121
 12123
 12123
 12126
 12126
 12129
 12130
 12131
 12132
 12132
 12132
 12136
 12137
 12138
 12138
 12139
 12140
 12142
 12144
 12145
 12145
 12148
 12150
 12151
 12152
 12155
 12160
 12160
 12170
 12171
 12175
 12175
 12179
 12181
 12182
 12188
 12198
 12201
 12201
 12203
 12204
 12204
 12205
 12207
 12208
 12212
 12212
 12213
 12214
 12214
 12214
 12214
 12215
 12218
 12221
 12224
 12228
 12231
 12233
 12233
 12234
 12235
 12236
 12237
 12241
 12242
 12243
 12248
 12249
 12252
 12253
 12256
 12257
 12258
 12259
 12262
 12263
 12264
 12265
 12265
 12269
 12270
 12274
 12274
 12276
 12277
 12279
 12283
 12284
 12287
 12290
 12293
 12294
 12294
 12296
 12300
 12301
 12303
 12305
 12305
 12306
 12308
 12310
 12311
 12314
 12315
 12315
 12316
 12316
 12316
 12316
 12320
 12320
 12321
 12322
 12323
 12327
 12332
 12333
 12333
 12335
 12342
 12343
 12344
 12344
 12347
 12352
 12354
 12357
 12361
 12362
 12363
 12370
 12370
 12373
 12375
 12376
 12377
 12382
 12383
 12386
 12391
 12397
 12397
 12397
 12397
 12398
 12399
 12400
 12401
 12402
 12408
 12408
 12410
 12413
 12413
 12414
 12416
 12416
 12418
 12419
 12419
 12421
 12422
 12422
 12422
 12425
 12427
 12428
 12428
 12428
 12430
 12433
 12433
 12436
 12437
 12442
 12442
 12443
 12445
 12446
 12448
 12449
 12449
 12454
 12454
 12455
 12459
 12462
 12464
 12465
 12465
 12466
 12466
 12466
 12467
 12467
 12470
 12476
 12476
 12477
 12484
 12486
 12487
 12488
 12490
 12491
 12496
 12501
 12503
 12505
 12507
 12513
 12514
 12514
 12518
 12525
 12526
 12529
 12529
 12530
 12530
 12530
 12531
 12532
 12534
 12536
 12536
 12537
 12538
 12540
 12540
 12543
 12544
 12544
 12546
 12549
 12549
 12551
 12552
 12553
 12554
 12555
 12557
 12558
 12560
 12564
 12566
 12567
 12570
 12570
 12571
 12572
 12573
 12579
 12583
 12585
 12586
 12590
 12591
 12591
 12591
 12594
 12594
 12597
 12601
 12604
 12606
 12606
 12609
 12610
 12612
 12615
 12616
 12616
 12616
 12617
 12622
 12626
 12627
 12628
 12630
 12630
 12636
 12638
 12638
 12639
 12640
 12640
 12643
 12644
 12644
 12647
 12647
 12654
 12657
 12658
 12663
 12665
 12669
 12670
 12670
 12673
 12673
 12673
 12676
 12676
 12681
 12682
 12689
 12689
 12691
 12692
 12693
 12693
 12693
 12700
 12700
 12702
 12703
 12707
 12710
 12713
 12715
 12719
 12724
 12724
 12726
 12726
 12728
 12730
 12731
 12731
 12731
 12732
 12734
 12740
 12741
 12741
 12745
 12747
 12757
 12758
 12759
 12761
 12762
 12763
 12765
 12766
 12767
 12768
 12768
 12768
 12771
 12777
 12779
 12782
 12783
 12783
 12783
 12784
 12785
 12788
 12788
 12788
 12789
 12789
 12790
 12790
 12791
 12792
 12792
 12794
 12795
 12799
 12799
 12802
 12804
 12806
 12806
 12808
 12808
 12809
 12809
 12809
 12812
 12814
 12817
 12821
 12821
 12822
 12823
 12826
 12828
 12830
 12831
 12831
 12832
 12835
 12837
 12838
 12841
 12841
 12842
 12843
 12845
 12848
 12849
 12853
 12854
 12856
 12858
 12862
 12862
 12867
 12867
 12871
 12872
 12874
 12875
 12877
 12877
 12879
 12880
 12882
 12884
 12884
 12885
 12888
 12889
 12889
 12893
 12896
 12896
 12897
 12902
 12902
 12902
 12904
 12904
 12909
 12909
 12909
 12911
 12912
 12913
 12913
 12916
 12918
 12918
 12920
 12922
 12925
 12925
 12925
 12926
 12927
 12928
 12928
 12929
 12931
 12931
 12934
 12935
 12935
 12935
 12936
 12937
 12939
 12940
 12941
 12941
 12943
 12943
 12945
 12945
 12948
 12948
 12949
 12952
 12952
 12953
 12955
 12955
 12957
 12964
 12964
 12965
 12965
 12966
 12969
 12975
 12975
 12976
 12978
 12979
 12980
 12984
 12985
 12985
 12987
 12989
 12990
 12990
 12990
 12996
 12996
 12997
 12997
 13001
 13002
 13005
 13008
 13014
 13014
 13019
 13020
 13021
 13022
 13023
 13024
 13027
 13029
 13031
 13032
 13035
 13037
 13039
 13042
 13043
 13043
 13043
 13044
 13045
 13051
 13055
 13056
 13056
 13057
 13058
 13059
 13059
 13063
 13064
 13065
 13065
 13065
 13065
 13066
 13069
 13069
 13071
 13071
 13072
 13072
 13073
 13074
 13075
 13076
 13078
 13079
 13081
 13081
 13082
 13082
 13084
 13089
 13089
 13089
 13093
 13097
 13102
 13105
 13108
 13108
 13111
 13112
 13112
 13112
 13115
 13116
 13119
 13119
 13121
 13124
 13125
 13128
 13130
 13133
 13133
 13134
 13135
 13135
 13136
 13136
 13138
 13140
 13140
 13140
 13143
 13144
 13144
 13146
 13147
 13148
 13150
 13152
 13152
 13154
 13155
 13155
 13160
 13161
 13163
 13165
 13166
 13167
 13170
 13170
 13170
 13170
 13171
 13179
 13180
 13181
 13181
 13182
 13183
 13183
 13187
 13188
 13189
 13194
 13194
 13195
 13196
 13197
 13198
 13198
 13200
 13204
 13205
 13205
 13206
 13208
 13208
 13208
 13209
 13209
 13210
 13213
 13215
 13216
 13218
 13219
 13221
 13223
 13223
 13224
 13228
 13228
 13229
 13229
 13231
 13232
 13232
 13233
 13237
 13240
 13242
 13244
 13247
 13247
 13248
 13251
 13253
 13254
 13255
 13256
 13259
 13261
 13262
 13264
 13265
 13267
 13268
 13268
 13269
 13272
 13274
 13275
 13275
 13279
 13279
 13280
 13281
 13282
 13282
 13283
 13286
 13289
 13293
 13298
 13299
 13301
 13301
 13304
 13309
 13310
 13311
 13312
 13316
 13318
 13320
 13321
 13322
 13323
 13323
 13323
 13324
 13327
 13327
 13328
 13329
 13331
 13339
 13340
 13346
 13349
 13351
 13354
 13364
 13366
 13366
 13370
 13371
 13376
 13379
 13381
 13381
 13384
 13385
 13386
 13389
 13390
 13390
 13392
 13393
 13397
 13397
 13401
 13401
 13401
 13406
 13408
 13410
 13410
 13419
 13419
 13420
 13422
 13426
 13427
 13429
 13431
 13434
 13434
 13435
 13435
 13438
 13441
 13441
 13448
 13452
 13452
 13454
 13455
 13455
 13457
 13459
 13459
 13460
 13461
 13463
 13464
 13464
 13465
 13466
 13468
 13469
 13470
 13471
 13475
 13475
 13478
 13481
 13482
 13484
 13489
 13490
 13491
 13495
 13496
 13497
 13498
 13501
 13501
 13502
 13503
 13503
 13504
 13504
 13506
 13509
 13514
 13517
 13518
 13520
 13522
 13522
 13523
 13528
 13528
 13529
 13537
 13539
 13549
 13550
 13551
 13552
 13552
 13557
 13559
 13561
 13567
 13568
 13570
 13573
 13575
 13576
 13577
 13580
 13580
 13581
 13582
 13583
 13584
 13585
 13585
 13587
 13589
 13589
 13589
 13591
 13593
 13593
 13594
 13595
 13595
 13597
 13597
 13598
 13598
 13599
 13601
 13601
 13602
 13603
 13606
 13607
 13607
 13608
 13609
 13610
 13610
 13613
 13614
 13614
 13615
 13615
 13616
 13617
 13618
 13621
 13621
 13621
 13623
 13630
 13635
 13636
 13637
 13637
 13637
 13638
 13638
 13641
 13643
 13648
 13651
 13652
 13652
 13653
 13654
 13655
 13659
 13661
 13662
 13662
 13664
 13664
 13665
 13667
 13668
 13670
 13670
 13673
 13676
 13676
 13678
 13679
 13681
 13684
 13690
 13690
 13692
 13695
 13695
 13697
 13697
 13698
 13700
 13703
 13703
 13704
 13704
 13708
 13708
 13710
 13713
 13715
 13715
 13715
 13719
 13719
 13721
 13722
 13724
 13724
 13725
 13733
 13735
 13738
 13739
 13741
 13741
 13742
 13742
 13743
 13746
 13747
 13753
 13756
 13756
 13758
 13759
 13762
 13762
 13763
 13763
 13767
 13768
 13771
 13777
 13779
 13779
 13780
 13780
 13781
 13783
 13784
 13788
 13789
 13791
 13794
 13796
 13797
 13801
 13803
 13804
 13804
 13804
 13805
 13808
 13811
 13812
 13814
 13817
 13817
 13820
 13821
 13822
 13823
 13824
 13825
 13829
 13831
 13831
 13832
 13833
 13837
 13837
 13839
 13839
 13843
 13846
 13847
 13847
 13851
 13854
 13854
 13859
 13860
 13860
 13867
 13870
 13870
 13874
 13875
 13875
 13879
 13880
 13882
 13882
 13883
 13885
 13885
 13887
 13889
 13889
 13890
 13890
 13891
 13892
 13900
 13901
 13905
 13906
 13909
 13910
 13910
 13914
 13914
 13914
 13915
 13915
 13916
 13917
 13920
 13922
 13922
 13925
 13926
 13927
 13927
 13929
 13931
 13934
 13936
 13937
 13941
 13941
 13942
 13944
 13945
 13949
 13953
 13955
 13956
 13956
 13957
 13957
 13958
 13958
 13958
 13959
 13960
 13960
 13963
 13966
 13968
 13970
 13974
 13975
 13980
 13981
 13981
 13982
 13983
 13988
 13990
 13991
 13991
 13998
 13999
 14000
 14003
 14005
 14008
 14010
 14010
 14010
 14011
 14013
 14014
 14015
 14017
 14022
 14025
 14029
 14030
 14031
 14032
 14032
 14034
 14034
 14034
 14037
 14043
 14046
 14051
 14056
 14057
 14060
 14063
 14064
 14065
 14068
 14069
 14069
 14071
 14071
 14075
 14076
 14077
 14080
 14082
 14083
 14088
 14090
 14091
 14094
 14096
 14096
 14099
 14102
 14102
 14105
 14108
 14110
 14113
 14115
 14123
 14123
 14129
 14132
 14133
 14133
 14134
 14134
 14135
 14136
 14137
 14137
 14140
 14141
 14141
 14143
 14143
 14144
 14145
 14145
 14146
 14148
 14149
 14149
 14155
 14155
 14161
 14162
 14162
 14166
 14167
 14168
 14168
 14169
 14170
 14172
 14174
 14176
 14177
 14181
 14183
 14183
 14184
 14186
 14188
 14189
 14190
 14190
 14192
 14198
 14199
 14204
 14205
 14205
 14205
 14206
 14216
 14218
 14219
 14221
 14221
 14224
 14226
 14228
 14230
 14231
 14233
 14233
 14238
 14239
 14240
 14244
 14244
 14245
 14248
 14252
 14253
 14253
 14255
 14255
 14256
 14259
 14261
 14263
 14267
 14268
 14268
 14269
 14269
 14271
 14272
 14272
 14274
 14276
 14279
 14279
 14280
 14281
 14282
 14282
 14285
 14287
 14288
 14290
 14297
 14299
 14299
 14300
 14301
 14302
 14303
 14305
 14305
 14306
 14307
 14309
 14311
 14312
 14315
 14316
 14321
 14322
 14323
 14325
 14331
 14332
 14336
 14337
 14338
 14338
 14342
 14344
 14351
 14353
 14353
 14356
 14358
 14358
 14361
 14361
 14362
 14362
 14364
 14364
 14364
 14367
 14368
 14370
 14372
 14372
 14373
 14377
 14378
 14380
 14381
 14381
 14381
 14386
 14388
 14389
 14392
 14394
 14396
 14397
 14400
 14401
 14401
 14403
 14405
 14408
 14410
 14411
 14411
 14413
 14416
 14417
 14418
 14422
 14429
 14429
 14429
 14432
 14434
 14434
 14434
 14435
 14436
 14436
 14437
 14441
 14443
 14444
 14446
 14447
 14450
 14455
 14463
 14463
 14464
 14464
 14465
 14472
 14473
 14474
 14474
 14475
 14476
 14477
 14478
 14482
 14484
 14485
 14486
 14488
 14488
 14489
 14490
 14491
 14491
 14493
 14494
 14500
 14501
 14501
 14504
 14505
 14506
 14507
 14509
 14510
 14511
 14512
 14514
 14514
 14514
 14515
 14522
 14523
 14524
 14533
 14533
 14535
 14536
 14536
 14536
 14539
 14542
 14542
 14545
 14547
 14549
 14549
 14551
 14553
 14554
 14554
 14554
 14557
 14559
 14560
 14560
 14563
 14565
 14566
 14567
 14567
 14567
 14567
 14570
 14571
 14574
 14575
 14576
 14578
 14578
 14579
 14580
 14582
 14586
 14586
 14588
 14588
 14590
 14590
 14591
 14592
 14594
 14595
 14595
 14595
 14597
 14598
 14598
 14604
 14606
 14606
 14606
 14608
 14608
 14609
 14615
 14615
 14616
 14616
 14617
 14618
 14628
 14629
 14632
 14639
 14639
 14644
 14645
 14645
 14646
 14646
 14647
 14647
 14648
 14649
 14650
 14653
 14655
 14658
 14658
 14658
 14665
 14667
 14667
 14667
 14669
 14676
 14676
 14678
 14679
 14683
 14684
 14685
 14690
 14692
 14693
 14696
 14698
 14699
 14700
 14702
 14706
 14707
 14709
 14710
 14714
 14716
 14719
 14720
 14721
 14721
 14724
 14725
 14725
 14726
 14726
 14726
 14728
 14731
 14735
 14738
 14740
 14741
 14743
 14746
 14747
 14749
 14752
 14754
 14754
 14754
 14754
 14754
 14758
 14758
 14759
 14762
 14762
 14763
 14764
 14765
 14766
 14772
 14772
 14772
 14774
 14774
 14775
 14777
 14777
 14778
 14780
 14780
 14782
 14786
 14788
 14793
 14796
 14799
 14800
 14800
 14803
 14803
 14808
 14809
 14810
 14811
 14812
 14814
 14815
 14816
 14822
 14822
 14822
 14822
 14825
 14831
 14835
 14836
 14839
 14840
 14840
 14841
 14841
 14842
 14842
 14844
 14845
 14845
 14850
 14850
 14851
 14852
 14853
 14854
 14855
 14857
 14858
 14859
 14863
 14869
 14869
 14869
 14873
 14876
 14876
 14877
 14879
 14886
 14886
 14887
 14889
 14891
 14892
 14893
 14894
 14897
 14898
 14903
 14911
 14912
 14912
 14914
 14915
 14916
 14917
 14917
 14917
 14920
 14921
 14922
 14924
 14924
 14924
 14927
 14927
 14928
 14929
 14932
 14932
 14933
 14937
 14943
 14949
 14950
 14951
 14955
 14955
 14957
 14957
 14959
 14964
 14965
 14968
 14968
 14969
 14969
 14977
 14979
 14979
 14983
 14985
 14987
 14988
 14990
 14991
 14992
 14993
 14993
 14993
 14995
 14996
 14996
 14998
 15009
 15013
 15014
 15015
 15016
 15016
 15016
 15017
 15019
 15022
 15025
 15026
 15026
 15027
 15027
 15027
 15028
 15028
 15029
 15032
 15033
 15034
 15036
 15036
 15037
 15038
 15038
 15038
 15039
 15040
 15040
 15041
 15045
 15048
 15051
 15052
 15056
 15056
 15059
 15060
 15067
 15068
 15073
 15073
 15074
 15075
 15076
 15077
 15077
 15078
 15081
 15083
 15088
 15090
 15091
 15096
 15097
 15097
 15098
 15105
 15106
 15106
 15112
 15114
 15120
 15121
 15124
 15125
 15127
 15132
 15137
 15139
 15144
 15146
 15147
 15147
 15148
 15154
 15155
 15165
 15165
 15167
 15169
 15173
 15174
 15174
 15177
 15177
 15180
 15180
 15181
 15182
 15186
 15190
 15197
 15199
 15201
 15201
 15202
 15203
 15204
 15205
 15205
 15207
 15209
 15217
 15219
 15220
 15220
 15220
 15222
 15223
 15227
 15229
 15236
 15236
 15237
 15237
 15237
 15241
 15242
 15245
 15246
 15248
 15253
 15253
 15254
 15255
 15259
 15263
 15266
 15267
 15270
 15271
 15273
 15275
 15276
 15282
 15284
 15289
 15289
 15289
 15291
 15298
 15300
 15303
 15303
 15304
 15308
 15308
 15310
 15310
 15313
 15314
 15319
 15326
 15328
 15329
 15330
 15331
 15331
 15340
 15341
 15343
 15343
 15344
 15346
 15347
 15350
 15352
 15354
 15355
 15355
 15355
 15355
 15357
 15359
 15362
 15362
 15368
 15369
 15372
 15372
 15373
 15375
 15376
 15381
 15382
 15382
 15384
 15385
 15385
 15386
 15391
 15396
 15396
 15398
 15398
 15405
 15410
 15411
 15412
 15412
 15416
 15417
 15419
 15420
 15421
 15421
 15423
 15423
 15431
 15438
 15439
 15441
 15441
 15442
 15447
 15448
 15450
 15452
 15453
 15455
 15457
 15457
 15459
 15459
 15466
 15469
 15470
 15471
 15472
 15474
 15475
 15476
 15477
 15478
 15479
 15482
 15484
 15485
 15488
 15493
 15493
 15494
 15497
 15500
 15501
 15509
 15510
 15511
 15511
 15515
 15515
 15518
 15519
 15520
 15525
 15530
 15532
 15534
 15535
 15538
 15540
 15543
 15545
 15546
 15546
 15550
 15550
 15551
 15552
 15555
 15555
 15557
 15559
 15559
 15561
 15561
 15562
 15565
 15565
 15565
 15568
 15569
 15570
 15570
 15572
 15575
 15576
 15578
 15580
 15588
 15594
 15594
 15595
 15597
 15599
 15609
 15610
 15610
 15614
 15618
 15618
 15620
 15623
 15625
 15630
 15630
 15631
 15633
 15636
 15637
 15637
 15637
 15638
 15639
 15641
 15644
 15644
 15645
 15645
 15647
 15650
 15654
 15658
 15658
 15664
 15666
 15667
 15667
 15668
 15669
 15671
 15676
 15677
 15679
 15679
 15680
 15683
 15687
 15688
 15688
 15692
 15692
 15693
 15697
 15699
 15700
 15700
 15700
 15701
 15701
 15701
 15702
 15702
 15702
 15703
 15705
 15705
 15712
 15716
 15720
 15722
 15725
 15726
 15730
 15731
 15740
 15740
 15742
 15743
 15744
 15745
 15745
 15746
 15749
 15750
 15751
 15752
 15753
 15756
 15757
 15758
 15759
 15760
 15761
 15764
 15767
 15769
 15772
 15772
 15774
 15775
 15781
 15781
 15784
 15787
 15792
 15795
 15795
 15796
 15798
 15802
 15802
 15804
 15808
 15808
 15808
 15810
 15811
 15812
 15815
 15820
 15820
 15821
 15823
 15824
 15827
 15827
 15828
 15828
 15831
 15831
 15834
 15835
 15836
 15841
 15843
 15846
 15850
 15851
 15853
 15858
 15858
 15866
 15871
 15880
 15880
 15880
 15882
 15883
 15884
 15886
 15887
 15891
 15891
 15894
 15895
 15896
 15896
 15899
 15904
 15906
 15911
 15917
 15919
 15920
 15927
 15928
 15928
 15929
 15931
 15932
 15937
 15938
 15938
 15944
 15947
 15948
 15950
 15952
 15954
 15957
 15959
 15961
 15962
 15965
 15965
 15966
 15967
 15968
 15969
 15969
 15970
 15977
 15983
 15984
 15984
 15985
 15985
 15985
 15986
 15988
 15989
 15990
 15996
 15996
 15997
 15998
 15999
 16000
 16001
 16002
 16002
 16003
 16004
 16004
 16004
 16012
 16018
 16018
 16020
 16022
 16023
 16023
 16024
 16026
 16027
 16028
 16032
 16034
 16036
 16037
 16037
 16038
 16039
 16040
 16042
 16043
 16044
 16044
 16044
 16046
 16048
 16052
 16058
 16061
 16064
 16065
 16067
 16068
 16068
 16068
 16070
 16071
 16073
 16076
 16078
 16078
 16081
 16083
 16086
 16086
 16087
 16088
 16089
 16089
 16090
 16094
 16096
 16099
 16100
 16103
 16106
 16116
 16117
 16118
 16118
 16123
 16125
 16125
 16127
 16133
 16135
 16138
 16142
 16143
 16144
 16151
 16152
 16156
 16159
 16163
 16163
 16166
 16166
 16174
 16174
 16175
 16179
 16180
 16182
 16184
 16189
 16191
 16193
 16195
 16196
 16198
 16198
 16201
 16201
 16202
 16205
 16206
 16206
 16207
 16211
 16216
 16219
 16220
 16223
 16227
 16227
 16227
 16232
 16232
 16238
 16239
 16242
 16245
 16250
 16250
 16252
 16253
 16254
 16254
 16255
 16255
 16256
 16260
 16263
 16263
 16265
 16269
 16269
 16270
 16276
 16277
 16284
 16289
 16291
 16293
 16294
 16295
 16296
 16299
 16300
 16305
 16307
 16307
 16309
 16310
 16312
 16312
 16315
 16315
 16315
 16318
 16321
 16321
 16322
 16323
 16324
 16329
 16330
 16330
 16333
 16333
 16343
 16344
 16346
 16350
 16354
 16357
 16358
 16360
 16361
 16361
 16362
 16363
 16364
 16365
 16366
 16368
 16370
 16371
 16374
 16380
 16380
 16386
 16387
 16392
 16394
 16397
 16402
 16407
 16411
 16411
 16412
 16416
 16418
 16418
 16419
 16422
 16425
 16427
 16428
 16430
 16431
 16433
 16434
 16440
 16443
 16444
 16445
 16447
 16449
 16452
 16452
 16454
 16459
 16463
 16463
 16465
 16466
 16468
 16468
 16469
 16469
 16470
 16470
 16470
 16472
 16476
 16480
 16481
 16488
 16491
 16492
 16492
 16499
 16514
 16515
 16516
 16519
 16523
 16527
 16528
 16541
 16542
 16542
 16543
 16543
 16549
 16550
 16553
 16553
 16559
 16559
 16561
 16562
 16571
 16573
 16575
 16577
 16579
 16581
 16582
 16587
 16588
 16593
 16598
 16601
 16601
 16603
 16609
 16609
 16610
 16612
 16613
 16614
 16618
 16618
 16621
 16622
 16623
 16623
 16624
 16625
 16625
 16626
 16626
 16627
 16629
 16630
 16630
 16631
 16633
 16634
 16636
 16639
 16640
 16644
 16644
 16644
 16647
 16652
 16652
 16656
 16657
 16658
 16662
 16663
 16664
 16665
 16666
 16666
 16668
 16669
 16670
 16674
 16676
 16677
 16679
 16682
 16683
 16684
 16686
 16690
 16691
 16695
 16695
 16698
 16701
 16703
 16704
 16704
 16712
 16713
 16715
 16718
 16719
 16720
 16722
 16726
 16733
 16734
 16734
 16734
 16735
 16735
 16736
 16742
 16743
 16743
 16747
 16750
 16752
 16753
 16756
 16758
 16760
 16760
 16761
 16763
 16767
 16772
 16774
 16777
 16784
 16785
 16787
 16788
 16790
 16791
 16793
 16795
 16796
 16798
 16800
 16800
 16800
 16801
 16802
 16803
 16803
 16811
 16814
 16818
 16820
 16830
 16830
 16831
 16832
 16833
 16842
 16843
 16847
 16848
 16851
 16856
 16859
 16860
 16860
 16864
 16865
 16867
 16867
 16868
 16868
 16873
 16877
 16878
 16884
 16885
 16888
 16890
 16891
 16892
 16897
 16900
 16905
 16905
 16905
 16911
 16913
 16914
 16916
 16916
 16917
 16920
 16921
 16922
 16925
 16926
 16929
 16930
 16933
 16937
 16939
 16943
 16945
 16945
 16946
 16947
 16948
 16949
 16949
 16950
 16954
 16955
 16957
 16957
 16958
 16959
 16960
 16963
 16963
 16964
 16965
 16966
 16966
 16967
 16968
 16970
 16970
 16970
 16972
 16972
 16973
 16976
 16980
 16984
 16988
 16993
 16998
 17002
 17003
 17009
 17010
 17013
 17015
 17015
 17016
 17017
 17017
 17020
 17022
 17023
 17028
 17029
 17031
 17031
 17035
 17036
 17036
 17040
 17040
 17041
 17044
 17045
 17046
 17047
 17047
 17048
 17049
 17054
 17058
 17059
 17062
 17062
 17063
 17064
 17065
 17067
 17068
 17073
 17074
 17076
 17080
 17082
 17083
 17083
 17084
 17087
 17093
 17097
 17097
 17099
 17100
 17102
 17103
 17106
 17107
 17109
 17110
 17112
 17113
 17114
 17114
 17116
 17117
 17117
 17118
 17119
 17120
 17121
 17123
 17125
 17127
 17132
 17136
 17145
 17153
 17154
 17156
 17162
 17162
 17165
 17169
 17171
 17172
 17177
 17178
 17181
 17188
 17188
 17191
 17191
 17192
 17195
 17195
 17196
 17198
 17208
 17209
 17210
 17212
 17212
 17215
 17220
 17220
 17222
 17225
 17225
 17227
 17227
 17228
 17229
 17229
 17233
 17236
 17241
 17242
 17244
 17246
 17250
 17257
 17258
 17260
 17264
 17266
 17270
 17272
 17273
 17275
 17281
 17283
 17283
 17283
 17286
 17293
 17295
 17296
 17297
 17300
 17311
 17311
 17312
 17312
 17315
 17315
 17316
 17318
 17319
 17320
 17320
 17321
 17321
 17325
 17328
 17328
 17329
 17330
 17332
 17332
 17335
 17336
 17336
 17338
 17340
 17344
 17344
 17348
 17353
 17355
 17356
 17358
 17359
 17359
 17363
 17365
 17366
 17373
 17375
 17376
 17377
 17378
 17383
 17385
 17387
 17388
 17388
 17390
 17392
 17394
 17397
 17402
 17403
 17410
 17414
 17417
 17419
 17419
 17420
 17421
 17422
 17423
 17426
 17430
 17431
 17432
 17432
 17434
 17438
 17439
 17445
 17446
 17447
 17447
 17449
 17449
 17454
 17455
 17457
 17464
 17466
 17468
 17474
 17481
 17481
 17490
 17491
 17492
 17493
 17496
 17496
 17502
 17502
 17503
 17507
 17509
 17520
 17520
 17524
 17524
 17525
 17525
 17531
 17535
 17542
 17544
 17548
 17548
 17549
 17552
 17554
 17554
 17561
 17562
 17563
 17565
 17566
 17566
 17568
 17570
 17572
 17572
 17573
 17574
 17576
 17576
 17577
 17577
 17580
 17581
 17582
 17584
 17597
 17602
 17604
 17604
 17606
 17610
 17611
 17616
 17620
 17621
 17623
 17629
 17633
 17634
 17639
 17639
 17642
 17645
 17646
 17649
 17649
 17652
 17652
 17653
 17661
 17669
 17672
 17674
 17676
 17677
 17679
 17683
 17684
 17687
 17688
 17690
 17690
 17691
 17691
 17694
 17695
 17695
 17701
 17702
 17705
 17709
 17712
 17712
 17712
 17714
 17718
 17721
 17722
 17725
 17726
 17727
 17728
 17728
 17729
 17730
 17730
 17733
 17733
 17738
 17744
 17744
 17747
 17752
 17753
 17754
 17757
 17758
 17766
 17766
 17768
 17771
 17777
 17778
 17779
 17781
 17783
 17784
 17785
 17788
 17794
 17796
 17797
 17800
 17801
 17802
 17802
 17804
 17806
 17807
 17812
 17815
 17818
 17818
 17828
 17828
 17829
 17829
 17830
 17830
 17830
 17832
 17833
 17834
 17842
 17850
 17857
 17857
 17860
 17863
 17863
 17867
 17868
 17870
 17871
 17876
 17879
 17882
 17883
 17884
 17887
 17887
 17887
 17887
 17890
 17891
 17891
 17894
 17895
 17895
 17897
 17897
 17900
 17904
 17913
 17913
 17915
 17916
 17922
 17923
 17926
 17927
 17929
 17929
 17933
 17936
 17945
 17947
 17949
 17960
 17960
 17961
 17961
 17963
 17969
 17970
 17971
 17976
 17981
 17983
 17986
 17986
 17988
 17988
 17991
 17991
 17992
 17992
 17992
 17999
 18009
 18011
 18011
 18018
 18020
 18021
 18021
 18028
 18033
 18034
 18040
 18046
 18046
 18049
 18049
 18050
 18050
 18053
 18055
 18055
 18058
 18058
 18062
 18062
 18063
 18065
 18069
 18073
 18075
 18076
 18077
 18079
 18079
 18080
 18082
 18083
 18086
 18087
 18088
 18088
 18089
 18095
 18097
 18097
 18098
 18099
 18100
 18106
 18107
 18108
 18110
 18111
 18115
 18118
 18119
 18120
 18120
 18123
 18126
 18127
 18128
 18128
 18130
 18133
 18133
 18134
 18139
 18141
 18143
 18146
 18147
 18147
 18152
 18160
 18161
 18161
 18163
 18169
 18173
 18174
 18178
 18180
 18181
 18182
 18184
 18185
 18185
 18185
 18190
 18192
 18192
 18198
 18199
 18204
 18207
 18207
 18209
 18209
 18211
 18216
 18218
 18220
 18220
 18220
 18221
 18223
 18226
 18229
 18231
 18231
 18233
 18234
 18235
 18238
 18238
 18239
 18240
 18242
 18246
 18247
 18248
 18251
 18251
 18252
 18253
 18256
 18256
 18256
 18260
 18263
 18271
 18271
 18272
 18274
 18276
 18278
 18279
 18280
 18281
 18281
 18282
 18284
 18287
 18287
 18288
 18289
 18294
 18296
 18298
 18299
 18299
 18301
 18303
 18313
 18316
 18317
 18319
 18321
 18323
 18334
 18337
 18339
 18340
 18345
 18345
 18346
 18346
 18350
 18353
 18356
 18359
 18370
 18371
 18374
 18375
 18375
 18380
 18380
 18383
 18384
 18385
 18387
 18387
 18395
 18395
 18396
 18396
 18397
 18399
 18400
 18402
 18402
 18405
 18408
 18409
 18410
 18410
 18411
 18413
 18415
 18416
 18422
 18427
 18430
 18430
 18434
 18436
 18438
 18447
 18448
 18450
 18453
 18455
 18460
 18461
 18464
 18470
 18470
 18471
 18471
 18471
 18472
 18474
 18474
 18474
 18481
 18481
 18482
 18484
 18489
 18490
 18492
 18495
 18496
 18504
 18504
 18505
 18508
 18508
 18514
 18518
 18520
 18521
 18526
 18527
 18528
 18531
 18531
 18531
 18534
 18536
 18537
 18538
 18541
 18542
 18544
 18549
 18552
 18554
 18556
 18558
 18559
 18560
 18563
 18567
 18567
 18572
 18574
 18576
 18579
 18579
 18583
 18591
 18591
 18602
 18603
 18604
 18612
 18614
 18618
 18621
 18622
 18625
 18627
 18629
 18635
 18639
 18641
 18642
 18643
 18645
 18645
 18646
 18648
 18648
 18651
 18655
 18658
 18659
 18662
 18663
 18664
 18669
 18671
 18672
 18680
 18680
 18680
 18682
 18683
 18687
 18687
 18687
 18689
 18692
 18696
 18696
 18698
 18699
 18703
 18704
 18705
 18708
 18709
 18710
 18712
 18717
 18718
 18721
 18722
 18736
 18737
 18737
 18739
 18740
 18744
 18745
 18746
 18747
 18749
 18750
 18753
 18758
 18758
 18760
 18760
 18761
 18764
 18768
 18770
 18772
 18773
 18781
 18784
 18786
 18787
 18788
 18788
 18790
 18791
 18791
 18792
 18792
 18799
 18806
 18811
 18813
 18816
 18817
 18818
 18820
 18821
 18823
 18827
 18838
 18843
 18844
 18845
 18849
 18852
 18852
 18853
 18853
 18854
 18855
 18855
 18856
 18860
 18860
 18864
 18867
 18871
 18873
 18873
 18874
 18875
 18877
 18877
 18879
 18882
 18882
 18886
 18891
 18891
 18895
 18905
 18906
 18906
 18907
 18909
 18909
 18914
 18917
 18920
 18921
 18923
 18925
 18926
 18929
 18930
 18932
 18938
 18940
 18945
 18947
 18948
 18949
 18951
 18951
 18956
 18959
 18963
 18963
 18968
 18969
 18975
 18975
 18976
 18976
 18981
 18982
 18988
 18995
 19001
 19002
 19003
 19004
 19007
 19010
 19017
 19019
 19022
 19024
 19025
 19031
 19033
 19033
 19034
 19034
 19035
 19035
 19037
 19044
 19048
 19049
 19052
 19053
 19053
 19053
 19053
 19059
 19060
 19061
 19066
 19067
 19071
 19074
 19075
 19078
 19078
 19079
 19091
 19093
 19094
 19094
 19101
 19101
 19105
 19106
 19107
 19116
 19117
 19118
 19118
 19119
 19119
 19120
 19121
 19123
 19123
 19124
 19125
 19129
 19132
 19136
 19136
 19138
 19139
 19141
 19142
 19143
 19144
 19144
 19145
 19147
 19148
 19154
 19156
 19157
 19157
 19163
 19163
 19164
 19165
 19172
 19174
 19174
 19180
 19180
 19181
 19184
 19188
 19191
 19193
 19195
 19197
 19199
 19199
 19202
 19203
 19203
 19206
 19206
 19208
 19208
 19208
 19211
 19212
 19213
 19224
 19226
 19229
 19230
 19231
 19232
 19233
 19234
 19234
 19237
 19241
 19242
 19242
 19243
 19244
 19249
 19250
 19250
 19251
 19251
 19253
 19256
 19257
 19259
 19264
 19267
 19269
 19271
 19274
 19278
 19279
 19279
 19280
 19284
 19288
 19288
 19290
 19291
 19293
 19294
 19301
 19303
 19303
 19304
 19306
 19306
 19308
 19308
 19310
 19311
 19313
 19314
 19315
 19318
 19330
 19335
 19336
 19336
 19337
 19337
 19337
 19339
 19342
 19345
 19346
 19350
 19351
 19352
 19352
 19357
 19358
 19360
 19364
 19365
 19370
 19371
 19371
 19373
 19377
 19380
 19381
 19382
 19384
 19387
 19389
 19391
 19397
 19401
 19403
 19404
 19405
 19405
 19406
 19406
 19407
 19410
 19413
 19415
 19416
 19417
 19419
 19420
 19422
 19425
 19429
 19434
 19436
 19438
 19441
 19441
 19446
 19455
 19456
 19460
 19464
 19464
 19471
 19472
 19475
 19477
 19483
 19488
 19489
 19493
 19496
 19499
 19500
 19501
 19502
 19502
 19502
 19505
 19506
 19508
 19509
 19511
 19512
 19513
 19514
 19516
 19516
 19517
 19518
 19518
 19519
 19522
 19522
 19523
 19525
 19527
 19534
 19535
 19536
 19539
 19544
 19544
 19546
 19548
 19551
 19552
 19556
 19561
 19573
 19580
 19584
 19590
 19593
 19593
 19595
 19595
 19596
 19597
 19607
 19607
 19609
 19610
 19611
 19614
 19614
 19615
 19629
 19632
 19632
 19637
 19638
 19639
 19640
 19641
 19642
 19648
 19648
 19651
 19655
 19660
 19660
 19667
 19667
 19667
 19676
 19676
 19679
 19681
 19682
 19689
 19690
 19693
 19698
 19699
 19700
 19701
 19704
 19705
 19706
 19710
 19714
 19714
 19716
 19718
 19722
 19723
 19725
 19726
 19726
 19736
 19740
 19747
 19748
 19748
 19756
 19757
 19759
 19760
 19764
 19767
 19767
 19769
 19773
 19778
 19780
 19782
 19782
 19784
 19787
 19788
 19790
 19791
 19793
 19795
 19800
 19801
 19806
 19808
 19812
 19813
 19816
 19817
 19820
 19825
 19833
 19837
 19838
 19840
 19841
 19842
 19846
 19848
 19850
 19852
 19855
 19856
 19856
 19858
 19860
 19861
 19863
 19863
 19864
 19864
 19865
 19866
 19869
 19878
 19878
 19885
 19885
 19894
 19894
 19895
 19900
 19904
 19905
 19908
 19914
 19916
 19918
 19918
 19918
 19919
 19921
 19922
 19922
 19922
 19922
 19923
 19925
 19928
 19928
 19931
 19940
 19940
 19945
 19954
 19954
 19954
 19956
 19957
 19961
 19961
 19961
 19962
 19964
 19971
 19971
 19977
 19980
 19980
 19981
 19984
 19986
 19987
 19988
 19988
 19988
 19989
 19992
 19996
 19997
 19998
 19998
 20000
 20005
 20008
 20010
 20013
 20014
 20017
 20020
 20025
 20027
 20031
 20031
 20032
 20033
 20036
 20039
 20046
 20047
 20048
 20049
 20053
 20056
 20057
 20060
 20060
 20065
 20065
 20066
 20070
 20071
 20074
 20075
 20083
 20083
 20085
 20086
 20090
 20096
 20096
 20097
 20097
 20099
 20105
 20108
 20109
 20116
 20123
 20124
 20124
 20128
 20129
 20130
 20132
 20135
 20137
 20137
 20146
 20147
 20147
 20159
 20159
 20160
 20166
 20168
 20172
 20174
 20180
 20180
 20182
 20184
 20184
 20198
 20199
 20204
 20204
 20209
 20210
 20214
 20214
 20215
 20217
 20221
 20222
 20222
 20224
 20224
 20226
 20231
 20239
 20243
 20249
 20256
 20264
 20265
 20271
 20272
 20277
 20277
 20279
 20283
 20284
 20287
 20290
 20293
 20295
 20296
 20296
 20302
 20305
 20306
 20312
 20320
 20321
 20323
 20323
 20326
 20326
 20326
 20328
 20330
 20330
 20334
 20334
 20339
 20346
 20347
 20349
 20349
 20350
 20350
 20351
 20351
 20356
 20359
 20363
 20365
 20368
 20370
 20371
 20372
 20374
 20375
 20377
 20378
 20384
 20387
 20401
 20407
 20414
 20415
 20422
 20424
 20428
 20431
 20432
 20432
 20453
 20455
 20456
 20458
 20460
 20460
 20467
 20467
 20471
 20473
 20474
 20475
 20476
 20482
 20485
 20487
 20490
 20493
 20494
 20498
 20504
 20508
 20511
 20512
 20521
 20522
 20522
 20525
 20526
 20526
 20529
 20530
 20538
 20541
 20542
 20546
 20547
 20552
 20554
 20563
 20568
 20579
 20580
 20583
 20584
 20585
 20585
 20586
 20587
 20587
 20589
 20592
 20593
 20595
 20600
 20602
 20608
 20613
 20617
 20622
 20624
 20625
 20628
 20628
 20632
 20636
 20640
 20641
 20642
 20645
 20650
 20653
 20656
 20658
 20658
 20660
 20667
 20667
 20674
 20674
 20675
 20676
 20677
 20677
 20687
 20697
 20698
 20702
 20706
 20715
 20719
 20720
 20721
 20721
 20722
 20725
 20727
 20730
 20731
 20732
 20735
 20744
 20748
 20749
 20752
 20752
 20753
 20758
 20762
 20764
 20766
 20769
 20770
 20776
 20783
 20788
 20789
 20789
 20793
 20797
 20805
 20810
 20811
 20812
 20816
 20825
 20828
 20828
 20829
 20837
 20848
 20850
 20850
 20852
 20853
 20854
 20858
 20861
 20863
 20873
 20874
 20876
 20879
 20879
 20882
 20883
 20885
 20890
 20898
 20898
 20899
 20899
 20902
 20902
 20908
 20909
 20909
 20912
 20912
 20915
 20917
 20918
 20921
 20923
 20925
 20926
 20926
 20933
 20940
 20950
 20955
 20956
 20967
 20981
 20983
 20988
 20988
 20991
 20992
 20996
 20998
 21004
 21006
 21015
 21023
 21026
 21028
 21032
 21033
 21037
 21038
 21039
 21043
 21043
 21043
 21045
 21046
 21054
 21055
 21056
 21058
 21059
 21059
 21061
 21061
 21065
 21066
 21068
 21068
 21068
 21070
 21072
 21078
 21079
 21079
 21080
 21084
 21087
 21087
 21088
 21089
 21092
 21093
 21099
 21104
 21107
 21109
 21112
 21116
 21117
 21117
 21122
 21128
 21128
 21131
 21137
 21137
 21138
 21144
 21152
 21156
 21164
 21166
 21166
 21175
 21181
 21182
 21189
 21196
 21197
 21198
 21203
 21204
 21204
 21205
 21209
 21215
 21219
 21219
 21226
 21227
 21228
 21231
 21239
 21246
 21264
 21267
 21268
 21270
 21271
 21281
 21287
 21295
 21299
 21300
 21300
 21305
 21312
 21315
 21318
 21320
 21324
 21327
 21329
 21340
 21342
 21343
 21348
 21349
 21350
 21361
 21363
 21373
 21374
 21380
 21386
 21390
 21393
 21395
 21400
 21401
 21404
 21405
 21405
 21408
 21411
 21412
 21413
 21415
 21422
 21429
 21431
 21436
 21441
 21447
 21450
 21451
 21452
 21452
 21454
 21455
 21458
 21460
 21465
 21467
 21477
 21477
 21486
 21488
 21489
 21489
 21490
 21491
 21493
 21495
 21495
 21497
 21507
 21508
 21510
 21512
 21518
 21526
 21530
 21533
 21536
 21542
 21547
 21552
 21552
 21553
 21559
 21570
 21570
 21574
 21576
 21578
 21581
 21583
 21585
 21593
 21602
 21603
 21603
 21619
 21619
 21620
 21622
 21624
 21625
 21627
 21630
 21633
 21635
 21640
 21647
 21648
 21648
 21655
 21660
 21660
 21666
 21668
 21672
 21673
 21675
 21676
 21680
 21681
 21689
 21690
 21690
 21695
 21700
 21703
 21708
 21727
 21730
 21732
 21738
 21743
 21744
 21745
 21747
 21754
 21756
 21756
 21758
 21763
 21770
 21771
 21774
 21785
 21787
 21789
 21790
 21795
 21799
 21799
 21799
 21800
 21805
 21808
 21809
 21813
 21821
 21829
 21835
 21843
 21845
 21852
 21855
 21858
 21865
 21866
 21867
 21868
 21872
 21875
 21875
 21879
 21886
 21889
 21896
 21897
 21898
 21905
 21905
 21909
 21910
 21925
 21925
 21936
 21938
 21940
 21941
 21947
 21954
 21968
 21970
 21981
 21983
 21987
 21988
 21992
 21994
 21997
 21997
 22001
 22001
 22002
 22006
 22007
 22010
 22010
 22012
 22017
 22021
 22026
 22026
 22027
 22027
 22042
 22044
 22044
 22060
 22061
 22072
 22074
 22076
 22079
 22080
 22085
 22092
 22093
 22093
 22094
 22097
 22098
 22110
 22115
 22121
 22122
 22124
 22124
 22128
 22130
 22132
 22134
 22140
 22147
 22152
 22156
 22157
 22157
 22158
 22163
 22165
 22169
 22172
 22177
 22178
 22188
 22189
 22189
 22192
 22194
 22198
 22200
 22204
 22207
 22209
 22212
 22212
 22220
 22227
 22231
 22233
 22233
 22239
 22240
 22244
 22246
 22260
 22262
 22263
 22268
 22273
 22279
 22282
 22284
 22286
 22290
 22300
 22307
 22311
 22311
 22311
 22318
 22319
 22328
 22328
 22338
 22343
 22343
 22347
 22349
 22353
 22356
 22358
 22360
 22365
 22365
 22381
 22386
 22387
 22389
 22394
 22399
 22404
 22406
 22407
 22413
 22414
 22416
 22419
 22425
 22426
 22429
 22430
 22435
 22440
 22443
 22444
 22447
 22449
 22455
 22456
 22460
 22463
 22463
 22465
 22466
 22472
 22475
 22483
 22492
 22493
 22497
 22503
 22504
 22506
 22508
 22509
 22512
 22514
 22521
 22522
 22527
 22531
 22542
 22549
 22551
 22553
 22560
 22562
 22562
 22564
 22568
 22578
 22581
 22585
 22590
 22591
 22592
 22598
 22601
 22603
 22608
 22624
 22626
 22627
 22628
 22629
 22638
 22644
 22654
 22663
 22666
 22668
 22677
 22678
 22679
 22684
 22686
 22686
 22688
 22689
 22692
 22696
 22703
 22705
 22706
 22707
 22707
 22712
 22713
 22714
 22719
 22721
 22722
 22729
 22730
 22732
 22733
 22734
 22739
 22744
 22745
 22747
 22753
 22755
 22757
 22757
 22758
 22760
 22764
 22773
 22773
 22774
 22784
 22785
 22787
 22798
 22803
 22806
 22811
 22819
 22821
 22822
 22823
 22827
 22828
 22829
 22831
 22844
 22850
 22852
 22862
 22865
 22869
 22869
 22872
 22885
 22888
 22890
 22892
 22896
 22898
 22903
 22904
 22904
 22917
 22928
 22929
 22937
 22937
 22938
 22946
 22947
 22948
 22956
 22957
 22957
 22959
 22968
 22974
 22979
 22988
 22995
 22996
 23002
 23015
 23033
 23035
 23044
 23055
 23058
 23060
 23061
 23062
 23064
 23069
 23069
 23072
 23078
 23080
 23085
 23086
 23086
 23086
 23089
 23099
 23102
 23119
 23120
 23122
 23125
 23130
 23130
 23134
 23143
 23144
 23145
 23151
 23159
 23160
 23162
 23165
 23169
 23171
 23194
 23198
 23200
 23203
 23208
 23213
 23224
 23227
 23230
 23234
 23234
 23234
 23236
 23238
 23252
 23252
 23253
 23257
 23263
 23275
 23276
 23287
 23289
 23289
 23298
 23298
 23299
 23304
 23315
 23315
 23324
 23331
 23332
 23333
 23343
 23351
 23356
 23358
 23361
 23362
 23382
 23385
 23386
 23386
 23389
 23396
 23399
 23401
 23408
 23413
 23415
 23415
 23423
 23424
 23430
 23436
 23439
 23440
 23446
 23447
 23459
 23475
 23478
 23480
 23481
 23485
 23494
 23497
 23501
 23512
 23522
 23523
 23528
 23531
 23533
 23534
 23536
 23539
 23548
 23552
 23555
 23556
 23569
 23569
 23574
 23600
 23602
 23611
 23612
 23618
 23628
 23628
 23650
 23652
 23653
 23658
 23659
 23660
 23661
 23663
 23674
 23674
 23686
 23687
 23690
 23698
 23703
 23706
 23707
 23709
 23717
 23721
 23723
 23724
 23732
 23733
 23745
 23774
 23776
 23802
 23802
 23803
 23806
 23811
 23811
 23814
 23818
 23818
 23825
 23851
 23852
 23855
 23858
 23865
 23880
 23883
 23889
 23894
 23899
 23901
 23906
 23911
 23914
 23919
 23926
 23929
 23938
 23941
 23942
 23945
 23951
 23955
 23957
 23960
 23961
 23970
 23975
 23977
 23978
 23979
 23981
 23988
 23990
 23992
 24014
 24024
 24024
 24025
 24032
 24038
 24039
 24047
 24054
 24054
 24054
 24060
 24065
 24067
 24072
 24090
 24094
 24100
 24105
 24107
 24111
 24116
 24120
 24124
 24151
 24151
 24158
 24159
 24165
 24167
 24168
 24175
 24182
 24207
 24207
 24208
 24210
 24211
 24212
 24216
 24225
 24233
 24264
 24268
 24269
 24270
 24274
 24276
 24289
 24300
 24311
 24312
 24318
 24320
 24322
 24324
 24324
 24329
 24330
 24334
 24346
 24355
 24357
 24365
 24370
 24372
 24375
 24376
 24376
 24383
 24386
 24389
 24391
 24397
 24404
 24404
 24410
 24413
 24419
 24427
 24432
 24434
 24435
 24446
 24447
 24451
 24460
 24472
 24478
 24478
 24480
 24484
 24490
 24493
 24499
 24502
 24505
 24507
 24509
 24512
 24513
 24516
 24528
 24540
 24551
 24551
 24555
 24575
 24581
 24582
 24586
 24588
 24605
 24621
 24626
 24628
 24631
 24634
 24635
 24640
 24641
 24642
 24643
 24645
 24654
 24654
 24655
 24658
 24660
 24671
 24675
 24676
 24677
 24680
 24680
 24681
 24682
 24685
 24690
 24701
 24711
 24714
 24718
 24728
 24728
 24729
 24750
 24750
 24753
 24754
 24760
 24762
 24771
 24772
 24775
 24775
 24781
 24795
 24805
 24808
 24823
 24829
 24831
 24834
 24835
 24851
 24867
 24873
 24876
 24878
 24884
 24884
 24888
 24892
 24894
 24920
 24923
 24925
 24937
 24940
 24942
 24942
 24944
 24945
 24957
 24957
 24961
 24971
 24973
 24979
 24983
 24986
 24995
 24997
 24998
 25006
 25012
 25015
 25021
 25035
 25046
 25046
 25051
 25059
 25060
 25065
 25072
 25073
 25075
 25085
 25097
 25101
 25102
 25111
 25114
 25118
 25122
 25123
 25130
 25131
 25135
 25147
 25161
 25163
 25165
 25184
 25206
 25208
 25218
 25218
 25220
 25221
 25239
 25239
 25240
 25241
 25245
 25253
 25257
 25278
 25283
 25286
 25290
 25299
 25303
 25321
 25322
 25325
 25329
 25334
 25339
 25340
 25343
 25347
 25347
 25351
 25362
 25363
 25367
 25372
 25387
 25391
 25392
 25394
 25408
 25428
 25430
 25432
 25440
 25462
 25467
 25479
 25481
 25485
 25485
 25502
 25508
 25519
 25520
 25531
 25533
 25541
 25545
 25551
 25551
 25565
 25566
 25571
 25574
 25583
 25588
 25594
 25595
 25615
 25638
 25647
 25651
 25664
 25671
 25698
 25705
 25705
 25737
 25738
 25746
 25752
 25756
 25758
 25763
 25779
 25784
 25798
 25799
 25830
 25845
 25846
 25846
 25847
 25857
 25863
 25865
 25919
 25919
 25920
 25924
 25927
 25936
 25939
 25945
 25954
 25960
 25974
 25975
 25983
 25995
 25998
 26004
 26010
 26019
 26026
 26036
 26040
 26051
 26053
 26059
 26075
 26083
 26091
 26097
 26100
 26108
 26127
 26131
 26146
 26149
 26179
 26190
 26208
 26227
 26235
 26237
 26240
 26249
 26254
 26257
 26260
 26264
 26274
 26288
 26295
 26300
 26304
 26306
 26311
 26320
 26320
 26326
 26333
 26342
 26349
 26349
 26359
 26369
 26377
 26406
 26419
 26450
 26459
 26464
 26474
 26483
 26487
 26488
 26488
 26495
 26502
 26509
 26517
 26529
 26546
 26547
 26552
 26567
 26573
 26601
 26602
 26618
 26624
 26648
 26660
 26666
 26702
 26708
 26713
 26744
 26754
 26769
 26782
 26789
 26793
 26793
 26806
 26814
 26834
 26869
 26880
 26892
 26904
 26912
 26923
 26926
 26931
 26938
 26944
 26965
 26988
 26996
 27010
 27011
 27036
 27042
 27052
 27061
 27083
 27088
 27133
 27150
 27157
 27161
 27180
 27196
 27223
 27226
 27247
 27252
 27256
 27260
 27283
 27299
 27305
 27308
 27312
 27333
 27337
 27363
 27366
 27370
 27375
 27385
 27403
 27409
 27410
 27441
 27446
 27459
 27462
 27465
 27472
 27497
 27510
 27523
 27553
 27561
 27567
 27578
 27582
 27590
 27595
 27603
 27606
 27611
 27630
 27646
 27647
 27682
 27689
 27725
 27748
 27771
 27785
 27797
 27809
 27812
 27813
 27847
 27855
 27886
 27887
 27890
 27905
 27907
 27914
 27928
 27960
 27985
 28011
 28045
 28046
 28062
 28084
 28106
 28140
 28149
 28157
 28158
 28162
 28163
 28168
 28208
 28215
 28228
 28344
 28352
 28365
 28372
 28401
 28459
 28530
 28530
 28564
 28582
 28584
 28587
 28613
 28613
 28617
 28627
 28639
 28668
 28689
 28730
 28801
 28804
 28849
 28869
 28897
 29046
 29087
 29152
 29346
 29476
 29540
 29592
 29667
