 3389
 16114
 3150
 8424
 460
 5580
 16263
 9063
 10870
 15773
 2639
 4613
 8923
 9583
 18544
 17204
 11032
 7904
 10251
 11588
 4328
 6634
 14551
 10908
 9227
 7554
 3243
 2249
 12615
 9638
 15998
 1238
 10252
 8528
 3309
 17117
 14172
 4784
 9021
 5405
 715
 10298
 930
 18061
 5603
 2875
 19839
 11919
 14027
 12850
 207
 2728
 13033
 13852
 4291
 18768
 9894
 6256
 2476
 10309
 9297
 8013
 19996
 6757
 262
 6480
 12104
 18619
 17136
 9802
 5777
 5881
 844
 370
 9988
 3592
 11185
 3383
 9246
 11323
 15885
 2425
 13075
 6251
 12753
 18456
 5489
 5246
 10640
 7981
 3297
 7625
 20004
 184
 1774
 12056
 2642
 12633
 9737
 7755
 14767
 1507
 17195
 8388
 9602
 6381
 11292
 4958
 4300
 15723
 2804
 4416
 17797
 2941
 14273
 17490
 1833
 11463
 14985
 11408
 3699
 5921
 16016
 7612
 9288
 17295
 12699
 5688
 8856
 15251
 12374
 5909
 2177
 13825
 4595
 4390
 5876
 1556
 2292
 6936
 17116
 6495
 12747
 4838
 14268
 6311
 3487
 5575
 12152
 5871
 13042
 2955
 7382
 13331
 10754
 19175
 326
 8634
 2028
 6381
 3681
 2662
 3223
 17184
 18638
 6061
 14416
 6598
 14635
 10253
 7474
 2558
 7657
 5979
 19817
 16404
 13112
 2813
 1911
 658
 3142
 5593
 12278
 3002
 546
 14605
 8062
 12242
 4293
 5473
 18602
 17502
 17972
 16026
 1462
 5012
 13119
 5040
 12684
 8524
 8621
 11361
 14527
 4183
 3644
 6439
 951
 2034
 2691
 17256
 19471
 13915
 539
 2062
 4891
 4835
 2590
 1430
 8302
 4996
 10990
 8300
 9146
 7060
 10361
 2103
 7770
 8314
 11515
 8496
 3309
 12161
 6660
 2137
 5411
 1356
 2492
 16588
 18205
 2057
 17445
 5585
 2064
 4777
 3168
 10388
 13738
 8078
 6226
 3862
 15032
 7717
 19912
 19587
 5511
 7702
 12792
 13253
 6026
 7034
 16650
 16151
 8092
 18605
 8120
 19900
 10822
 8484
 5777
 7120
 450
 19745
 6820
 11039
 9857
 13700
 12316
 2133
 6795
 2532
 10246
 12022
 549
 7870
 7483
 12719
 4664
 15021
 10522
 9132
 7151
 7675
 8277
 9707
 2880
 6359
 5679
 7569
 10191
 2696
 17540
 12412
 7216
 4705
 11882
 7993
 18988
 7701
 18967
 3607
 11621
 941
 1219
 8860
 4189
 12247
 7055
 15830
 3156
 3713
 9350
 7764
 18033
 12230
 10307
 1782
 12483
 18568
 19795
 13666
 18920
 2144
 444
 16057
 10381
 16722
 3166
 5353
 19863
 16516
 5497
 12036
 898
 9616
 6256
 2929
 2952
 3127
 8909
 737
 8196
 5881
 1156
 20005
 7063
 3715
 1884
 19743
 15755
 8552
 9771
 6774
 19447
 18771
 5154
 3629
 6946
 12987
 8361
 10390
 18859
 9208
 9515
 6627
 10728
 10581
 11318
 8381
 6413
 2119
 5788
 14009
 6576
 11037
 18365
 16776
 4139
 11705
 777
 7405
 9441
 8734
 9920
 8309
 10181
 5545
 8188
 9922
 19031
 15333
 17394
 15976
 3856
 17562
 14485
 15804
 11264
 17734
 10139
 13897
 7350
 6319
 9060
 13125
 8512
 567
 1176
 7363
 2355
 15728
 7216
 5034
 8173
 7250
 6169
 5287
 5498
 3692
 8532
 7870
 13876
 10231
 13505
 2279
 11470
 12689
 11869
 17206
 3314
 9608
 4233
 12059
 14505
 8309
 12558
 10316
 5500
 11564
 15870
 8352
 9080
 7409
 5596
 2109
 13399
 5805
 6686
 17555
 19581
 8225
 7633
 3467
 3840
 1562
 6015
 603
 7052
 8422
 4525
 4923
 7270
 14918
 19496
 2749
 3663
 12772
 14273
 8728
 17995
 7463
 2037
 7461
 13186
 6628
 10002
 2862
 9991
 14583
 5719
 10564
 4280
 2419
 12796
 8080
 869
 10614
 12018
 16780
 17460
 5152
 5004
 9490
 6947
 14246
 11294
 4213
 19344
 7106
 14661
 11792
 20502
 9101
 7047
 12476
 19513
 8752
 18684
 9669
 2404
 10103
 3597
 17055
 11249
 3335
 19324
 597
 13097
 10546
 1925
 7778
 11052
 11528
 2787
 16195
 20211
 5584
 6613
 9229
 9267
 5272
 5570
 8315
 5413
 14729
 17115
 18475
 1637
 2942
 12353
 6890
 12984
 11830
 8423
 909
 15345
 16296
 1145
 16353
 17173
 4695
 12221
 17861
 19389
 9990
 11512
 1239
 8348
 4333
 7445
 14475
 8194
 3949
 1313
 1859
 3008
 12769
 13466
 4444
 20173
 4917
 10346
 13637
 3657
 5563
 1614
 13302
 12928
 20412
 7420
 14366
 18704
 8268
 14404
 9661
 1071
 11233
 1750
 8340
 12231
 10533
 1860
 3929
 6851
 11914
 7593
 10735
 15919
 17981
 3403
 3894
 6170
 5886
 19997
 19935
 7007
 5583
 5128
 3778
 1861
 3051
 18700
 8403
 10116
 13882
 11585
 18643
 10665
 6978
 12066
 6595
 17852
 8863
 11244
 14398
 17471
 662
 19811
 5863
 19129
 838
 7542
 1473
 4948
 5313
 7268
 5022
 7972
 5274
 14240
 9178
 15978
 12607
 12465
 3144
 1719
 4328
 9116
 20333
 11477
 2736
 1350
 18156
 9090
 1412
 4756
 1058
 8254
 2714
 3062
 3987
 5511
 10916
 7044
 1892
 10563
 9221
 7815
 2891
 11071
 9891
 10299
 17476
 3381
 11261
 8659
 3557
 8947
 1503
 11198
 15860
 8313
 19508
 9257
 3320
 2178
 7675
 17637
 6381
 1672
 9917
 6602
 7228
 20290
 7966
 10844
 9929
 11343
 11890
 14221
 5679
 4247
 20402
 9667
 3945
 8143
 9455
 5851
 19987
 19582
 17479
 9806
 11953
 14718
 4853
 14067
 4365
 11237
 11789
 5670
 3975
 8932
 11304
 16615
 12456
 6575
 16381
 19494
 15959
 6047
 8626
 8766
 5808
 7797
 4113
 14783
 9458
 3072
 11421
 10608
 10296
 6528
 8967
 15764
 2634
 5740
 1820
 9293
 12789
 4433
 9762
 10719
 1976
 9979
 771
 8982
 12992
 7065
 5192
 8554
 8727
 20476
 15754
 10658
 1080
 8833
 4037
 1399
 7718
 8016
 4111
 8122
 3261
 7811
 10087
 14905
 13065
 5162
 12785
 7070
 3766
 11663
 7777
 16888
 6888
 20726
 2165
 16510
 11372
 7879
 8072
 6897
 11503
 9166
 3397
 10497
 2349
 10659
 9529
 18579
 5260
 6022
 19340
 6050
 7946
 6573
 19600
 19140
 2933
 5506
 2843
 1998
 12762
 11334
 2194
 12666
 10815
 4123
 11431
 16167
 6581
 9184
 1637
 16706
 11464
 2621
 17160
 1348
 5849
 3394
 20115
 10396
 6990
 8876
 6108
 3439
 6024
 11080
 906
 925
 8597
 20794
 10882
 5606
 7847
 5280
 15710
 8780
 5926
 6322
 1696
 14618
 12353
 1805
 8838
 13478
 17546
 5617
 9214
 13203
 2563
 7816
 12731
 12538
 5107
 9864
 5512
 1801
 12221
 1946
 14813
 6029
 2643
 1019
 4048
 13581
 4615
 7683
 13965
 2038
 4451
 20517
 18185
 15454
 13338
 1686
 8339
 13251
 2589
 18898
 7213
 12980
 12690
 11515
 8954
 2931
 10179
 16547
 8600
 6809
 12179
 17676
 19535
 20762
 7094
 10445
 8810
 4075
 20641
 10616
 7238
 8097
 2527
 10330
 1609
 19195
 16166
 17123
 5142
 5379
 6730
 4711
 12605
 4529
 20112
 12740
 7767
 11121
 7302
 19684
 18515
 6598
 7985
 9125
 5163
 4751
 18502
 9304
 14363
 6632
 11645
 5735
 17682
 12084
 18051
 6426
 19241
 3290
 3919
 1532
 7188
 6990
 2935
 6809
 20631
 15857
 3460
 2090
 7260
 1659
 18244
 11541
 1122
 7928
 3710
 5039
 4727
 3697
 6251
 19331
 3689
 20493
 20867
 2584
 10393
 17975
 20053
 8205
 1073
 2114
 1660
 6216
 14296
 6826
 15310
 4912
 2019
 17437
 5046
 8055
 1230
 5178
 6533
 5884
 16076
 20024
 5412
 13744
 17595
 5546
 10861
 3768
 8028
 1825
 2459
 15826
 9570
 3059
 17631
 18267
 3656
 6971
 10900
 2064
 16455
 3105
 2485
 13012
 1288
 3900
 16398
 18706
 15351
 5621
 6833
 5219
 4058
 9037
 2826
 8689
 6081
 2625
 14612
 1821
 5181
 9261
 18093
 12478
 9589
 17935
 5479
 6252
 11799
 11630
 9601
 10620
 15532
 11195
 8694
 15532
 3983
 6806
 11028
 12770
 7167
 7476
 13872
 13552
 19539
 10815
 2136
 6746
 9902
 9503
 3688
 14203
 1204
 7288
 7585
 11909
 9467
 8211
 18359
 10535
 4101
 15714
 17706
 7476
 10797
 3166
 16536
 9474
 3903
 14643
 13360
 15792
 17166
 3007
 15210
 5323
 12480
 19831
 11509
 6067
 15116
 6826
 4337
 3130
 10408
 15626
 18271
 16909
 12860
 11112
 9398
 5461
 20187
 6847
 11607
 17184
 18930
 2708
 15907
 9500
 1409
 5596
 15339
 16740
 4939
 3327
 4007
 20318
 13865
 5787
 8331
 13763
 3491
 8556
 15640
 6785
 8129
 10923
 8399
 17086
 13599
 6101
 19020
 19646
 15168
 16813
 4144
 18343
 8484
 6820
 2302
 10083
 5117
 14776
 12587
 4165
 13022
 7323
 13488
 3216
 1237
 15318
 6433
 5460
 1435
 9197
 9507
 4858
 9033
 6756
 10970
 19938
 17389
 11490
 6016
 4906
 10717
 1557
 10141
 7442
 10955
 20279
 9587
 8895
 19130
 1456
 4409
 11741
 3056
 12731
 15243
 11272
 13165
 6445
 8864
 18508
 14459
 3795
 10684
 5771
 4965
 8092
 2662
 5311
 7341
 18904
 2012
 12865
 9529
 6718
 13638
 18858
 4174
 8404
 13385
 5111
 6880
 1834
 10398
 5490
 19625
 6760
 20930
 6639
 18168
 12426
 7886
 11540
 11019
 6248
 9513
 12221
 12640
 7899
 2141
 3710
 11208
 7741
 11463
 12811
 9789
 2097
 2355
 6548
 8918
 15363
 5992
 19413
 7289
 7344
 8288
 14861
 6416
 13769
 15035
 16813
 9631
 12372
 19444
 6612
 4212
 5460
 9172
 10104
 11488
 5002
 4517
 12455
 1381
 10716
 11657
 21071
 3473
 12724
 18765
 9595
 3370
 13100
 1464
 8447
 13066
 2506
 10569
 3350
 4526
 20358
 7648
 6954
 10889
 6163
 14234
 12595
 19006
 16413
 5667
 19587
 9197
 13456
 14120
 6754
 5965
 13850
 19947
 2710
 9116
 2258
 16250
 17734
 4819
 1336
 10529
 10366
 5182
 5374
 20639
 17877
 17994
 6440
 1687
 9261
 4607
 19536
 19401
 1787
 10544
 1869
 7840
 16808
 5552
 18709
 11724
 6935
 13864
 3713
 4819
 4296
 7975
 4048
 2947
 7516
 20729
 4174
 12908
 12058
 18395
 7094
 9420
 12177
 17197
 10774
 5674
 11903
 1704
 13458
 18535
 13298
 11379
 3436
 2898
 12173
 10289
 8674
 20091
 11213
 2461
 12952
 2058
 8365
 7865
 8376
 10673
 6150
 3203
 7959
 19455
 14683
 8489
 14041
 18742
 10644
 2686
 1592
 2656
 4553
 8589
 7521
 4446
 16897
 13166
 10496
 12576
 19291
 6935
 8190
 5660
 17390
 8245
 9223
 13048
 18956
 12091
 7985
 5994
 13196
 14521
 5113
 6627
 2600
 6737
 3984
 5191
 10020
 5190
 4279
 12353
 12849
 10998
 9318
 11924
 1936
 17738
 5747
 9748
 18810
 5579
 13489
 9622
 8384
 5111
 11799
 4774
 8847
 17748
 1475
 6392
 13334
 16069
 15838
 18177
 7211
 3738
 2690
 9030
 12170
 1773
 6457
 9013
 9471
 10154
 5064
 19443
 8423
 4334
 12428
 7349
 7346
 11796
 10500
 16851
 5004
 4364
 14959
 11514
 19548
 15725
 8215
 11330
 10828
 19404
 19182
 16223
 10346
 5582
 9015
 19739
 4078
 12442
 1833
 19716
 17533
 21074
 3439
 14689
 15949
 9603
 7092
 3915
 10251
 12187
 7613
 21434
 13177
 1947
 6295
 18686
 6844
 5166
 6195
 2255
 6133
 20729
 1967
 2951
 8110
 12146
 9816
 8782
 5079
 1845
 11884
 9910
 7185
 7029
 4516
 7336
 9228
 16529
 19602
 5278
 1612
 7144
 4615
 6675
 5649
 11213
 19480
 19000
 9719
 13470
 10338
 11529
 13754
 13649
 4331
 18911
 10878
 6032
 3339
 11303
 12399
 12040
 16940
 17875
 17316
 12316
 10830
 10735
 10858
 3807
 13134
 21174
 2558
 12546
 10983
 12326
 18586
 17386
 3193
 10770
 14196
 14597
 5257
 6263
 6083
 3647
 6954
 11953
 12228
 14704
 10299
 11662
 2844
 16953
 5104
 1955
 2783
 7791
 9077
 7454
 15792
 14774
 5872
 3100
 17417
 3601
 13127
 12891
 20509
 8633
 17730
 17907
 9501
 10765
 12498
 10017
 13400
 6377
 9362
 2756
 7238
 15578
 10029
 8971
 9415
 7920
 5024
 6094
 19943
 7029
 2882
 14813
 4101
 4637
 20385
 6454
 19253
 18238
 8846
 21019
 12290
 12227
 5628
 4386
 19128
 12443
 3300
 2799
 5569
 14903
 13325
 15903
 12494
 12628
 4331
 20486
 13624
 6454
 4197
 7068
 6663
 10166
 11099
 21044
 8211
 6013
 8712
 13933
 2633
 20945
 3940
 16876
 12689
 12847
 21038
 7017
 2542
 3898
 20296
 6601
 10341
 14162
 6690
 17740
 13314
 5321
 17468
 10984
 5943
 13170
 17894
 14486
 16773
 5595
 5675
 3595
 11200
 8925
 14509
 13833
 16399
 4465
 15602
 4311
 12818
 5349
 13120
 13743
 20711
 10416
 8581
 19863
 13357
 13730
 16154
 12978
 10986
 19679
 12328
 16151
 10891
 6093
 1932
 3554
 18379
 2732
 6551
 14666
 15734
 8038
 9209
 1747
 12589
 2567
 5183
 9156
 8908
 9231
 4346
 14268
 3338
 11077
 4643
 17473
 14306
 13358
 10652
 11929
 21072
 9983
 8728
 6428
 16413
 6191
 5437
 2314
 15551
 17552
 5065
 17369
 9595
 2656
 4787
 9937
 11980
 10042
 9268
 13692
 2312
 3091
 3269
 9432
 14401
 7682
 12970
 16303
 9065
 4671
 17968
 12201
 7866
 4304
 14483
 8704
 10037
 13535
 3619
 11636
 13866
 8752
 7784
 16800
 18455
 15026
 19299
 12429
 2388
 15475
 10295
 3877
 12270
 8473
 6216
 12907
 21074
 8591
 11139
 9673
 13101
 2236
 13662
 9770
 17170
 6202
 10497
 6313
 11643
 5606
 12230
 5226
 7635
 8819
 7132
 7271
 7572
 13732
 11346
 21614
 7597
 2938
 11474
 13193
 12070
 4330
 8364
 18429
 12038
 15955
 11957
 12888
 6997
 12494
 19375
 13444
 10750
 13031
 12907
 4577
 4535
 4523
 2028
 9618
 12676
 11266
 10766
 6775
 12856
 10303
 12839
 9947
 20126
 3062
 9100
 6031
 3960
 8718
 7128
 18102
 10245
 7415
 17928
 12162
 3688
 20989
 4522
 12095
 19111
 15933
 7544
 12495
 6065
 9815
 15391
 4182
 13539
 3397
 10501
 20822
 9805
 15371
 16234
 8254
 21232
 14736
 20238
 8766
 4235
 9868
 18772
 4095
 9079
 21634
 2949
 8464
 13999
 8976
 17368
 5732
 7028
 14308
 18864
 8282
 9776
 11185
 2470
 19421
 10745
 13539
 15081
 13070
 11801
 2511
 7300
 7422
 13675
 5103
 7807
 9760
 7080
 20653
 12872
 21406
 14500
 11069
 10611
 19211
 13874
 2351
 21183
 8889
 8015
 3045
 6556
 4908
 10493
 4674
 19498
 7599
 19086
 12740
 2947
 14693
 4581
 9940
 12348
 3939
 21719
 7868
 9959
 15516
 4567
 11352
 14013
 20636
 17363
 9199
 8666
 11034
 11609
 6115
 5321
 14471
 4318
 21896
 21699
 19020
 12000
 9266
 17714
 4884
 2090
 11378
 9466
 15013
 11768
 7746
 11002
 14357
 5596
 4990
 9007
 12826
 21120
 9654
 18394
 5218
 21101
 10529
 20099
 19780
 13388
 20980
 19678
 15447
 14154
 7796
 5069
 3714
 19361
 21352
 7206
 21972
 4789
 8082
 14166
 3637
 9340
 16192
 3430
 8060
 7042
 6686
 11422
 6626
 13515
 2350
 17223
 11414
 12346
 5051
 6517
 4979
 12210
 13993
 7460
 3151
 2779
 4241
 7138
 14070
 13832
 16429
 5838
 7927
 8182
 2511
 6272
 8316
 5623
 7414
 8649
 5568
 16528
 16963
 13372
 16604
 3648
 19177
 7789
 8322
 6466
 9316
 19224
 13678
 17268
 15147
 5189
 21753
 18649
 15753
 2539
 8848
 10716
 12936
 4787
 17413
 14774
 15343
 19167
 4324
 6834
 3725
 20682
 14697
 6031
 13622
 13489
 11664
 11302
 14511
 15155
 10636
 13101
 13668
 19221
 18300
 4570
 6306
 9929
 2716
 4492
 7873
 10063
 14328
 21510
 8418
 14076
 12390
 15805
 8282
 8699
 5076
 17077
 12077
 6866
 16095
 9031
 17183
 16262
 11622
 21382
 14599
 3233
 13118
 5090
 18405
 11667
 11559
 15244
 19509
 12054
 15871
 19003
 7172
 3735
 7702
 11758
 10594
 13202
 13186
 4019
 4057
 22109
 4276
 7272
 4061
 7847
 16010
 9440
 7493
 14178
 3814
 18376
 3097
 10944
 8895
 15082
 15916
 11418
 9846
 8306
 5900
 9718
 3884
 2383
 21240
 16201
 2610
 10428
 4593
 13275
 12961
 8128
 6419
 9099
 13772
 11763
 15910
 4819
 13522
 3746
 12657
 11118
 12024
 4660
 6606
 16054
 11159
 6157
 14084
 10258
 18769
 7891
 12336
 7152
 15018
 9104
 5925
 2576
 12981
 13304
 20183
 13186
 12172
 3883
 20146
 10767
 7396
 18941
 14032
 17822
 13312
 6100
 9034
 20656
 10949
 20497
 10830
 4110
 5934
 2899
 14579
 11364
 20384
 4952
 19241
 14669
 4833
 11302
 10868
 7665
 5349
 14057
 19003
 10668
 15177
 17470
 18267
 3441
 8196
 13391
 9474
 9135
 7354
 10463
 6777
 20530
 10035
 12969
 13345
 13965
 4843
 11396
 14561
 5911
 5964
 6634
 2750
 17588
 20025
 13689
 13965
 14902
 6539
 4249
 12869
 5699
 13634
 22111
 7609
 22072
 21204
 13745
 5156
 12654
 5994
 13995
 17061
 18172
 20715
 12578
 7437
 5021
 12344
 19239
 4983
 10932
 8763
 6894
 3640
 7309
 14586
 4176
 19671
 10182
 7056
 7790
 11006
 17102
 19261
 6999
 8785
 4076
 2364
 14827
 14175
 4515
 5174
 15360
 19319
 17940
 5334
 3877
 18269
 2757
 5725
 9990
 3357
 11457
 5718
 17583
 7326
 3008
 15340
 19412
 7931
 16329
 6618
 13713
 21742
 4245
 14916
 10061
 5134
 11029
 9605
 12741
 7035
 12471
 20904
 14726
 6775
 21124
 8218
 20378
 2871
 13198
 2336
 15943
 2682
 18376
 15749
 2900
 11097
 15478
 20247
 10317
 19712
 5864
 14163
 10633
 16348
 12576
 3517
 3499
 6550
 6972
 2837
 12550
 13343
 19280
 9254
 15460
 20908
 5940
 10145
 16872
 13987
 10142
 3434
 3667
 4214
 10577
 14225
 12164
 2417
 17750
 14563
 11011
 9775
 2698
 15074
 17824
 10737
 9784
 8050
 8247
 16721
 14568
 12885
 20599
 5652
 6553
 17434
 20740
 16990
 7530
 6642
 11577
 5163
 19007
 12035
 8465
 3003
 5570
 12960
 12584
 6157
 8937
 3608
 2654
 13903
 13207
 3950
 19676
 12693
 15173
 2634
 8442
 14824
 11713
 5326
 6656
 21153
 10903
 19947
 4172
 11318
 17968
 11380
 9523
 3956
 7449
 9523
 14379
 20655
 3333
 5756
 3720
 19061
 14229
 9375
 15141
 16137
 15159
 4609
 12934
 7407
 3053
 15917
 2492
 8291
 20464
 14950
 5609
 8911
 7796
 16897
 6405
 15676
 19021
 5553
 11935
 18729
 14739
 10115
 8647
 8730
 8002
 2859
 17484
 8050
 21060
 10078
 8802
 14309
 21555
 2850
 6694
 3015
 12122
 7683
 3077
 16649
 7036
 14695
 19162
 15397
 13239
 13988
 4054
 21176
 16618
 6800
 21317
 13551
 9621
 6393
 11087
 10885
 6175
 9271
 3676
 11916
 8478
 13375
 3771
 21738
 4018
 2617
 7940
 13990
 5011
 5012
 6077
 9379
 12877
 10552
 12442
 17260
 18249
 4220
 9705
 14416
 6382
 3673
 3597
 11601
 17991
 5471
 11944
 20727
 3078
 15367
 9983
 6858
 16073
 15912
 16153
 11072
 9405
 8142
 21544
 12212
 14273
 13352
 8875
 15288
 5292
 13888
 17395
 3020
 5457
 11729
 2980
 10255
 8097
 5012
 9822
 6229
 7986
 12827
 2973
 11193
 6399
 11810
 18142
 6485
 11215
 11011
 3556
 17681
 15963
 14569
 19193
 12504
 14698
 5447
 10360
 13137
 6816
 3593
 9387
 5836
 18039
 7947
 12240
 2875
 11243
 10569
 10626
 15427
 21053
 19543
 10197
 3475
 13520
 12946
 6081
 9045
 7352
 13750
 19555
 3490
 11636
 6258
 3233
 8795
 21625
 17945
 12620
 6549
 9681
 15002
 10603
 21813
 6947
 9906
 16277
 14716
 9461
 9312
 14527
 14596
 4720
 3994
 10071
 12556
 13219
 22334
 18544
 17425
 11242
 3115
 12000
 11454
 8528
 9553
 8358
 5188
 9235
 9254
 17551
 9101
 11975
 7131
 21114
 13390
 16446
 13006
 6459
 10940
 11622
 12193
 15166
 3776
 14291
 15691
 6093
 3373
 3967
 19982
 10931
 4689
 4655
 12617
 11937
 12779
 8440
 7246
 14384
 4892
 12258
 8918
 10249
 8161
 12555
 13748
 6114
 5952
 16879
 14408
 4586
 16032
 12455
 21077
 5767
 7646
 11151
 11444
 10493
 18493
 13933
 7882
 5457
 3006
 8206
 6904
 10223
 6929
 2867
 5810
 13481
 6827
 5965
 6546
 4545
 17656
 3364
 12301
 8681
 9522
 6366
 7942
 6729
 15506
 9150
 5346
 10209
 8295
 17227
 20892
 11472
 17669
 15444
 11706
 20532
 20256
 15824
 5152
 15378
 19929
 7466
 12003
 8472
 9016
 6172
 17344
 8545
 14235
 9883
 22222
 5945
 18765
 9108
 9201
 4929
 3130
 21366
 5297
 17494
 12450
 14992
 12043
 4269
 7213
 4988
 11878
 8610
 10654
 9212
 10441
 15729
 6059
 14819
 5194
 14532
 6891
 14776
 16586
 6319
 21105
 17911
 6623
 3992
 12984
 9848
 17682
 18266
 13696
 7380
 8747
 16204
 17016
 12997
 5737
 14558
 7228
 14285
 12502
 20036
 5825
 10618
 13147
 2806
 13390
 14440
 10576
 13654
 13294
 21448
 5142
 3443
 9731
 14016
 3368
 10190
 21661
 21106
 7407
 16252
 10251
 15170
 8886
 12812
 10769
 14802
 10110
 15049
 20538
 13680
 6899
 3041
 13104
 13906
 3710
 15175
 5483
 5537
 5947
 4022
 5702
 14708
 9486
 14231
 12600
 10622
 6770
 8101
 6145
 14251
 3538
 15439
 15171
 15175
 11964
 18910
 7124
 15583
 4434
 14423
 9297
 8748
 10371
 5443
 20628
 22413
 3706
 9069
 12457
 11476
 16629
 3404
 6238
 5317
 16152
 14498
 3225
 8154
 14819
 15331
 5198
 21194
 5762
 15578
 13553
 3691
 9603
 18441
 9673
 5525
 8045
 22864
 11142
 9225
 9135
 5712
 5013
 11090
 14775
 20528
 12689
 12555
 4389
 14687
 14427
 8418
 4510
 8795
 8909
 18427
 7493
 12914
 14988
 14391
 17671
 10695
 4285
 10550
 8181
 13239
 13881
 13659
 13112
 6524
 4740
 16240
 4160
 14673
 21978
 15434
 18621
 14328
 12810
 11533
 12978
 13113
 7208
 14163
 12295
 17643
 12446
 10185
 13982
 14232
 3554
 6843
 17384
 3548
 20046
 5905
 16057
 4718
 5388
 11258
 4633
 18594
 8080
 6152
 12860
 9966
 4651
 11484
 8085
 18444
 13245
 15331
 4294
 11808
 6155
 20480
 4539
 8602
 3185
 9101
 12696
 12254
 9113
 17629
 21391
 5634
 9005
 7908
 12503
 4951
 14473
 8440
 5977
 15468
 16341
 12249
 14637
 18191
 16337
 3056
 10533
 7893
 8210
 22260
 7752
 9021
 10252
 16914
 4642
 12432
 11504
 10542
 18489
 10603
 7289
 6373
 6243
 22720
 13121
 6101
 11543
 5594
 3289
 21407
 15041
 22272
 16793
 6444
 7034
 19996
 19444
 18350
 4470
 6428
 20176
 5864
 21984
 22584
 17588
 20785
 8836
 21397
 10499
 14036
 15435
 5257
 12809
 6011
 6860
 11008
 15379
 5262
 18112
 8959
 16932
 8599
 13623
 11175
 12196
 15880
 20650
 13916
 6555
 15039
 8465
 20999
 19872
 16616
 16534
 20984
 21963
 9955
 20649
 9264
 12593
 21576
 11285
 17310
 10577
 10024
 18226
 6504
 7018
 16022
 4668
 16941
 19600
 20070
 5285
 4777
 19103
 4629
 11463
 3608
 14895
 9642
 13917
 5598
 11817
 16378
 15698
 5063
 16280
 8370
 14745
 11306
 5699
 6545
 14078
 12979
 10138
 5203
 8157
 15649
 18607
 4246
 14579
 16557
 5672
 20886
 10257
 5485
 22322
 8156
 22968
 10616
 6328
 11991
 5057
 10187
 14324
 9481
 20220
 8011
 3620
 20517
 5852
 13227
 17057
 12023
 4464
 3600
 11212
 6117
 17301
 11923
 10666
 12724
 5963
 12712
 14162
 22191
 3301
 18909
 7684
 17155
 9573
 10532
 12893
 6926
 4487
 13460
 8424
 11642
 7292
 13677
 18935
 11428
 14298
 13307
 3858
 5250
 8914
 12861
 5390
 18949
 4675
 4774
 23042
 8411
 7853
 9892
 8727
 15671
 12008
 19391
 7582
 13717
 13206
 7908
 5734
 18136
 9334
 8386
 14478
 13815
 8858
 5493
 7351
 6680
 20475
 7490
 15390
 8699
 6508
 9570
 8905
 12123
 16589
 5154
 11072
 15184
 16801
 10473
 10430
 6328
 15106
 15548
 4359
 4087
 13939
 8575
 11708
 9853
 20629
 3901
 8333
 18343
 15006
 12010
 5871
 3464
 10376
 18759
 18126
 3465
 3846
 7654
 15397
 12911
 17724
 12750
 11115
 13853
 20271
 14721
 10512
 12473
 13083
 19196
 5224
 15283
 6596
 14559
 4007
 19619
 13934
 10445
 19630
 4498
 3345
 6902
 8901
 8445
 10055
 18835
 3402
 13109
 3976
 11698
 8680
 9130
 12825
 15987
 6092
 7689
 7712
 22482
 6548
 12963
 23099
 9191
 14569
 14640
 15217
 14698
 18766
 12756
 15944
 7194
 19033
 14017
 7929
 8959
 21026
 12669
 16706
 8174
 5273
 5350
 6394
 7566
 11677
 16371
 12234
 4793
 7178
 4124
 5018
 18725
 19059
 14429
 4074
 13124
 8881
 4727
 7522
 15721
 11226
 13431
 7883
 9291
 5461
 20027
 19264
 14862
 5933
 16658
 14815
 15968
 11588
 4836
 5349
 10082
 4714
 9074
 19129
 5064
 21038
 14751
 7303
 6307
 13204
 15119
 18832
 9020
 7368
 10574
 13215
 9475
 19570
 8053
 22111
 11690
 4395
 5352
 4300
 20875
 4719
 5315
 8936
 20145
 18450
 5911
 13231
 20886
 11064
 22224
 9516
 9736
 13664
 8089
 11661
 7665
 11552
 8289
 4725
 7479
 15799
 15839
 11217
 7394
 13855
 7412
 11053
 7005
 4034
 9745
 4743
 8382
 21423
 5785
 7523
 12905
 8524
 7080
 9953
 6737
 13102
 18580
 12237
 14944
 13767
 7890
 18870
 8666
 15775
 13276
 4705
 22301
 15430
 13874
 16894
 4332
 8777
 17310
 12731
 14893
 19139
 9885
 5975
 9422
 6422
 16827
 6330
 15183
 7194
 9310
 11876
 19516
 5077
 6982
 8963
 18330
 9387
 9299
 18921
 9220
 23256
 9959
 12860
 16022
 6844
 7725
 14831
 14730
 9207
 4091
 5234
 3745
 5493
 19380
 15366
 10085
 20267
 12209
 21172
 11116
 11939
 4961
 6270
 8991
 9716
 9582
 12502
 6268
 4054
 11619
 11021
 19897
 10484
 5994
 12271
 19914
 13346
 11834
 13293
 5380
 11889
 12946
 5018
 3459
 7137
 21535
 11195
 12649
 20919
 6244
 6233
 11880
 17423
 8858
 13465
 4514
 16084
 9077
 4653
 19407
 15085
 3850
 3596
 16383
 11354
 13422
 15456
 12288
 12032
 15873
 8063
 13730
 3744
 4075
 15836
 7129
 9135
 3813
 6494
 6211
 10978
 4859
 21297
 4619
 10408
 14448
 6395
 13325
 10652
 15938
 16658
 21595
 8059
 10224
 14285
 6719
 4403
 20986
 3928
 21889
 21021
 20904
 18604
 16812
 16332
 16526
 7038
 22124
 23110
 10606
 16279
 10523
 4915
 8990
 13444
 17980
 5907
 23179
 5518
 7783
 10069
 12254
 21516
 10951
 9574
 8062
 4408
 16832
 11110
 21815
 23104
 4501
 12225
 4921
 20830
 9545
 13084
 4356
 13578
 4548
 23407
 8770
 6478
 12152
 12914
 12885
 15354
 9349
 14427
 15124
 13273
 5370
 10087
 22352
 10595
 21564
 7254
 9915
 10037
 12236
 12060
 4043
 5694
 11876
 13045
 8379
 12636
 6434
 7609
 13236
 16006
 4777
 10929
 3786
 12235
 8324
 11497
 4105
 12539
 17612
 5798
 12818
 17476
 23148
 16633
 9408
 15328
 21795
 15284
 18032
 10924
 9097
 12477
 14656
 15548
 4502
 4673
 15895
 15597
 5407
 10923
 18310
 9404
 23618
 14837
 16365
 23446
 8613
 7357
 10753
 8879
 17626
 12572
 15725
 6230
 8838
 13044
 9910
 5513
 15970
 10568
 6052
 8805
 10400
 7760
 15645
 5505
 4370
 9324
 23476
 6043
 3976
 13145
 19106
 19987
 8921
 5314
 5844
 20919
 13252
 4601
 14246
 8318
 5751
 6630
 14701
 4089
 9743
 7295
 15355
 3783
 9921
 16569
 4543
 9096
 15321
 17949
 15083
 10612
 7745
 23007
 15130
 16749
 12005
 14571
 10161
 6802
 4500
 6337
 12326
 7446
 3753
 6435
 16542
 14865
 12619
 22572
 23067
 6516
 3825
 19235
 23318
 20066
 10986
 5007
 19305
 19197
 4316
 20494
 14353
 22143
 8555
 4449
 13490
 4171
 4477
 5674
 12091
 8963
 15676
 10137
 16235
 7803
 23356
 11779
 5683
 18126
 6525
 21557
 11070
 9263
 21394
 11655
 4688
 15427
 9699
 8628
 14763
 15725
 14033
 4712
 9847
 15273
 13304
 4475
 10882
 12285
 19802
 16030
 6054
 11181
 9273
 9971
 18763
 4911
 3812
 18658
 10253
 6078
 21110
 13001
 5887
 13458
 12348
 6452
 16431
 5456
 10870
 21198
 12268
 11742
 7935
 22870
 22342
 5242
 11696
 3861
 22101
 10443
 10434
 12622
 13756
 11000
 15315
 20119
 12495
 14744
 5834
 22504
 19379
 13994
 7678
 20114
 11621
 20518
 10005
 15697
 4989
 22419
 13577
 10277
 8404
 9530
 7375
 13566
 14852
 12890
 9402
 9942
 20560
 21054
 6718
 19843
 10212
 18796
 10865
 8652
 14174
 5888
 11415
 16156
 15500
 9976
 11805
 14357
 9304
 22769
 14501
 8872
 21186
 7570
 14564
 18914
 11148
 20583
 11593
 11112
 23708
 19121
 11904
 3846
 22141
 4668
 4117
 19492
 23751
 10545
 8956
 19131
 15776
 7213
 18736
 4327
 8835
 13266
 7803
 15453
 4128
 14524
 3862
 14558
 23620
 6071
 23153
 16716
 5403
 12847
 19413
 16157
 11315
 10439
 7880
 9422
 6883
 23822
 8753
 5242
 16011
 15055
 4124
 21675
 20670
 11273
 12800
 14672
 13981
 10399
 11487
 22448
 23750
 13775
 13998
 4285
 11437
 23144
 19095
 21548
 5769
 10712
 14779
 5061
 13395
 13412
 14747
 9846
 17290
 10269
 8024
 13709
 16411
 13967
 6873
 14661
 9151
 7066
 9262
 13952
 22244
 7974
 14643
 17110
 19985
 6035
 7639
 14221
 9860
 4079
 16413
 12298
 23775
 6092
 19522
 13287
 7907
 5745
 11425
 16549
 7259
 12207
 18291
 15076
 7676
 8983
 9211
 4720
 3979
 11114
 10593
 6334
 9312
 16497
 16093
 7768
 14345
 14958
 23703
 12405
 4658
 12531
 17868
 16109
 15108
 9042
 7827
 13707
 9963
 19668
 5569
 16452
 7613
 7054
 9962
 8007
 11384
 20176
 17417
 5045
 6538
 5312
 15458
 18931
 5879
 20999
 12326
 18238
 19735
 11722
 15159
 17054
 9374
 12220
 14956
 6686
 12384
 11601
 6231
 16603
 11380
 5782
 11876
 23034
 4408
 21440
 4101
 23039
 4118
 20451
 20973
 4316
 6213
 19076
 23801
 5191
 8723
 12112
 12406
 18895
 4290
 5646
 12862
 11024
 9168
 12466
 20677
 5988
 23452
 7795
 4691
 4125
 8357
 20288
 9939
 10800
 9557
 11215
 6892
 22580
 15774
 15542
 10861
 10540
 18244
 18270
 11758
 8737
 15163
 6068
 8596
 8372
 7538
 6337
 12790
 9042
 11441
 15421
 16766
 17000
 14782
 8095
 7218
 14137
 4870
 6680
 4692
 15278
 22971
 15906
 11334
 19213
 16793
 11251
 12338
 8910
 13101
 5206
 22281
 17834
 23064
 11931
 9130
 13556
 5936
 14317
 8805
 21548
 9671
 16069
 20929
 10962
 9777
 6653
 8475
 10840
 12672
 14056
 18735
 20251
 23186
 9792
 6620
 10163
 16462
 11744
 21092
 9481
 5418
 4180
 8977
 10921
 16368
 11597
 22046
 7896
 11171
 19321
 7124
 5319
 16189
 22226
 17908
 5673
 7066
 12373
 15477
 15841
 15130
 9879
 21710
 10528
 11202
 23603
 15990
 10062
 11845
 21255
 12618
 5030
 19522
 15936
 5039
 5543
 19566
 7026
 5817
 13095
 8019
 20301
 13547
 7307
 12792
 7308
 8416
 14421
 16675
 17839
 13129
 8158
 5084
 16140
 19223
 4708
 12180
 11746
 6108
 18181
 7783
 9614
 12845
 14892
 11133
 17666
 21547
 9419
 17687
 18546
 13187
 11882
 14792
 5424
 17298
 19103
 12898
 10331
 9132
 11519
 5555
 10388
 18687
 4212
 12527
 5969
 18388
 22416
 8208
 16149
 10454
 18432
 13498
 12255
 7510
 8356
 11204
 8546
 14701
 7678
 9077
 19318
 12867
 15241
 10123
 19308
 7185
 9708
 17698
 4840
 16546
 10607
 17586
 8266
 14527
 5069
 9690
 5325
 15051
 18763
 16604
 16884
 5931
 12136
 14921
 19137
 12779
 12341
 9310
 11432
 20285
 10087
 5391
 15332
 20611
 7947
 6179
 8552
 4367
 5529
 14464
 15513
 12040
 15276
 6345
 11706
 15376
 16433
 9349
 7464
 6565
 15422
 7778
 8775
 16261
 18021
 15129
 24124
 6325
 18185
 17492
 16701
 4738
 5519
 11597
 12645
 15369
 15801
 8217
 23437
 13429
 12079
 11013
 19863
 22344
 15679
 15103
 22925
 13852
 14183
 15896
 24010
 6249
 15088
 20137
 15862
 10282
 6686
 6676
 8376
 12859
 9317
 4716
 20103
 19622
 11326
 7672
 15682
 4830
 5626
 9492
 16225
 5771
 10582
 22936
 15467
 11848
 10223
 12988
 15049
 14921
 13304
 8732
 19419
 8929
 15946
 16249
 5865
 20259
 11676
 13729
 5885
 7527
 17427
 9648
 17679
 16079
 11195
 12439
 8929
 10954
 5271
 14652
 8397
 17913
 8597
 4673
 5499
 11985
 16645
 9897
 15959
 14208
 18956
 7800
 10979
 23699
 9972
 15611
 8489
 12503
 12870
 15465
 21779
 12511
 22459
 9576
 9150
 10374
 18991
 18034
 22476
 4437
 23607
 5273
 5113
 17031
 16629
 18441
 18737
 10154
 9865
 7117
 9984
 21385
 13706
 4661
 21578
 10088
 15701
 14646
 15420
 16752
 13093
 9906
 15714
 20428
 5380
 17018
 10683
 16658
 13217
 24370
 19242
 4710
 4995
 5396
 13518
 17116
 17053
 12535
 11252
 15261
 16898
 10096
 5131
 9547
 4762
 13114
 14168
 7432
 14390
 6707
 16491
 16788
 7041
 15623
 12946
 23702
 13719
 15888
 7661
 14205
 17018
 4670
 14978
 12711
 5891
 17684
 9970
 10049
 9654
 10259
 10251
 4944
 7481
 13979
 9695
 16912
 11206
 13039
 4533
 5499
 13854
 14840
 16287
 12588
 12353
 6189
 24332
 17956
 10492
 5330
 20222
 14637
 10946
 5470
 11038
 12574
 12702
 20033
 7279
 18366
 11623
 6534
 17472
 5580
 23445
 16373
 4582
 15742
 15059
 4860
 6826
 8328
 4630
 6255
 21374
 23712
 5773
 6798
 13558
 13088
 6970
 23110
 6645
 14700
 12960
 13850
 16069
 15476
 5628
 14500
 7467
 11419
 12025
 24054
 5786
 5049
 16575
 20742
 16519
 7262
 10219
 7850
 15261
 14233
 22117
 5088
 9234
 22072
 8686
 10417
 9913
 22192
 6521
 9462
 12730
 16256
 12892
 22971
 9855
 8561
 24198
 7300
 21776
 23680
 22867
 13294
 20897
 19967
 12446
 18551
 12074
 6744
 15222
 16288
 16887
 19188
 18900
 5169
 12097
 17468
 5420
 10558
 9982
 5405
 9698
 8777
 7956
 6289
 23519
 13768
 12244
 20476
 5124
 7113
 5124
 7508
 15262
 16339
 15805
 8453
 10427
 12655
 23639
 7348
 6012
 17766
 11585
 11746
 6891
 17260
 5877
 4819
 12174
 19582
 8715
 6063
 9149
 15144
 18253
 24137
 16721
 7722
 15916
 8607
 9981
 6780
 19953
 13153
 4962
 4751
 14646
 4597
 18141
 15606
 8982
 12889
 15940
 13189
 10369
 10891
 13489
 16280
 8469
 11398
 9789
 4856
 13898
 14542
 13009
 6810
 24300
 7022
 9017
 17928
 6383
 11840
 17530
 16067
 6846
 4909
 16198
 7241
 16084
 16757
 17005
 16884
 13391
 8465
 15766
 16772
 6017
 9878
 12655
 6846
 14217
 9597
 9281
 7060
 13378
 24418
 10439
 11719
 10458
 24522
 12640
 19722
 7525
 5032
 18627
 14441
 13907
 10497
 21235
 14762
 22687
 16494
 16691
 17362
 5834
 8130
 15355
 23275
 22440
 10701
 6604
 10501
 6681
 16928
 20769
 5723
 6138
 10770
 24390
 7511
 10301
 11331
 6157
 14520
 17750
 17311
 19615
 5523
 12920
 22756
 13584
 11576
 11552
 15176
 7894
 5911
 11727
 12757
 14747
 8003
 16382
 24086
 5809
 18485
 5869
 8791
 17317
 22612
 5692
 17415
 13303
 10451
 6622
 20033
 11081
 17051
 6603
 13772
 7862
 15403
 12117
 14112
 13094
 8029
 10909
 21834
 15103
 10028
 11238
 8338
 24157
 5107
 11882
 22266
 14533
 13430
 13773
 7401
 16630
 18343
 23919
 22441
 14946
 4802
 11429
 22798
 15260
 22586
 16458
 8249
 17297
 16024
 21714
 22107
 9788
 9473
 23519
 5310
 11061
 6903
 8216
 18752
 12906
 10979
 16886
 6209
 10833
 20433
 16065
 11168
 15516
 14076
 5531
 7136
 17038
 13452
 13179
 9681
 15021
 6941
 9756
 8844
 11800
 20099
 21143
 14943
 18331
 12874
 23279
 17642
 16769
 10658
 8491
 7465
 7721
 13627
 13865
 5619
 15484
 8749
 13169
 19778
 6494
 24284
 8072
 19828
 19395
 8986
 9542
 23089
 20260
 24781
 21770
 19630
 14578
 18962
 6284
 7634
 10794
 10210
 24147
 5143
 12554
 5109
 8808
 8595
 12739
 8836
 23659
 11703
 8591
 24563
 9189
 9112
 13957
 11214
 21918
 12044
 17322
 13683
 7407
 23319
 16586
 13009
 6138
 6183
 9864
 13648
 9465
 5852
 16658
 19537
 12917
 10093
 8697
 10998
 6200
 8615
 9504
 12933
 7172
 11639
 18514
 23754
 10213
 21865
 6936
 15963
 23045
 16817
 14379
 13983
 10111
 23019
 21479
 20145
 16566
 15583
 10145
 14882
 17766
 7623
 11739
 6685
 14747
 16275
 7574
 7695
 15841
 13581
 24199
 15559
 10908
 19641
 21868
 6362
 13242
 11391
 19104
 7402
 7493
 15916
 7917
 13255
 15741
 19957
 17058
 9718
 6821
 10877
 8934
 12018
 9180
 16089
 13100
 16336
 9327
 16211
 7048
 15336
 14893
 12972
 14880
 12432
 14204
 13126
 9062
 14891
 15562
 10624
 14309
 14947
 9670
 5378
 21849
 17330
 7760
 17020
 15620
 24103
 14574
 23851
 13535
 15175
 16449
 6748
 18606
 8178
 7480
 11155
 13239
 12679
 9731
 15854
 22548
 7051
 9226
 18245
 18759
 23238
 19838
 10389
 21038
 6862
 24048
 9982
 10039
 23432
 15458
 22218
 8565
 20684
 12027
 20559
 13971
 7561
 15999
 12982
 14600
 20745
 20093
 9404
 6060
 15414
 15947
 16409
 7307
 8989
 13743
 8192
 16184
 14994
 9023
 13862
 12419
 6420
 5164
 17703
 5678
 5714
 7962
 15909
 10236
 15694
 24211
 15794
 12363
 7617
 6236
 13296
 13763
 7583
 23656
 16918
 6447
 8924
 12812
 13942
 12204
 22832
 5588
 6589
 9280
 17911
 16980
 14875
 6221
 22972
 11456
 10788
 10214
 13559
 20223
 16342
 6849
 20372
 14526
 7547
 6318
 23478
 9250
 18545
 18951
 13851
 14720
 19465
 9128
 15522
 7120
 12877
 12160
 12011
 8191
 16869
 12552
 14974
 6788
 21308
 10388
 6414
 10358
 12990
 6120
 9439
 12571
 14117
 22029
 17574
 19204
 6388
 21700
 21904
 14647
 24707
 10427
 14182
 8205
 6012
 17085
 7215
 23806
 22758
 13966
 13270
 10585
 12896
 14296
 15022
 23513
 17232
 24735
 12723
 5972
 24029
 24124
 9362
 12853
 17721
 16808
 12396
 14541
 7779
 10935
 12120
 17413
 12876
 13095
 7591
 6327
 12569
 8793
 7403
 22558
 5480
 20127
 5594
 21867
 15574
 12759
 14895
 8666
 20768
 6487
 5650
 9700
 5129
 8745
 22425
 7061
 22460
 11321
 8783
 15201
 19762
 21933
 13044
 12819
 16501
 16500
 20870
 9670
 12806
 22050
 9182
 19512
 8060
 12251
 25118
 23964
 16239
 11053
 22825
 20206
 13460
 23044
 9491
 5772
 11785
 18296
 12955
 14243
 7060
 14185
 11222
 10376
 20807
 9166
 22223
 19817
 19686
 7594
 8587
 18883
 12972
 22912
 8113
 20020
 8171
 16585
 17450
 24403
 6034
 9476
 23973
 18079
 9204
 8141
 7391
 16790
 17159
 6576
 22209
 6056
 15370
 14815
 24746
 5930
 23659
 22595
 12430
 13807
 6119
 5200
 16927
 12980
 22515
 5693
 5611
 5882
 17531
 22322
 14278
 23546
 12073
 13185
 13194
 18676
 21480
 11226
 10269
 7113
 6985
 8410
 15602
 14442
 5286
 11108
 7697
 9488
 9797
 5972
 13371
 12173
 24608
 23855
 21545
 5506
 19618
 11262
 23861
 13651
 11284
 17757
 20603
 14584
 10202
 24527
 9505
 7605
 14423
 13620
 22357
 10541
 17432
 17950
 15478
 22258
 10895
 12832
 24501
 7040
 9439
 16840
 13373
 8747
 9080
 11662
 22481
 6677
 16739
 15981
 10901
 18021
 16928
 21363
 14737
 16309
 12237
 17940
 21617
 6922
 17291
 8515
 8431
 15402
 11708
 6531
 13877
 7112
 13103
 8858
 14590
 17411
 14303
 8231
 8765
 6577
 11352
 12438
 14784
 15702
 9532
 10002
 17238
 8441
 14309
 16251
 15534
 7577
 9804
 10584
 15170
 7899
 6154
 12046
 6580
 10088
 16220
 17585
 7000
 10293
 16236
 16539
 10706
 25026
 12078
 14203
 7265
 17927
 15592
 21871
 19581
 15691
 7926
 11733
 17533
 23576
 21165
 17406
 15164
 5612
 12190
 6180
 12732
 16561
 20509
 12222
 8203
 14127
 18882
 22801
 6278
 22303
 5903
 19562
 17211
 14371
 17492
 15369
 6291
 11509
 5552
 20288
 5776
 9822
 16121
 13373
 8916
 18536
 7582
 15523
 13570
 14934
 8490
 16704
 13800
 24306
 12203
 14458
 25245
 14343
 21876
 22123
 8999
 15632
 9440
 11791
 15169
 22768
 8473
 7836
 14651
 12484
 8408
 5426
 21122
 21334
 15981
 15378
 12674
 17651
 8768
 14867
 16777
 5663
 23769
 7923
 14797
 22823
 12670
 8811
 22961
 8696
 10587
 9286
 14916
 13678
 22695
 18964
 22794
 5904
 11684
 14266
 16384
 13530
 10919
 25196
 8378
 11834
 16409
 24765
 7023
 14463
 25053
 8182
 16887
 13519
 19059
 21094
 9075
 7481
 16764
 22745
 7151
 9674
 17439
 6283
 13476
 7363
 17708
 9759
 20544
 6762
 20830
 7275
 6922
 12704
 24966
 13846
 16384
 15764
 7814
 11270
 14339
 6198
 21883
 14547
 8246
 7054
 9664
 24032
 19683
 10094
 6158
 8363
 9695
 8133
 12520
 8898
 18287
 11286
 13334
 11960
 14955
 19464
 12816
 17112
 24161
 8351
 7549
 21338
 14525
 7627
 9340
 23956
 12231
 24831
 9828
 10451
 16814
 7653
 12391
 12810
 13828
 17232
 13180
 7945
 10250
 7762
 11261
 21170
 19886
 9263
 6318
 10760
 5873
 12657
 13280
 5673
 17390
 22493
 13556
 16734
 25496
 20295
 23331
 14608
 16931
 6018
 11806
 15325
 23557
 9530
 14482
 11755
 15646
 6373
 9742
 10108
 14551
 25079
 13992
 20931
 5735
 8789
 24060
 14295
 20924
 6125
 14902
 25253
 12824
 13604
 17459
 19274
 25305
 13936
 19171
 14337
 14365
 20167
 15858
 7706
 8293
 12502
 15751
 24524
 6202
 9751
 5644
 11948
 23342
 9437
 13615
 14270
 5765
 17650
 8008
 24268
 13811
 6948
 13564
 12565
 11911
 9371
 11617
 12839
 10504
 7086
 14980
 16976
 12927
 8598
 7911
 10769
 5846
 23682
 13679
 17493
 21791
 16045
 15805
 24128
 8984
 8557
 20699
 21067
 8525
 16237
 10265
 18095
 11551
 7806
 6648
 16416
 7491
 6697
 7976
 13181
 18190
 11113
 12077
 10148
 12400
 14615
 6247
 10635
 22654
 21317
 12786
 18061
 24565
 17614
 7498
 13025
 18844
 24685
 25619
 9457
 25033
 17998
 15289
 17834
 16166
 19747
 13044
 21103
 16565
 17240
 14670
 11763
 11538
 10217
 11591
 8038
 22265
 17970
 14264
 25296
 7399
 23718
 13559
 12956
 19141
 8804
 13115
 24119
 6370
 11207
 21953
 8601
 23232
 7293
 18190
 24642
 21299
 8347
 7606
 11945
 11365
 18031
 8348
 13617
 14269
 8662
 17850
 20318
 16160
 13167
 7715
 17383
 14841
 22031
 10760
 18859
 7062
 18710
 10168
 13065
 18323
 8802
 17547
 8682
 7995
 17699
 8129
 15394
 15595
 10318
 19462
 8055
 22745
 13622
 7385
 12257
 10645
 9080
 16686
 17683
 10192
 12854
 13008
 14168
 5818
 12999
 15115
 11778
 19568
 14572
 21289
 12927
 9238
 9286
 23451
 6445
 8352
 19238
 17690
 13296
 13784
 22437
 13710
 9569
 16795
 25013
 11439
 14761
 11012
 14167
 9898
 19086
 11854
 9967
 10599
 5869
 16180
 13429
 6089
 15977
 19291
 18382
 14229
 15874
 6963
 11770
 17751
 8586
 8569
 16687
 11809
 17268
 11137
 14310
 24181
 12110
 18226
 22420
 10820
 16689
 20722
 24988
 13560
 22806
 18340
 15586
 9904
 14571
 20622
 25731
 17418
 16742
 11328
 8580
 21862
 24250
 12658
 20968
 14503
 13896
 18766
 18502
 20541
 25335
 16238
 8378
 18978
 17863
 6983
 12507
 8194
 7170
 16742
 9901
 25246
 9844
 16537
 22776
 21618
 7005
 21617
 17912
 6037
 14852
 12166
 20054
 9410
 17806
 13564
 14423
 9269
 16655
 17061
 22356
 6295
 12929
 18216
 12682
 14942
 17267
 7168
 23922
 16879
 11043
 18280
 22868
 25733
 7759
 17493
 6583
 19862
 14537
 14948
 25276
 15924
 23177
 13526
 9676
 7218
 20935
 19160
 9743
 13575
 6633
 7432
 15135
 16600
 20121
 19510
 20860
 12113
 21787
 19815
 8993
 17011
 12253
 16160
 23447
 10069
 12368
 9185
 25737
 11108
 11479
 9711
 14263
 14253
 17310
 18518
 23535
 10749
 22668
 10543
 8440
 20455
 18459
 14623
 7409
 16869
 17160
 15872
 13850
 10338
 16678
 10116
 9265
 6616
 17688
 8983
 11264
 9270
 20511
 9284
 8180
 14180
 18480
 8314
 18609
 22473
 13866
 7185
 11397
 13357
 9446
 9352
 13787
 17211
 16720
 9232
 10032
 24873
 6165
 10831
 10955
 12667
 15453
 18494
 21032
 21604
 13339
 15891
 24310
 21391
 10051
 12390
 16610
 13022
 11900
 8174
 17651
 18000
 23253
 22028
 12247
 7976
 12349
 12235
 7422
 21580
 7021
 17093
 6470
 10731
 19433
 13994
 24310
 23650
 12648
 11229
 11504
 17473
 15375
 9343
 7872
 14921
 7108
 24496
 19098
 22233
 14434
 11090
 23555
 12522
 16905
 16945
 19822
 18199
 7096
 7456
 16586
 11105
 21533
 9894
 13242
 15218
 8363
 8281
 6117
 16577
 16590
 9833
 17103
 14837
 24603
 15104
 12840
 25389
 17132
 6825
 16771
 23230
 24490
 8335
 14090
 20927
 7275
 22759
 18768
 21666
 12351
 11056
 15815
 13764
 20678
 12857
 17779
 18695
 7300
 17156
 14175
 13469
 18327
 25515
 9007
 12201
 6472
 12256
 8469
 11520
 8288
 11993
 16135
 15318
 6814
 10027
 19857
 25142
 15078
 12758
 15719
 12209
 25883
 12386
 10782
 17339
 25904
 11528
 11195
 6642
 15228
 24628
 11884
 17857
 21004
 8106
 9302
 20420
 23838
 20422
 18543
 19085
 9771
 15080
 23981
 15686
 21859
 12368
 11518
 10296
 22048
 17159
 6521
 16012
 10100
 8574
 7221
 7279
 6916
 12218
 17657
 15195
 10234
 8016
 15476
 14772
 10485
 9902
 22062
 8240
 16964
 19771
 17982
 17051
 10099
 15327
 18013
 8345
 16420
 13798
 18107
 8557
 16481
 24800
 10704
 26074
 10353
 15597
 10934
 8840
 12746
 12632
 13941
 14538
 13351
 17953
 8479
 17981
 19193
 7359
 20574
 23987
 17986
 16550
 21770
 8657
 7744
 16133
 12383
 7958
 20231
 11603
 8718
 22525
 9394
 12524
 15315
 18820
 23867
 17206
 13319
 10478
 9609
 14633
 24343
 18278
 23018
 12846
 25557
 24453
 15041
 12166
 14573
 13878
 16449
 12015
 17723
 13112
 7739
 10595
 8763
 7076
 14900
 23617
 25281
 21840
 18363
 15792
 12778
 23026
 12506
 10465
 24146
 7689
 8586
 9781
 9607
 19608
 16780
 22719
 21438
 10964
 12501
 9099
 15781
 9249
 12073
 11806
 19257
 11128
 8908
 14272
 12505
 12300
 12212
 20984
 15322
 12109
 21987
 25302
 8573
 19820
 15541
 25751
 7710
 6400
 16244
 12100
 12461
 22376
 15124
 19836
 16450
 17490
 8764
 16468
 6829
 6556
 16449
 11036
 12620
 12153
 18330
 14116
 12641
 6422
 23055
 15390
 11971
 13213
 7123
 10373
 13556
 8218
 16884
 13983
 12210
 6812
 14640
 7007
 13778
 10014
 17643
 15310
 18218
 12743
 13118
 12907
 17869
 21839
 18578
 23664
 24125
 19907
 18573
 21239
 12956
 6282
 21260
 11837
 15651
 15464
 21650
 15558
 18871
 6819
 10624
 12161
 7608
 23397
 12390
 16845
 14716
 11074
 14104
 15260
 18268
 12474
 17572
 10583
 9965
 21793
 6563
 16962
 18450
 21309
 18767
 21986
 13680
 24911
 12532
 8636
 12386
 8982
 7241
 16800
 21038
 17649
 15489
 12293
 14999
 21059
 11901
 20886
 7348
 19227
 18916
 17422
 9889
 15637
 7926
 14753
 18933
 25467
 9757
 13211
 13108
 17552
 21830
 14092
 11494
 9391
 12750
 11876
 6568
 19855
 13824
 19739
 16865
 9546
 9310
 12468
 8311
 11742
 11070
 20867
 18499
 26035
 16663
 14541
 17506
 22686
 18235
 18671
 11501
 17029
 18312
 19074
 12908
 13028
 26170
 17757
 17831
 17456
 16899
 13724
 22653
 10138
 12350
 6943
 6840
 16471
 12864
 16854
 14304
 10589
 21584
 9915
 13135
 22640
 18264
 25440
 18373
 22814
 9116
 6987
 14686
 12999
 12555
 17919
 6561
 11937
 11220
 11806
 15033
 6427
 10139
 6892
 25161
 8929
 14795
 17909
 7899
 23039
 24334
 17393
 12570
 12553
 23387
 23623
 23746
 18075
 10352
 16719
 9812
 6716
 16673
 21277
 8110
 7785
 15759
 10267
 17306
 21679
 22971
 10294
 7430
 9816
 15037
 17404
 16980
 15754
 6929
 16292
 18963
 13452
 21009
 13807
 22765
 10250
 10217
 8973
 19266
 6491
 11430
 13827
 7510
 13826
 18032
 12812
 17222
 8146
 10299
 18877
 13985
 18389
 10136
 11437
 8564
 9647
 26033
 24597
 8294
 9950
 15541
 20980
 22630
 17028
 10353
 10199
 15682
 23336
 24064
 22647
 17849
 14394
 17411
 17219
 14450
 12310
 16884
 9792
 7311
 11499
 23191
 19821
 11037
 12477
 20755
 10380
 8429
 16903
 7744
 15582
 13191
 21284
 10146
 9486
 16253
 8208
 17237
 20145
 16639
 20203
 20712
 11020
 8558
 13406
 23310
 13431
 19218
 11841
 12403
 17345
 9487
 9308
 11629
 8020
 15733
 17549
 18355
 19194
 19000
 9385
 16658
 16319
 20288
 6566
 19581
 14553
 13633
 6552
 18405
 8838
 14861
 17979
 16970
 11861
 13512
 20273
 19856
 9544
 8765
 10827
 17558
 17528
 13008
 16461
 10211
 13401
 15411
 14254
 14721
 19647
 10397
 10013
 19438
 15009
 23799
 18570
 13713
 14781
 12249
 9508
 8010
 16477
 21333
 15295
 25133
 18169
 7441
 9625
 9649
 11485
 17339
 16412
 13572
 16555
 9112
 7430
 12641
 19204
 8542
 19207
 13732
 17668
 18563
 6827
 14621
 24235
 10774
 18810
 17892
 9539
 11564
 14108
 10380
 22110
 10941
 13984
 16827
 14336
 12592
 15678
 7160
 14654
 12020
 10012
 15462
 10341
 12721
 14574
 22800
 14749
 8126
 17762
 16453
 8879
 19284
 18523
 10919
 18821
 6627
 10300
 11262
 24050
 13028
 15271
 16178
 12562
 13102
 15686
 26393
 8915
 20429
 17770
 22574
 18835
 11024
 16242
 19267
 17259
 26274
 15375
 21976
 9901
 25531
 16773
 16044
 13067
 21399
 10612
 16147
 12440
 11304
 17560
 13992
 18770
 21768
 7502
 11781
 15200
 8369
 25241
 14737
 18456
 26096
 25891
 12410
 18821
 19863
 21223
 16516
 14311
 10355
 19663
 16096
 22299
 24957
 11833
 21152
 6941
 24660
 13728
 13833
 13771
 8651
 8312
 20042
 12780
 12127
 15961
 15437
 16240
 17357
 16224
 23787
 18137
 13953
 16851
 10597
 15483
 16881
 25347
 25296
 20960
 13067
 22391
 22960
 8432
 23436
 20038
 21449
 22447
 18036
 9157
 13842
 23110
 17046
 10082
 18859
 13159
 14899
 10928
 10032
 9675
 13513
 16485
 10959
 7294
 10344
 18112
 14006
 17470
 18790
 12206
 24720
 20831
 26196
 23631
 23314
 12563
 10833
 14452
 7632
 17384
 12477
 10540
 16214
 15762
 20464
 13600
 13684
 18379
 15627
 9499
 8633
 10040
 10351
 9838
 12995
 26030
 18062
 9491
 18614
 19508
 16831
 12432
 22156
 7243
 17973
 8574
 9772
 12268
 15378
 22411
 16957
 24784
 9848
 11101
 11164
 7574
 21249
 25560
 8780
 18304
 23535
 24961
 23406
 17951
 25286
 14372
 16594
 7537
 16345
 23155
 17805
 16871
 18914
 7088
 18763
 17676
 11382
 14765
 19590
 18435
 7064
 7218
 16631
 9072
 12301
 14719
 15245
 18778
 9040
 19699
 9436
 10799
 17063
 24652
 9464
 21801
 17494
 18607
 20546
 7471
 26418
 9162
 22370
 18143
 21944
 24280
 11189
 12074
 20319
 10405
 20201
 9729
 25324
 13682
 13191
 9903
 7365
 17628
 20720
 13543
 11847
 18488
 21964
 17887
 11099
 26562
 13790
 8828
 17287
 10870
 19132
 23953
 13186
 15454
 7741
 12450
 19498
 8078
 22644
 9006
 13433
 10508
 10908
 16429
 18580
 15347
 21428
 12789
 10086
 8410
 18958
 25955
 17741
 7601
 20931
 20217
 22516
 21036
 8009
 21283
 15041
 15459
 14887
 13726
 16303
 24024
 13991
 22234
 6910
 16827
 17357
 15039
 15818
 7978
 21192
 11055
 19162
 14493
 9927
 11243
 19194
 19074
 11502
 19577
 7626
 19748
 14697
 19203
 17400
 16305
 19456
 7491
 26732
 25404
 16907
 23230
 19107
 13056
 11368
 23247
 10654
 12070
 15051
 15366
 9019
 26377
 12405
 24976
 13924
 7672
 22760
 10168
 15399
 15676
 11769
 16814
 20775
 16378
 12647
 9351
 12752
 7419
 16268
 9094
 8400
 22474
 9778
 8602
 14148
 7550
 14759
 11783
 10033
 9625
 9236
 17641
 16564
 23312
 10538
 17335
 8092
 7403
 10558
 24164
 15863
 14927
 10583
 20620
 23754
 22139
 25189
 18701
 25861
 18384
 22292
 8275
 21685
 9941
 17410
 15673
 15964
 10393
 18157
 24684
 17182
 14042
 19984
 8146
 18430
 7046
 17296
 7820
 25257
 7712
 19442
 11992
 26960
 18661
 8943
 14490
 8732
 8719
 10986
 15611
 12157
 8953
 18786
 14994
 13828
 12581
 26435
 16131
 10002
 22363
 11266
 24869
 11535
 18610
 10088
 13929
 18271
 23732
 15182
 7735
 10771
 18589
 22091
 9339
 11516
 15524
 19722
 8000
 26245
 16541
 9727
 16443
 9058
 13374
 13339
 10828
 19363
 11137
 17278
 22433
 16461
 11050
 15661
 15803
 23659
 18121
 16132
 7892
 7265
 26338
 7949
 23393
 13889
 11531
 19442
 7125
 21570
 10357
 20431
 18503
 21358
 21999
 7660
 8949
 23194
 14407
 22025
 19592
 23963
 7858
 18619
 25658
 24759
 7471
 17558
 8725
 16954
 10567
 15723
 18173
 13034
 18487
 12917
 21649
 11165
 19537
 7918
 22127
 11146
 7584
 18759
 16662
 10269
 22987
 19288
 16111
 10415
 18236
 7252
 16718
 20597
 26497
 18465
 26582
 7991
 9458
 20582
 19259
 22116
 26516
 7494
 18764
 14116
 23389
 23117
 15440
 17518
 17113
 8808
 26352
 17948
 11213
 21497
 26453
 16476
 18906
 21835
 19539
 10248
 10628
 8835
 19879
 7831
 14004
 14776
 22909
 8469
 12730
 12997
 19734
 20977
 14199
 11100
 24423
 23798
 14906
 10685
 11013
 22396
 9193
 7815
 15968
 8896
 8675
 11150
 25165
 14609
 12356
 17390
 10537
 9740
 20776
 9535
 18362
 9835
 17139
 12074
 9272
 23257
 10897
 13242
 14092
 15433
 16121
 19990
 8536
 24584
 19255
 25166
 9624
 19152
 13291
 15508
 11303
 12894
 19756
 16558
 10629
 13830
 18512
 17993
 10103
 14085
 11920
 18448
 9231
 10840
 20328
 8668
 9998
 7563
 9917
 18862
 26823
 7444
 23522
 23099
 14182
 15426
 15004
 13512
 16913
 8432
 17348
 25175
 7918
 22526
 11054
 9504
 21221
 21665
 17448
 9475
 16167
 10458
 10724
 14844
 10095
 20677
 7801
 11129
 13576
 16883
 15335
 17576
 15727
 17338
 9146
 23156
 8602
 11723
 18609
 20082
 15225
 9253
 10815
 11127
 12764
 12360
 12594
 26413
 21398
 11244
 16274
 16997
 18048
 20787
 10668
 15406
 11873
 9244
 12527
 21511
 18188
 12089
 16119
 21745
 26379
 18276
 27241
 23913
 14267
 10861
 18878
 21109
 24055
 15159
 17411
 14237
 9722
 26180
 19519
 15580
 16159
 22990
 16375
 10134
 7531
 17912
 15887
 8684
 11565
 17572
 17906
 21198
 13412
 21574
 20820
 13905
 10435
 16248
 15254
 10145
 12273
 26671
 9738
 10232
 25140
 23599
 11287
 10864
 12366
 11451
 26559
 22709
 18280
 15695
 16799
 16095
 13327
 11121
 10103
 18943
 13948
 8453
 19914
 19831
 11288
 10176
 23112
 15695
 12863
 17312
 12138
 14885
 26180
 22202
 23006
 11268
 26294
 19315
 13637
 11161
 11202
 17619
 13560
 23682
 12153
 20983
 9170
 12039
 13844
 9990
 20458
 11246
 17108
 8583
 12191
 22538
 13551
 11953
 21785
 18931
 19176
 13122
 23886
 17724
 10941
 9716
 10082
 14369
 15879
 19885
 27155
 26303
 8126
 10581
 11028
 26249
 24411
 10542
 15543
 21688
 26114
 9471
 8145
 19138
 12448
 11954
 15416
 13774
 13329
 17407
 20752
 20071
 9893
 13704
 26919
 13743
 16739
 17926
 7486
 18166
 8335
 8483
 17737
 15723
 13032
 18218
 16281
 15570
 20533
 14428
 19479
 17015
 22402
 19269
 17779
 15266
 19141
 10926
 11775
 26252
 13446
 26259
 9045
 20208
 22686
 16376
 11936
 11813
 25151
 11992
 15162
 14859
 13108
 13887
 12785
 19877
 14442
 12089
 24527
 8678
 26544
 22761
 18811
 18254
 19131
 18302
 13562
 9687
 15213
 17923
 13882
 8171
 13655
 14678
 8048
 10617
 24700
 24060
 18368
 21831
 14679
 24595
 14333
 19594
 11264
 12167
 21202
 25780
 10572
 25737
 8864
 18317
 9011
 18493
 27336
 24965
 9653
 21939
 12044
 15400
 19231
 18201
 14162
 19828
 10634
 13583
 17033
 27207
 9158
 12507
 14382
 21949
 26293
 26557
 9648
 24920
 26106
 10533
 13395
 15936
 9332
 9156
 21970
 23566
 7814
 10177
 7593
 19427
 17017
 14765
 13202
 18974
 24771
 22616
 8238
 18702
 10762
 12037
 14855
 17765
 15364
 10300
 9651
 24110
 12353
 10688
 18107
 15264
 19787
 16256
 22973
 13874
 10028
 14321
 14415
 13682
 16145
 11963
 23621
 10481
 8430
 17810
 16596
 9921
 17026
 14857
 26008
 21602
 11804
 19394
 23795
 27481
 10398
 11625
 22583
 8514
 14913
 11778
 14598
 19688
 15002
 23904
 10584
 16914
 14427
 16887
 21885
 9792
 14973
 12532
 8195
 22454
 8028
 21324
 21370
 15160
 8963
 18674
 20566
 19128
 13994
 15917
 12949
 11723
 21885
 10729
 13090
 21922
 12959
 8301
 20825
 10200
 7759
 11949
 20076
 10632
 8458
 14496
 12421
 8737
 16881
 17237
 8364
 26235
 9644
 17537
 10092
 13484
 19631
 8957
 12049
 11831
 21723
 18318
 16533
 17733
 16296
 12996
 17051
 13814
 22403
 20711
 21915
 17913
 21843
 13391
 9568
 14394
 7744
 8467
 19182
 20924
 23925
 20420
 21608
 8200
 11269
 15131
 17681
 21092
 10316
 15120
 23793
 25127
 9080
 10829
 19418
 17388
 15112
 25570
 11852
 12998
 8851
 13146
 22582
 11347
 19884
 12366
 18685
 15827
 12069
 14872
 7682
 12474
 9778
 13099
 12447
 14052
 13359
 26465
 11410
 11593
 13924
 17717
 13406
 14386
 19848
 15826
 26062
 25514
 25892
 19499
 16379
 11000
 9305
 24493
 12656
 16429
 19525
 13074
 17484
 23577
 23681
 13463
 19623
 8611
 8655
 8048
 14137
 19448
 7763
 18651
 10903
 16002
 16670
 17362
 20000
 8765
 23667
 23205
 26039
 16039
 9508
 20359
 25489
 25911
 15996
 17320
 19858
 16495
 24483
 19779
 23059
 20084
 16221
 13208
 12454
 24734
 15316
 14717
 8669
 26603
 8791
 15249
 19208
 11672
 27011
 14737
 13118
 11219
 10945
 13774
 14046
 20299
 14608
 17631
 8310
 16841
 12549
 10643
 11492
 19523
 11792
 22345
 14010
 16046
 20256
 17828
 18119
 20883
 17834
 11545
 14004
 11526
 9382
 9035
 26189
 17203
 25018
 8889
 9345
 12954
 10715
 23093
 22667
 14269
 8689
 22553
 9938
 18390
 19515
 10998
 25517
 12590
 11795
 9005
 12139
 15948
 8819
 16417
 17074
 14507
 12055
 8108
 15142
 25712
 10469
 16465
 19597
 11994
 18539
 11698
 19537
 26202
 21704
 10403
 24070
 16869
 14254
 10270
 16972
 24487
 14374
 15833
 19478
 11259
 9844
 15285
 13516
 19769
 11868
 11128
 13199
 14926
 12678
 12349
 13051
 14450
 24382
 8747
 19538
 11158
 8735
 15107
 19446
 16988
 12337
 24158
 8310
 26124
 19887
 10455
 11981
 11780
 9838
 11812
 16040
 10192
 10140
 9546
 10183
 21274
 17989
 9489
 22725
 8868
 22172
 13974
 24667
 16819
 20376
 13537
 11234
 21678
 10077
 9430
 10168
 26824
 22428
 14799
 17796
 17466
 14717
 16682
 17341
 16244
 24476
 27583
 15753
 15925
 17426
 11285
 21218
 8026
 23766
 19317
 19773
 26003
 9091
 13822
 13966
 14620
 11868
 14939
 10566
 7947
 17581
 17810
 10462
 23781
 14259
 16447
 12825
 10966
 21183
 11521
 20324
 23808
 12087
 15474
 11521
 10707
 16990
 27292
 16134
 8607
 17174
 19338
 25279
 9574
 9762
 12797
 8123
 16213
 20272
 19041
 12997
 11764
 19575
 17920
 18897
 24188
 27038
 12436
 18811
 16873
 15037
 26978
 20778
 12496
 17864
 17029
 21370
 23122
 27433
 17193
 11482
 14321
 10348
 24730
 23603
 11299
 13826
 10172
 8587
 23749
 12862
 22844
 13577
 19570
 12164
 24102
 17241
 25396
 11363
 20856
 7986
 17306
 12576
 16823
 21751
 23050
 9461
 8545
 8443
 24697
 20666
 13443
 27016
 8569
 23427
 18188
 18689
 16466
 17001
 25281
 12774
 14869
 12142
 10866
 23544
 16908
 10299
 25229
 15998
 25782
 13068
 10706
 16008
 11794
 23407
 20423
 27794
 22777
 11464
 17228
 13771
 18833
 9145
 19633
 16758
 17471
 22400
 20551
 12368
 18845
 22785
 17525
 12372
 8236
 19238
 24076
 8187
 17803
 16708
 15773
 19944
 24745
 9376
 20201
 10883
 17272
 17682
 15513
 12196
 27235
 19849
 19504
 12435
 19105
 11407
 13885
 16237
 8170
 15725
 20181
 26058
 25769
 27986
 17440
 15036
 16307
 10512
 27123
 16218
 15383
 20200
 15806
 9822
 22710
 19976
 9543
 25740
 22549
 26098
 19895
 16981
 13009
 20286
 26547
 8475
 18194
 8226
 12686
 11413
 19907
 8786
 9117
 11829
 20289
 9955
 10091
 9928
 12561
 19252
 26638
 15933
 14647
 17358
 18233
 20650
 21125
 10411
 8147
 13291
 19377
 18198
 24200
 18445
 17706
 20913
 20447
 19978
 18956
 17533
 25356
 20822
 16337
 16661
 15847
 21337
 17322
 24892
 11676
 22174
 11503
 17368
 18468
 27980
 16308
 10847
 23252
 10642
 22461
 19761
 16341
 9672
 25843
 18534
 11892
 8851
 19959
 21258
 18042
 10154
 14422
 13957
 21279
 13431
 13213
 13056
 23611
 16896
 9199
 11237
 18461
 11175
 23125
 12006
 22143
 23662
 20181
 11105
 14969
 12287
 10215
 12963
 21973
 17835
 15747
 17738
 24803
 9201
 19423
 10543
 27086
 18401
 23960
 23748
 8207
 19714
 14542
 26906
 19329
 27633
 20118
 19047
 19540
 17835
 16746
 14469
 11942
 26636
 23491
 14654
 12014
 19577
 16138
 11879
 16571
 18619
 9227
 26987
 12061
 21997
 16779
 22154
 10082
 12632
 9883
 13697
 13956
 18877
 12589
 11308
 26369
 13331
 17223
 13385
 16843
 13489
 24407
 18526
 18592
 12910
 20869
 18558
 11389
 9703
 18543
 13608
 28111
 17985
 14896
 10768
 8394
 11248
 13730
 11938
 18750
 16951
 11911
 23909
 19174
 17169
 18946
 9052
 22851
 18895
 13995
 18163
 10665
 16515
 17475
 23800
 9271
 9148
 18820
 20423
 10157
 26899
 11229
 26635
 19321
 14245
 22173
 19650
 14131
 16930
 13005
 27136
 8490
 15046
 16099
 22262
 22878
 18502
 22388
 19860
 10575
 8813
 12394
 19533
 21365
 26791
 10038
 17915
 20370
 8830
 14024
 16707
 16518
 18595
 14557
 16378
 23841
 16367
 8952
 13671
 9662
 20522
 18356
 17451
 23918
 15725
 16984
 22718
 11378
 19363
 16556
 22076
 13325
 18229
 27947
 28032
 9369
 27398
 22746
 12656
 24729
 16091
 27800
 26105
 20431
 13728
 11606
 25180
 10064
 12903
 12233
 10025
 20980
 12242
 21790
 23979
 11634
 18451
 22669
 19781
 9355
 13906
 25041
 14811
 11334
 21870
 19127
 16435
 26236
 15688
 17269
 11197
 9940
 14653
 18877
 18930
 10226
 22738
 12017
 17849
 15596
 24756
 26425
 20912
 19678
 23808
 21876
 10280
 21918
 16737
 16971
 21265
 14322
 23321
 10764
 23033
 8512
 12354
 9045
 16367
 18054
 24980
 10767
 24717
 14507
 11658
 17854
 20501
 25366
 17568
 19222
 17818
 16190
 23488
 23344
 19074
 11874
 15677
 12669
 16843
 19802
 14751
 15578
 15532
 11085
 17537
 12132
 26942
 9060
 14647
 18222
 19995
 22047
 22868
 26961
 10245
 11687
 28299
 12740
 9450
 27075
 13364
 12140
 16518
 20655
 13009
 19445
 23337
 20362
 9809
 14786
 28315
 8462
 14549
 11585
 17022
 15590
 15218
 8578
 18131
 22555
 18838
 19050
 14495
 15503
 12910
 17827
 12815
 11182
 16423
 14486
 16025
 14945
 19540
 10716
 11237
 10405
 9584
 8593
 13069
 9692
 11364
 11562
 26273
 24131
 17771
 9960
 15181
 11075
 16531
 18862
 10655
 26091
 12903
 14096
 11427
 15774
 12939
 9132
 23314
 26377
 13000
 27613
 27179
 14168
 27017
 8685
 14496
 12682
 27365
 16523
 28180
 15554
 25309
 12894
 21987
 28415
 11176
 25849
 18307
 11918
 24846
 18927
 9962
 20446
 17170
 17800
 17360
 11348
 11219
 22133
 20630
 25409
 20116
 12352
 14247
 10001
 9915
 20808
 10206
 27333
 12855
 11916
 14664
 13699
 27046
 22469
 23659
 17675
 19413
 19033
 22472
 19790
 10569
 24045
 11197
 28379
 17086
 22011
 12173
 10778
 8590
 24645
 9508
 12860
 26676
 20808
 23574
 13298
 9394
 17332
 17511
 21725
 10447
 9787
 26288
 19942
 26245
 19464
 16417
 11952
 19482
 26707
 9826
 9194
 12845
 10514
 11967
 16329
 17684
 8753
 16291
 9910
 23556
 12741
 15459
 9764
 17776
 9725
 20350
 27748
 22581
 20602
 14180
 19676
 16886
 13633
 22901
 21237
 21315
 11311
 9547
 18804
 20735
 17933
 15835
 13004
 19554
 15651
 15736
 25490
 20188
 19153
 23448
 21265
 21660
 10748
 9851
 19135
 12560
 26022
 12009
 17104
 15341
 10146
 20444
 14217
 14034
 20518
 24894
 11831
 12168
 17537
 14803
 16705
 10412
 11951
 18202
 24155
 21776
 25035
 13968
 20733
 27102
 17284
 13462
 13588
 17183
 22323
 19285
 27671
 26364
 21260
 10367
 16252
 22275
 17587
 20695
 22060
 16107
 17681
 13203
 24340
 14683
 20391
 15329
 20574
 20872
 12642
 19016
 28415
 10398
 25264
 9520
 23378
 17122
 13554
 21157
 17829
 20373
 13842
 16216
 16819
 28571
 18870
 22246
 14610
 12252
 17270
 9021
 14669
 15211
 15307
 14845
 18676
 26246
 10376
 9499
 12850
 9597
 21294
 15372
 17152
 12278
 16730
 14943
 9497
 15759
 26849
 20203
 21166
 22982
 12704
 13868
 18938
 19222
 12461
 15016
 19960
 22883
 22866
 23671
 19956
 15800
 17147
 17378
 13119
 25743
 17325
 14315
 14119
 13649
 18298
 10446
 21798
 23006
 15314
 19718
 11610
 26415
 9628
 12050
 27445
 11034
 25637
 16857
 13910
 17941
 20280
 14893
 25688
 27743
 10768
 12588
 22281
 12988
 15434
 16140
 18781
 20799
 13790
 16472
 12484
 13517
 26990
 15190
 12154
 26911
 16224
 24716
 18685
 17608
 10057
 24226
 15044
 13752
 9323
 21192
 19758
 27776
 17984
 10331
 12473
 21911
 16695
 13413
 15220
 15933
 15967
 12547
 19607
 15006
 11650
 25131
 19729
 23737
 15348
 13869
 10850
 9825
 10155
 18809
 8906
 22979
 28177
 12033
 13474
 21865
 12535
 10881
 22026
 18591
 25869
 14172
 12130
 21972
 26320
 22408
 14333
 9988
 13027
 14094
 19603
 26227
 18273
 20843
 16854
 22268
 28753
 9594
 27815
 26315
 16059
 16725
 16906
 28520
 15899
 24089
 26775
 20373
 14004
 28554
 9938
 25369
 8870
 14263
 11005
 13246
 17410
 11072
 26093
 14552
 14461
 16053
 21146
 21064
 22052
 21088
 21307
 19423
 11696
 27717
 11345
 12455
 12218
 21193
 12067
 25342
 20848
 15089
 10123
 24708
 19016
 19309
 9166
 13752
 9332
 18997
 13809
 17021
 10454
 27826
 11722
 12451
 16598
 21472
 26677
 14851
 12403
 13042
 19752
 25099
 24375
 12439
 15337
 20283
 19630
 13564
 14686
 9679
 24215
 14738
 18758
 10110
 26651
 19633
 12902
 16194
 14238
 10077
 10854
 21625
 12500
 12488
 21661
 18859
 9334
 25016
 17002
 24429
 12533
 20810
 13605
 12614
 13326
 15735
 13749
 16112
 13087
 17654
 27044
 15649
 15673
 24355
 20752
 15018
 11478
 21246
 19714
 28576
 20749
 20823
 12516
 18585
 18851
 14569
 10031
 15769
 18276
 16356
 20227
 22606
 13907
 18191
 22426
 22104
 20798
 28429
 20607
 14990
 21174
 21440
 20635
 16957
 11229
 20268
 17009
 19378
 9089
 27261
 28459
 13593
 17896
 21259
 14771
 13703
 13068
 26045
 20166
 14133
 28137
 11244
 10054
 16462
 9012
 17610
 13296
 24363
 22607
 16354
 21070
 15164
 27962
 9825
 16173
 25195
 17068
 19349
 19569
 11868
 14403
 17717
 28903
 11831
 19352
 13026
 20891
 15977
 18038
 17517
 17388
 26183
 13804
 18745
 25789
 16276
 24129
 19489
 24205
 9766
 23048
 18653
 20361
 14692
 24084
 10177
 18048
 24306
 16782
 10087
 9464
 22673
 19524
 15119
 12799
 28992
 16196
 18307
 18052
 14215
 19370
 14816
 23463
 27574
 27574
 10162
 19567
 12138
 21026
 15646
 27899
 19344
 25522
 13318
 11002
 14828
 28428
 28489
 12638
 16124
 18602
 23209
 17166
 10712
 21422
 20593
 28348
 15901
 9685
 12599
 15191
 14891
 16463
 22398
 16609
 13548
 20847
 13951
 10819
 11798
 28030
 22057
 20800
 13714
 10836
 20582
 22184
 18333
 20905
 13216
 15534
 22063
 9865
 28292
 14907
 16411
 14247
 10501
 12964
 15734
 12947
 11940
 17914
 17052
 9742
 19951
 17025
 9999
 27966
 20808
 15651
 15585
 21725
 9928
 21318
 18612
 24439
 12292
 24859
 16703
 9684
 22510
 18776
 14196
 19154
 22686
 13288
 16160
 17015
 18131
 26049
 16787
 16517
 25684
 20822
 17409
 13423
 11324
 21359
 9640
 15147
 14742
 19158
 21491
 26953
 21861
 24307
 24893
 9186
 15304
 28347
 22938
 9492
 25915
 10851
 16947
 23086
 9825
 15739
 20624
 11463
 15393
 17913
 18012
 10036
 10959
 15188
 19715
 24441
 24524
 15475
 15839
 13247
 25840
 17572
 21779
 15111
 17383
 13841
 21303
 18110
 9786
 14800
 18774
 10546
 22672
 27769
 19860
 19524
 20917
 18526
 10899
 20350
 9433
 13622
 12408
 11623
 16507
 14042
 23690
 19061
 10024
 21685
 11547
 16066
 11967
 19957
 22987
 18626
 25719
 10439
 28936
 17811
 14755
 19202
 21914
 9622
 21717
 10913
 12062
 19901
 13248
 10743
 13425
 27462
 11554
 14687
 16400
 18503
 20546
 14322
 23326
 21802
 9687
 11517
 23142
 16507
 24298
 15441
 14849
 12639
 13020
 16604
 21241
 16136
 24234
 9369
 17103
 11751
 10608
 21955
 13339
 11361
 17420
 19856
 19538
 10372
 15525
 11836
 25996
 19771
 25676
 20259
 28582
 18209
 20609
 18483
 11046
 17651
 20089
 24288
 21374
 11625
 15134
 18522
 9554
 14502
 25560
 18717
 25053
 17453
 17675
 13480
 21361
 12919
 19040
 15088
 14845
 20450
 20969
 19477
 15092
 14700
 9503
 21684
 18156
 9313
 18510
 19775
 19108
 21681
 11604
 21291
 22538
 18310
 26534
 17128
 10331
 17268
 19379
 13494
 15212
 19345
 17101
 27286
 15081
 20999
 9797
 15102
 11996
 19016
 15510
 19538
 22704
 12738
 22949
 15727
 25014
 21011
 21575
 21801
 10760
 26494
 9956
 19608
 19820
 23678
 16923
 17038
 12380
 20667
 19653
 12780
 25763
 19995
 25534
 27158
 15178
 11131
 20226
 27556
 21301
 26718
 10932
 12091
 20199
 15204
 10245
 16187
 18093
 10846
 12147
 12953
 14553
 29090
 14032
 25232
 16206
 25275
 12933
 12084
 9628
 11106
 20886
 21256
 29164
 28530
 23783
 13328
 10846
 14552
 23103
 11241
 12880
 25226
 10412
 11960
 11299
 15291
 21704
 25856
 15065
 26764
 15035
 18072
 24161
 23876
 21568
 16988
 17878
 16130
 12588
 18082
 13892
 19634
 10893
 18128
 13837
 15103
 22351
 22477
 20235
 21609
 17285
 10549
 20055
 24471
 25125
 15953
 10378
 16366
 17109
 11430
 15105
 13890
 13669
 18444
 11142
 22668
 19773
 13762
 10829
 15837
 16377
 21760
 23804
 21939
 18034
 19278
 16943
 10890
 28670
 13267
 15547
 12820
 14938
 24400
 17649
 15403
 12104
 19022
 11397
 11974
 13396
 26901
 11663
 11146
 13947
 17343
 26641
 21923
 13006
 18348
 11483
 26708
 28947
 11831
 21420
 25580
 11213
 15112
 9914
 28089
 14333
 13580
 19636
 13345
 21545
 22850
 21989
 22766
 16380
 10871
 18971
 21994
 22509
 11861
 28617
 16780
 11461
 21719
 19690
 15505
 15099
 22528
 10536
 10383
 24642
 11757
 21148
 13829
 10951
 14408
 12918
 14391
 13395
 22206
 27710
 12985
 17591
 16019
 25372
 19562
 28841
 10421
 17302
 22019
 16937
 11502
 16888
 26223
 25961
 20510
 24441
 29150
 11501
 14760
 27419
 23989
 14735
 15915
 16979
 16296
 27238
 13237
 29322
 16810
 24072
 25459
 20099
 18948
 22414
 19627
 14366
 27044
 15607
 13038
 22940
 13976
 15247
 11080
 10596
 27004
 21361
 19098
 27398
 18768
 15435
 18027
 10302
 18446
 14657
 20666
 13562
 18298
 21685
 26038
 29535
 17851
 21509
 13329
 29482
 23081
 28661
 22227
 24275
 13031
 19727
 10539
 15862
 22738
 16552
 21452
 23669
 22139
 24037
 17621
 20184
 17682
 13437
 20912
 21623
 25699
 29537
 13280
 27897
 18726
 10905
 20085
 19933
 13809
 25009
 12258
 19194
 14640
 16756
 19665
 26370
 26360
 28408
 22261
 10092
 17817
 13274
 13536
 20466
 28435
 24523
 14358
 12312
 18314
 19820
 10369
 27023
 25948
 21429
 14087
 22104
 24945
 10364
 15481
 21164
 16469
 29108
 16205
 19388
 14755
 20436
 11694
 13429
 11362
 25786
 20146
 15846
 13364
 25615
 16621
 14085
 10956
 10285
 22341
 12878
 23264
 20511
 20645
 13645
 13184
 22087
 16021
 23423
 10662
 23301
 17930
 24308
 16942
 19735
 24506
 23640
 20264
 13980
 18131
 12498
 26155
 25694
 21964
 10156
 20940
 12623
 20060
 17428
 15791
 11250
 23818
 28866
 12541
 10910
 18820
 22907
 29656
 21886
 12308
 11445
 12523
 19037
 20432
 20253
 21829
 19745
 16785
 12341
 21575
 10516
 13318
 21058
 9883
 18891
 18090
 15173
 16744
 21120
 18803
 13832
 15588
 15971
 17485
 12379
 10793
 23569
 23110
 19423
 11403
 19203
 19851
 16420
 19048
 21899
 14355
 15854
 18753
 21690
 10810
 16541
 12041
 10949
 21041
 16397
 15483
 20297
 11956
 18170
 21617
 18476
 15100
 20904
 12946
 15463
 18486
 27875
 20075
 20513
 19027
 22083
 22722
 23805
 12001
 22642
 16167
 27831
 23899
 13936
 29131
 22282
 24637
 19638
 22421
 23958
 21307
 26234
 11379
 14528
 12369
 17075
 13806
 10907
 15101
 12222
 15330
 17670
 11181
 17696
 21548
 22613
 12147
 18509
 21700
 22388
 16864
 10600
 21677
 27785
 18864
 11595
 9867
 20698
 14466
 24617
 22580
 17071
 10795
 25331
 12554
 23129
 28427
 23864
 28968
 12403
 12256
 15632
 27387
 14696
 14682
 23771
 19315
 11286
 11951
 12293
 14682
 11345
 20687
 27598
 16325
 18794
 16346
 14663
 17192
 20273
 18481
 17886
 18094
 18361
 26251
 24414
 16713
 17339
 27369
 13937
 27399
 10270
 20076
 14952
 13094
 13878
 19013
 18684
 22121
 28490
 15213
 21301
 21804
 11227
 10006
 18827
 12724
 25665
 11810
 17708
 10059
 15735
 11314
 18205
 20874
 16443
 11714
 15716
 13655
 19791
 11187
 15045
 14034
 19587
 23209
 15500
 17451
 28407
 16182
 27371
 10582
 22267
 18774
 12132
 11457
 12282
 22269
 14600
 20901
 12054
 13550
 24033
 13979
 22581
 15118
 11150
 13009
 13245
 15128
 27437
 23133
 22812
 18321
 20062
 23986
 14283
 13599
 11332
 13713
 26707
 21878
 27119
 21025
 15665
 17843
 12889
 13058
 21686
 11372
 10350
 15518
 16626
 9927
 11215
 22721
 16626
 17419
 11256
 13994
 24007
 26197
 22049
 24227
 21194
 23659
 21442
 11470
 28829
 21558
 18010
 23392
 21363
 19307
 13106
 16115
 16114
 20458
 14877
 17046
 10776
 11500
 21091
 15879
 16892
 20438
 20030
 11076
 27223
 20499
 14340
 15198
 11746
 18529
 10759
 11504
 15585
 16842
 22298
 13647
 25473
 17462
 19829
 14561
 14654
 29823
 12858
 15923
 20520
 14725
 23672
 20422
 13351
 22211
 12495
 18697
 18140
 19106
 18294
 14861
 29578
 28620
 26874
 10933
 18325
 20260
 20744
 26092
 27402
 18420
 18093
 19548
 12543
 11751
 17052
 16316
 20252
 22296
 19024
 17929
 11867
 19882
 26354
 10137
 14603
 25050
 15356
 10860
