 184
 207
 262
 326
 370
 444
 450
 460
 539
 546
 549
 567
 597
 603
 658
 662
 715
 737
 771
 777
 838
 844
 869
 898
 906
 909
 925
 930
 941
 951
 1019
 1058
 1071
 1073
 1080
 1122
 1145
 1156
 1176
 1204
 1219
 1230
 1237
 1238
 1239
 1288
 1313
 1336
 1348
 1350
 1356
 1381
 1399
 1409
 1412
 1430
 1435
 1456
 1462
 1464
 1473
 1475
 1503
 1507
 1532
 1556
 1557
 1562
 1592
 1609
 1612
 1614
 1637
 1637
 1659
 1660
 1672
 1686
 1687
 1696
 1704
 1719
 1747
 1750
 1773
 1774
 1782
 1787
 1801
 1805
 1820
 1821
 1825
 1833
 1833
 1834
 1845
 1859
 1860
 1861
 1869
 1884
 1892
 1911
 1925
 1932
 1936
 1946
 1947
 1955
 1967
 1976
 1998
 2012
 2019
 2028
 2028
 2034
 2037
 2038
 2057
 2058
 2062
 2064
 2064
 2090
 2090
 2097
 2103
 2109
 2114
 2119
 2133
 2136
 2137
 2141
 2144
 2165
 2177
 2178
 2194
 2236
 2249
 2255
 2258
 2279
 2292
 2302
 2312
 2314
 2336
 2349
 2350
 2351
 2355
 2355
 2364
 2383
 2388
 2404
 2417
 2419
 2425
 2459
 2461
 2470
 2476
 2485
 2492
 2492
 2506
 2511
 2511
 2527
 2532
 2539
 2542
 2558
 2558
 2563
 2567
 2576
 2584
 2589
 2590
 2600
 2610
 2617
 2621
 2625
 2633
 2634
 2634
 2639
 2642
 2643
 2654
 2656
 2656
 2662
 2662
 2682
 2686
 2690
 2691
 2696
 2698
 2708
 2710
 2714
 2716
 2728
 2732
 2736
 2749
 2750
 2756
 2757
 2779
 2783
 2787
 2799
 2804
 2806
 2813
 2826
 2837
 2843
 2844
 2850
 2859
 2862
 2867
 2871
 2875
 2875
 2880
 2882
 2891
 2898
 2899
 2900
 2929
 2931
 2933
 2935
 2938
 2941
 2942
 2947
 2947
 2949
 2951
 2952
 2955
 2973
 2980
 3002
 3003
 3006
 3007
 3008
 3008
 3015
 3020
 3041
 3045
 3051
 3053
 3056
 3056
 3059
 3062
 3062
 3072
 3077
 3078
 3091
 3097
 3100
 3105
 3115
 3127
 3130
 3130
 3142
 3144
 3150
 3151
 3156
 3166
 3166
 3168
 3185
 3193
 3203
 3216
 3223
 3225
 3233
 3233
 3243
 3261
 3269
 3289
 3290
 3297
 3300
 3301
 3309
 3309
 3314
 3320
 3327
 3333
 3335
 3338
 3339
 3345
 3350
 3357
 3364
 3368
 3370
 3373
 3381
 3383
 3389
 3394
 3397
 3397
 3402
 3403
 3404
 3430
 3434
 3436
 3439
 3439
 3441
 3443
 3459
 3460
 3464
 3465
 3467
 3473
 3475
 3487
 3490
 3491
 3499
 3517
 3538
 3548
 3554
 3554
 3556
 3557
 3592
 3593
 3595
 3596
 3597
 3597
 3600
 3601
 3607
 3608
 3608
 3619
 3620
 3629
 3637
 3640
 3644
 3647
 3648
 3656
 3657
 3663
 3667
 3673
 3676
 3681
 3688
 3688
 3689
 3691
 3692
 3697
 3699
 3706
 3710
 3710
 3710
 3713
 3713
 3714
 3715
 3720
 3725
 3735
 3738
 3744
 3745
 3746
 3753
 3766
 3768
 3771
 3776
 3778
 3783
 3786
 3795
 3807
 3812
 3813
 3814
 3825
 3840
 3846
 3846
 3850
 3856
 3858
 3861
 3862
 3862
 3877
 3877
 3883
 3884
 3894
 3898
 3900
 3901
 3903
 3915
 3919
 3928
 3929
 3939
 3940
 3945
 3949
 3950
 3956
 3960
 3967
 3975
 3976
 3976
 3979
 3983
 3984
 3987
 3992
 3994
 4007
 4007
 4018
 4019
 4022
 4034
 4037
 4043
 4048
 4048
 4054
 4054
 4057
 4058
 4061
 4074
 4075
 4075
 4076
 4078
 4079
 4087
 4089
 4091
 4095
 4101
 4101
 4101
 4105
 4110
 4111
 4113
 4117
 4118
 4123
 4124
 4124
 4125
 4128
 4139
 4144
 4160
 4165
 4171
 4172
 4174
 4174
 4176
 4180
 4182
 4183
 4189
 4197
 4212
 4212
 4213
 4214
 4220
 4233
 4235
 4241
 4245
 4246
 4247
 4249
 4269
 4276
 4279
 4280
 4285
 4285
 4290
 4291
 4293
 4294
 4296
 4300
 4300
 4304
 4311
 4316
 4316
 4318
 4324
 4327
 4328
 4328
 4330
 4331
 4331
 4332
 4333
 4334
 4337
 4346
 4356
 4359
 4364
 4365
 4367
 4370
 4386
 4389
 4390
 4395
 4403
 4408
 4408
 4409
 4416
 4433
 4434
 4437
 4444
 4446
 4449
 4451
 4464
 4465
 4470
 4475
 4477
 4487
 4492
 4498
 4500
 4501
 4502
 4510
 4514
 4515
 4516
 4517
 4522
 4523
 4525
 4526
 4529
 4533
 4535
 4539
 4543
 4545
 4548
 4553
 4567
 4570
 4577
 4581
 4582
 4586
 4593
 4595
 4597
 4601
 4607
 4609
 4613
 4615
 4615
 4619
 4629
 4630
 4633
 4637
 4642
 4643
 4651
 4653
 4655
 4658
 4660
 4661
 4664
 4668
 4668
 4670
 4671
 4673
 4673
 4674
 4675
 4688
 4689
 4691
 4692
 4695
 4705
 4705
 4708
 4710
 4711
 4712
 4714
 4716
 4718
 4719
 4720
 4720
 4725
 4727
 4727
 4738
 4740
 4743
 4751
 4751
 4756
 4762
 4774
 4774
 4777
 4777
 4777
 4784
 4787
 4787
 4789
 4793
 4802
 4819
 4819
 4819
 4819
 4830
 4833
 4835
 4836
 4838
 4840
 4843
 4853
 4856
 4858
 4859
 4860
 4870
 4884
 4891
 4892
 4906
 4908
 4909
 4911
 4912
 4915
 4917
 4921
 4923
 4929
 4939
 4944
 4948
 4951
 4952
 4958
 4961
 4962
 4965
 4979
 4983
 4988
 4989
 4990
 4995
 4996
 5002
 5004
 5004
 5007
 5011
 5012
 5012
 5012
 5013
 5018
 5018
 5021
 5022
 5024
 5030
 5032
 5034
 5039
 5039
 5040
 5045
 5046
 5049
 5051
 5057
 5061
 5063
 5064
 5064
 5065
 5069
 5069
 5076
 5077
 5079
 5084
 5088
 5090
 5103
 5104
 5107
 5107
 5109
 5111
 5111
 5113
 5113
 5117
 5124
 5124
 5128
 5129
 5131
 5134
 5142
 5142
 5143
 5152
 5152
 5154
 5154
 5156
 5162
 5163
 5163
 5164
 5166
 5169
 5174
 5178
 5181
 5182
 5183
 5188
 5189
 5190
 5191
 5191
 5192
 5194
 5198
 5200
 5203
 5206
 5218
 5219
 5224
 5226
 5234
 5242
 5242
 5246
 5250
 5257
 5257
 5260
 5262
 5271
 5272
 5273
 5273
 5274
 5278
 5280
 5285
 5286
 5287
 5292
 5297
 5310
 5311
 5312
 5313
 5314
 5315
 5317
 5319
 5321
 5321
 5323
 5325
 5326
 5330
 5334
 5346
 5349
 5349
 5349
 5350
 5352
 5353
 5370
 5374
 5378
 5379
 5380
 5380
 5388
 5390
 5391
 5396
 5403
 5405
 5405
 5407
 5411
 5412
 5413
 5418
 5420
 5424
 5426
 5437
 5443
 5447
 5456
 5457
 5457
 5460
 5460
 5461
 5461
 5470
 5471
 5473
 5479
 5480
 5483
 5485
 5489
 5490
 5493
 5493
 5497
 5498
 5499
 5499
 5500
 5505
 5506
 5506
 5511
 5511
 5512
 5513
 5518
 5519
 5523
 5525
 5529
 5531
 5537
 5543
 5545
 5546
 5552
 5552
 5553
 5555
 5563
 5568
 5569
 5569
 5570
 5570
 5575
 5579
 5580
 5580
 5582
 5583
 5584
 5585
 5588
 5593
 5594
 5594
 5595
 5596
 5596
 5596
 5598
 5603
 5606
 5606
 5609
 5611
 5612
 5617
 5619
 5621
 5623
 5626
 5628
 5628
 5634
 5644
 5646
 5649
 5650
 5652
 5660
 5663
 5667
 5670
 5672
 5673
 5673
 5674
 5674
 5675
 5678
 5679
 5679
 5683
 5688
 5692
 5693
 5694
 5699
 5699
 5702
 5712
 5714
 5718
 5719
 5723
 5725
 5732
 5734
 5735
 5735
 5737
 5740
 5745
 5747
 5751
 5756
 5762
 5765
 5767
 5769
 5771
 5771
 5772
 5773
 5776
 5777
 5777
 5782
 5785
 5786
 5787
 5788
 5798
 5805
 5808
 5809
 5810
 5817
 5818
 5825
 5834
 5834
 5836
 5838
 5844
 5846
 5849
 5851
 5852
 5852
 5863
 5864
 5864
 5865
 5869
 5869
 5871
 5871
 5872
 5873
 5876
 5877
 5879
 5881
 5881
 5882
 5884
 5885
 5886
 5887
 5888
 5891
 5900
 5903
 5904
 5905
 5907
 5909
 5911
 5911
 5911
 5921
 5925
 5926
 5930
 5931
 5933
 5934
 5936
 5940
 5943
 5945
 5947
 5952
 5963
 5964
 5965
 5965
 5969
 5972
 5972
 5975
 5977
 5979
 5988
 5992
 5994
 5994
 5994
 6011
 6012
 6012
 6013
 6015
 6016
 6017
 6018
 6022
 6024
 6026
 6029
 6031
 6031
 6032
 6034
 6035
 6037
 6043
 6047
 6050
 6052
 6054
 6056
 6059
 6060
 6061
 6063
 6065
 6067
 6068
 6071
 6077
 6078
 6081
 6081
 6083
 6089
 6092
 6092
 6093
 6093
 6094
 6100
 6101
 6101
 6108
 6108
 6114
 6115
 6117
 6117
 6119
 6120
 6125
 6133
 6138
 6138
 6145
 6150
 6152
 6154
 6155
 6157
 6157
 6157
 6158
 6163
 6165
 6169
 6170
 6172
 6175
 6179
 6180
 6183
 6189
 6191
 6195
 6198
 6200
 6202
 6202
 6209
 6211
 6213
 6216
 6216
 6221
 6226
 6229
 6230
 6231
 6233
 6236
 6238
 6243
 6244
 6247
 6248
 6249
 6251
 6251
 6252
 6255
 6256
 6256
 6258
 6263
 6268
 6270
 6272
 6278
 6282
 6283
 6284
 6289
 6291
 6295
 6295
 6306
 6307
 6311
 6313
 6318
 6318
 6319
 6319
 6322
 6325
 6327
 6328
 6328
 6330
 6334
 6337
 6337
 6345
 6359
 6362
 6366
 6370
 6373
 6373
 6377
 6381
 6381
 6381
 6382
 6383
 6388
 6392
 6393
 6394
 6395
 6399
 6400
 6405
 6413
 6414
 6416
 6419
 6420
 6422
 6422
 6426
 6427
 6428
 6428
 6433
 6434
 6435
 6439
 6440
 6444
 6445
 6445
 6447
 6452
 6454
 6454
 6457
 6459
 6466
 6470
 6472
 6478
 6480
 6485
 6487
 6491
 6494
 6494
 6495
 6504
 6508
 6516
 6517
 6521
 6521
 6524
 6525
 6528
 6531
 6533
 6534
 6538
 6539
 6545
 6546
 6548
 6548
 6549
 6550
 6551
 6552
 6553
 6555
 6556
 6556
 6561
 6563
 6565
 6566
 6568
 6573
 6575
 6576
 6576
 6577
 6580
 6581
 6583
 6589
 6595
 6596
 6598
 6598
 6601
 6602
 6603
 6604
 6606
 6612
 6613
 6616
 6618
 6620
 6622
 6623
 6626
 6627
 6627
 6627
 6628
 6630
 6632
 6633
 6634
 6634
 6639
 6642
 6642
 6645
 6648
 6653
 6656
 6660
 6663
 6675
 6676
 6677
 6680
 6680
 6681
 6685
 6686
 6686
 6686
 6686
 6690
 6694
 6697
 6707
 6716
 6718
 6718
 6719
 6729
 6730
 6737
 6737
 6744
 6746
 6748
 6754
 6756
 6757
 6760
 6762
 6770
 6774
 6775
 6775
 6777
 6780
 6785
 6788
 6795
 6798
 6800
 6802
 6806
 6809
 6809
 6810
 6812
 6814
 6816
 6819
 6820
 6820
 6821
 6825
 6826
 6826
 6826
 6827
 6827
 6829
 6833
 6834
 6840
 6843
 6844
 6844
 6846
 6846
 6847
 6849
 6851
 6858
 6860
 6862
 6866
 6873
 6880
 6883
 6888
 6890
 6891
 6891
 6892
 6892
 6894
 6897
 6899
 6902
 6903
 6904
 6910
 6916
 6922
 6922
 6926
 6929
 6929
 6935
 6935
 6936
 6936
 6941
 6941
 6943
 6946
 6947
 6947
 6948
 6954
 6954
 6963
 6970
 6971
 6972
 6978
 6982
 6983
 6985
 6987
 6990
 6990
 6997
 6999
 7000
 7005
 7005
 7007
 7007
 7017
 7018
 7021
 7022
 7023
 7026
 7028
 7029
 7029
 7034
 7034
 7035
 7036
 7038
 7040
 7041
 7042
 7044
 7046
 7047
 7048
 7051
 7052
 7054
 7054
 7055
 7056
 7060
 7060
 7060
 7061
 7062
 7063
 7064
 7065
 7066
 7066
 7068
 7070
 7076
 7080
 7080
 7086
 7088
 7092
 7094
 7094
 7096
 7106
 7108
 7112
 7113
 7113
 7117
 7120
 7120
 7123
 7124
 7124
 7125
 7128
 7129
 7131
 7132
 7136
 7137
 7138
 7144
 7151
 7151
 7152
 7160
 7167
 7168
 7170
 7172
 7172
 7178
 7185
 7185
 7185
 7188
 7194
 7194
 7206
 7208
 7211
 7213
 7213
 7213
 7215
 7216
 7216
 7218
 7218
 7218
 7221
 7228
 7228
 7238
 7238
 7241
 7241
 7243
 7246
 7250
 7252
 7254
 7259
 7260
 7262
 7265
 7265
 7268
 7270
 7271
 7272
 7275
 7275
 7279
 7279
 7288
 7289
 7289
 7292
 7293
 7294
 7295
 7300
 7300
 7300
 7302
 7303
 7307
 7307
 7308
 7309
 7311
 7323
 7326
 7336
 7341
 7344
 7346
 7348
 7348
 7349
 7350
 7351
 7352
 7354
 7357
 7359
 7363
 7363
 7365
 7368
 7375
 7380
 7382
 7385
 7391
 7394
 7396
 7399
 7401
 7402
 7403
 7403
 7405
 7407
 7407
 7407
 7409
 7409
 7412
 7414
 7415
 7419
 7420
 7422
 7422
 7430
 7430
 7432
 7432
 7437
 7441
 7442
 7444
 7445
 7446
 7449
 7454
 7456
 7460
 7461
 7463
 7464
 7465
 7466
 7467
 7471
 7471
 7474
 7476
 7476
 7479
 7480
 7481
 7481
 7483
 7486
 7490
 7491
 7491
 7493
 7493
 7493
 7494
 7498
 7502
 7508
 7510
 7510
 7511
 7516
 7521
 7522
 7523
 7525
 7527
 7530
 7531
 7537
 7538
 7542
 7544
 7547
 7549
 7550
 7554
 7561
 7563
 7566
 7569
 7570
 7572
 7574
 7574
 7577
 7582
 7582
 7583
 7584
 7585
 7591
 7593
 7593
 7594
 7597
 7599
 7601
 7605
 7606
 7608
 7609
 7609
 7612
 7613
 7613
 7617
 7623
 7625
 7626
 7627
 7632
 7633
 7634
 7635
 7639
 7646
 7648
 7653
 7654
 7657
 7660
 7661
 7665
 7665
 7672
 7672
 7675
 7675
 7676
 7678
 7678
 7682
 7682
 7683
 7683
 7684
 7689
 7689
 7695
 7697
 7701
 7702
 7702
 7706
 7710
 7712
 7712
 7715
 7717
 7718
 7721
 7722
 7725
 7735
 7739
 7741
 7741
 7744
 7744
 7744
 7745
 7746
 7752
 7755
 7759
 7759
 7760
 7760
 7762
 7763
 7764
 7767
 7768
 7770
 7777
 7778
 7778
 7779
 7783
 7783
 7784
 7785
 7789
 7790
 7791
 7795
 7796
 7796
 7797
 7800
 7801
 7803
 7803
 7806
 7807
 7811
 7814
 7814
 7815
 7815
 7816
 7820
 7827
 7831
 7836
 7840
 7847
 7847
 7850
 7853
 7858
 7862
 7865
 7866
 7868
 7870
 7870
 7872
 7873
 7879
 7880
 7882
 7883
 7886
 7890
 7891
 7892
 7893
 7894
 7896
 7899
 7899
 7899
 7904
 7907
 7908
 7908
 7911
 7917
 7918
 7918
 7920
 7923
 7926
 7926
 7927
 7928
 7929
 7931
 7935
 7940
 7942
 7945
 7946
 7947
 7947
 7947
 7949
 7956
 7958
 7959
 7962
 7966
 7972
 7974
 7975
 7976
 7976
 7978
 7981
 7985
 7985
 7986
 7986
 7991
 7993
 7995
 8000
 8002
 8003
 8007
 8008
 8009
 8010
 8011
 8013
 8015
 8016
 8016
 8019
 8020
 8024
 8026
 8028
 8028
 8029
 8038
 8038
 8045
 8048
 8048
 8050
 8050
 8053
 8055
 8055
 8059
 8060
 8060
 8062
 8062
 8063
 8072
 8072
 8078
 8078
 8080
 8080
 8082
 8085
 8089
 8092
 8092
 8092
 8095
 8097
 8097
 8101
 8106
 8108
 8110
 8110
 8113
 8120
 8122
 8123
 8126
 8126
 8128
 8129
 8129
 8130
 8133
 8141
 8142
 8143
 8145
 8146
 8146
 8147
 8154
 8156
 8157
 8158
 8161
 8170
 8171
 8171
 8173
 8174
 8174
 8178
 8180
 8181
 8182
 8182
 8187
 8188
 8190
 8191
 8192
 8194
 8194
 8195
 8196
 8196
 8200
 8203
 8205
 8205
 8206
 8207
 8208
 8208
 8210
 8211
 8211
 8215
 8216
 8217
 8218
 8218
 8225
 8226
 8231
 8236
 8238
 8240
 8245
 8246
 8247
 8249
 8254
 8254
 8266
 8268
 8275
 8277
 8281
 8282
 8282
 8288
 8288
 8289
 8291
 8293
 8294
 8295
 8300
 8301
 8302
 8306
 8309
 8309
 8310
 8310
 8311
 8312
 8313
 8314
 8314
 8315
 8316
 8318
 8322
 8324
 8328
 8331
 8333
 8335
 8335
 8338
 8339
 8340
 8345
 8347
 8348
 8348
 8351
 8352
 8352
 8356
 8357
 8358
 8361
 8363
 8363
 8364
 8364
 8365
 8369
 8370
 8372
 8376
 8376
 8378
 8378
 8379
 8381
 8382
 8384
 8386
 8388
 8394
 8397
 8399
 8400
 8403
 8404
 8404
 8408
 8410
 8410
 8411
 8416
 8418
 8418
 8422
 8423
 8423
 8424
 8424
 8429
 8430
 8431
 8432
 8432
 8440
 8440
 8440
 8441
 8442
 8443
 8445
 8447
 8453
 8453
 8458
 8462
 8464
 8465
 8465
 8465
 8467
 8469
 8469
 8469
 8472
 8473
 8473
 8475
 8475
 8478
 8479
 8483
 8484
 8484
 8489
 8489
 8490
 8490
 8491
 8496
 8512
 8512
 8514
 8515
 8524
 8524
 8525
 8528
 8528
 8532
 8536
 8542
 8545
 8545
 8546
 8552
 8552
 8554
 8555
 8556
 8557
 8557
 8558
 8561
 8564
 8565
 8569
 8569
 8573
 8574
 8574
 8575
 8578
 8580
 8581
 8583
 8586
 8586
 8587
 8587
 8589
 8590
 8591
 8591
 8593
 8595
 8596
 8597
 8597
 8598
 8599
 8600
 8601
 8602
 8602
 8602
 8607
 8607
 8610
 8611
 8613
 8615
 8621
 8626
 8628
 8633
 8633
 8634
 8636
 8647
 8649
 8651
 8652
 8655
 8657
 8659
 8662
 8666
 8666
 8666
 8668
 8669
 8674
 8675
 8678
 8680
 8681
 8682
 8684
 8685
 8686
 8689
 8689
 8694
 8696
 8697
 8699
 8699
 8704
 8712
 8715
 8718
 8718
 8719
 8723
 8725
 8727
 8727
 8728
 8728
 8730
 8732
 8732
 8734
 8735
 8737
 8737
 8745
 8747
 8747
 8747
 8748
 8749
 8752
 8752
 8753
 8753
 8763
 8763
 8764
 8765
 8765
 8765
 8766
 8766
 8768
 8770
 8775
 8777
 8777
 8780
 8780
 8782
 8783
 8785
 8786
 8789
 8791
 8791
 8793
 8795
 8795
 8802
 8802
 8804
 8805
 8805
 8808
 8808
 8810
 8811
 8813
 8819
 8819
 8828
 8830
 8833
 8835
 8835
 8836
 8836
 8838
 8838
 8838
 8840
 8844
 8846
 8847
 8848
 8851
 8851
 8856
 8858
 8858
 8858
 8860
 8863
 8864
 8864
 8868
 8870
 8872
 8875
 8876
 8879
 8879
 8881
 8886
 8889
 8889
 8895
 8895
 8896
 8898
 8901
 8905
 8906
 8908
 8908
 8909
 8909
 8910
 8911
 8914
 8915
 8916
 8918
 8918
 8921
 8923
 8924
 8925
 8929
 8929
 8929
 8932
 8934
 8936
 8937
 8943
 8947
 8949
 8952
 8953
 8954
 8956
 8957
 8959
 8959
 8963
 8963
 8963
 8967
 8971
 8973
 8976
 8977
 8982
 8982
 8982
 8983
 8983
 8984
 8986
 8989
 8990
 8991
 8993
 8999
 9005
 9005
 9006
 9007
 9007
 9011
 9012
 9013
 9015
 9016
 9017
 9019
 9020
 9021
 9021
 9021
 9023
 9030
 9031
 9033
 9034
 9035
 9037
 9040
 9042
 9042
 9045
 9045
 9045
 9052
 9058
 9060
 9060
 9062
 9063
 9065
 9069
 9072
 9074
 9075
 9077
 9077
 9077
 9079
 9080
 9080
 9080
 9080
 9089
 9090
 9091
 9094
 9096
 9097
 9099
 9099
 9100
 9101
 9101
 9101
 9104
 9108
 9112
 9112
 9113
 9116
 9116
 9116
 9117
 9125
 9128
 9130
 9130
 9132
 9132
 9132
 9135
 9135
 9135
 9145
 9146
 9146
 9148
 9149
 9150
 9150
 9151
 9156
 9156
 9157
 9158
 9162
 9166
 9166
 9166
 9168
 9170
 9172
 9178
 9180
 9182
 9184
 9185
 9186
 9189
 9191
 9193
 9194
 9197
 9197
 9199
 9199
 9201
 9201
 9204
 9207
 9208
 9209
 9211
 9212
 9214
 9220
 9221
 9223
 9225
 9226
 9227
 9227
 9228
 9229
 9231
 9231
 9232
 9234
 9235
 9236
 9238
 9244
 9246
 9249
 9250
 9253
 9254
 9254
 9257
 9261
 9261
 9262
 9263
 9263
 9264
 9265
 9266
 9267
 9268
 9269
 9270
 9271
 9271
 9272
 9273
 9280
 9281
 9284
 9286
 9286
 9288
 9291
 9293
 9297
 9297
 9299
 9302
 9304
 9304
 9305
 9308
 9310
 9310
 9310
 9312
 9312
 9313
 9316
 9317
 9318
 9323
 9324
 9327
 9332
 9332
 9334
 9334
 9339
 9340
 9340
 9343
 9345
 9349
 9349
 9350
 9351
 9352
 9355
 9362
 9362
 9369
 9369
 9371
 9374
 9375
 9376
 9379
 9382
 9385
 9387
 9387
 9391
 9394
 9394
 9398
 9402
 9404
 9404
 9405
 9408
 9410
 9415
 9419
 9420
 9422
 9422
 9430
 9432
 9433
 9436
 9437
 9439
 9439
 9440
 9440
 9441
 9446
 9450
 9455
 9457
 9458
 9458
 9461
 9461
 9462
 9464
 9464
 9465
 9466
 9467
 9471
 9471
 9473
 9474
 9474
 9475
 9475
 9476
 9481
 9481
 9486
 9486
 9487
 9488
 9489
 9490
 9491
 9491
 9492
 9492
 9497
 9499
 9499
 9500
 9501
 9503
 9503
 9504
 9504
 9505
 9507
 9508
 9508
 9508
 9513
 9515
 9516
 9520
 9522
 9523
 9523
 9529
 9529
 9530
 9530
 9532
 9535
 9539
 9542
 9543
 9544
 9545
 9546
 9546
 9547
 9547
 9553
 9554
 9557
 9568
 9569
 9570
 9570
 9573
 9574
 9574
 9576
 9582
 9583
 9584
 9587
 9589
 9594
 9595
 9595
 9597
 9597
 9601
 9602
 9603
 9603
 9605
 9607
 9608
 9609
 9614
 9616
 9618
 9621
 9622
 9622
 9624
 9625
 9625
 9628
 9628
 9631
 9638
 9640
 9642
 9644
 9647
 9648
 9648
 9649
 9651
 9653
 9654
 9654
 9661
 9662
 9664
 9667
 9669
 9670
 9670
 9671
 9672
 9673
 9673
 9674
 9675
 9676
 9679
 9681
 9681
 9684
 9685
 9687
 9687
 9690
 9692
 9695
 9695
 9698
 9699
 9700
 9703
 9705
 9707
 9708
 9711
 9716
 9716
 9718
 9718
 9719
 9722
 9725
 9727
 9729
 9731
 9731
 9736
 9737
 9738
 9740
 9742
 9742
 9743
 9743
 9745
 9748
 9751
 9756
 9757
 9759
 9760
 9762
 9762
 9764
 9766
 9770
 9771
 9771
 9772
 9775
 9776
 9777
 9778
 9778
 9781
 9784
 9786
 9787
 9788
 9789
 9789
 9792
 9792
 9792
 9797
 9797
 9802
 9804
 9805
 9806
 9809
 9812
 9815
 9816
 9816
 9822
 9822
 9822
 9825
 9825
 9825
 9826
 9828
 9833
 9835
 9838
 9838
 9844
 9844
 9846
 9846
 9847
 9848
 9848
 9851
 9853
 9855
 9857
 9860
 9864
 9864
 9865
 9865
 9867
 9868
 9878
 9879
 9883
 9883
 9883
 9885
 9889
 9891
 9892
 9893
 9894
 9894
 9897
 9898
 9901
 9901
 9902
 9902
 9903
 9904
 9906
 9906
 9910
 9910
 9910
 9913
 9914
 9915
 9915
 9915
 9917
 9917
 9920
 9921
 9921
 9922
 9927
 9927
 9928
 9928
 9929
 9929
 9937
 9938
 9938
 9939
 9940
 9940
 9941
 9942
 9947
 9950
 9953
 9955
 9955
 9956
 9959
 9959
 9960
 9962
 9962
 9963
 9965
 9966
 9967
 9970
 9971
 9972
 9976
 9979
 9981
 9982
 9982
 9983
 9983
 9984
 9988
 9988
 9990
 9990
 9990
 9991
 9998
 9999
 10001
 10002
 10002
 10002
 10005
 10006
 10012
 10013
 10014
 10017
 10020
 10024
 10024
 10025
 10027
 10028
 10028
 10029
 10031
 10032
 10032
 10033
 10035
 10036
 10037
 10037
 10038
 10039
 10040
 10042
 10049
 10051
 10054
 10055
 10057
 10059
 10061
 10062
 10063
 10064
 10069
 10069
 10071
 10077
 10077
 10078
 10082
 10082
 10082
 10082
 10083
 10085
 10086
 10087
 10087
 10087
 10087
 10088
 10088
 10088
 10091
 10092
 10092
 10093
 10094
 10095
 10096
 10099
 10100
 10103
 10103
 10103
 10104
 10108
 10110
 10110
 10111
 10115
 10116
 10116
 10123
 10123
 10134
 10136
 10137
 10137
 10138
 10138
 10139
 10139
 10140
 10141
 10142
 10145
 10145
 10145
 10146
 10146
 10148
 10154
 10154
 10154
 10155
 10156
 10157
 10161
 10162
 10163
 10166
 10168
 10168
 10168
 10172
 10176
 10177
 10177
 10179
 10181
 10182
 10183
 10185
 10187
 10190
 10191
 10192
 10192
 10197
 10199
 10200
 10202
 10206
 10209
 10210
 10211
 10212
 10213
 10214
 10215
 10217
 10217
 10219
 10223
 10223
 10224
 10226
 10231
 10232
 10234
 10236
 10245
 10245
 10245
 10246
 10248
 10249
 10250
 10250
 10251
 10251
 10251
 10251
 10252
 10252
 10253
 10253
 10255
 10257
 10258
 10259
 10265
 10267
 10269
 10269
 10269
 10270
 10270
 10277
 10280
 10282
 10285
 10289
 10293
 10294
 10295
 10296
 10296
 10298
 10299
 10299
 10299
 10299
 10300
 10300
 10301
 10302
 10303
 10307
 10309
 10316
 10316
 10317
 10318
 10330
 10331
 10331
 10331
 10338
 10338
 10341
 10341
 10344
 10346
 10346
 10348
 10350
 10351
 10352
 10353
 10353
 10355
 10357
 10358
 10360
 10361
 10364
 10366
 10367
 10369
 10369
 10371
 10372
 10373
 10374
 10376
 10376
 10376
 10378
 10380
 10380
 10381
 10383
 10388
 10388
 10388
 10389
 10390
 10393
 10393
 10396
 10397
 10398
 10398
 10398
 10399
 10400
 10403
 10405
 10405
 10408
 10408
 10411
 10412
 10412
 10415
 10416
 10417
 10421
 10427
 10427
 10428
 10430
 10434
 10435
 10439
 10439
 10439
 10441
 10443
 10445
 10445
 10446
 10447
 10451
 10451
 10454
 10454
 10455
 10458
 10458
 10462
 10463
 10465
 10469
 10473
 10478
 10481
 10484
 10485
 10492
 10493
 10493
 10496
 10497
 10497
 10497
 10499
 10500
 10501
 10501
 10501
 10504
 10508
 10512
 10512
 10514
 10516
 10522
 10523
 10528
 10529
 10529
 10532
 10533
 10533
 10533
 10535
 10536
 10537
 10538
 10539
 10540
 10540
 10541
 10542
 10542
 10543
 10543
 10544
 10545
 10546
 10546
 10549
 10550
 10552
 10558
 10558
 10563
 10564
 10566
 10567
 10568
 10569
 10569
 10569
 10572
 10574
 10575
 10576
 10577
 10577
 10581
 10581
 10582
 10582
 10583
 10583
 10584
 10584
 10585
 10587
 10589
 10593
 10594
 10595
 10595
 10596
 10597
 10599
 10600
 10603
 10603
 10606
 10607
 10608
 10608
 10611
 10612
 10612
 10614
 10616
 10616
 10617
 10618
 10620
 10622
 10624
 10624
 10626
 10628
 10629
 10632
 10633
 10634
 10635
 10636
 10640
 10642
 10643
 10644
 10645
 10652
 10652
 10654
 10654
 10655
 10658
 10658
 10659
 10662
 10665
 10665
 10666
 10668
 10668
 10673
 10683
 10684
 10685
 10688
 10695
 10701
 10704
 10706
 10706
 10707
 10712
 10712
 10715
 10716
 10716
 10716
 10717
 10719
 10724
 10728
 10729
 10731
 10735
 10735
 10737
 10743
 10745
 10748
 10749
 10750
 10753
 10754
 10759
 10760
 10760
 10760
 10762
 10764
 10765
 10766
 10767
 10767
 10768
 10768
 10769
 10769
 10770
 10770
 10771
 10774
 10774
 10776
 10778
 10782
 10788
 10793
 10794
 10795
 10797
 10799
 10800
 10810
 10815
 10815
 10815
 10819
 10820
 10822
 10827
 10828
 10828
 10829
 10829
 10830
 10830
 10831
 10833
 10833
 10836
 10840
 10840
 10844
 10846
 10846
 10847
 10850
 10851
 10854
 10858
 10860
 10861
 10861
 10861
 10864
 10865
 10866
 10868
 10870
 10870
 10870
 10871
 10877
 10878
 10881
 10882
 10882
 10883
 10885
 10889
 10890
 10891
 10891
 10893
 10895
 10897
 10899
 10900
 10901
 10903
 10903
 10905
 10907
 10908
 10908
 10908
 10909
 10910
 10913
 10916
 10919
 10919
 10921
 10923
 10923
 10924
 10926
 10928
 10929
 10931
 10932
 10932
 10933
 10934
 10935
 10940
 10941
 10941
 10944
 10945
 10946
 10949
 10949
 10951
 10951
 10954
 10955
 10955
 10956
 10959
 10959
 10962
 10964
 10966
 10970
 10978
 10979
 10979
 10983
 10984
 10986
 10986
 10986
 10990
 10998
 10998
 10998
 11000
 11000
 11002
 11002
 11005
 11006
 11008
 11011
 11011
 11012
 11013
 11013
 11019
 11020
 11021
 11024
 11024
 11028
 11028
 11029
 11032
 11034
 11034
 11036
 11037
 11037
 11038
 11039
 11043
 11046
 11050
 11052
 11053
 11053
 11054
 11055
 11056
 11061
 11064
 11069
 11070
 11070
 11071
 11072
 11072
 11072
 11074
 11075
 11076
 11077
 11080
 11080
 11081
 11085
 11087
 11090
 11090
 11097
 11099
 11099
 11100
 11101
 11105
 11105
 11106
 11108
 11108
 11110
 11112
 11112
 11113
 11114
 11115
 11116
 11118
 11121
 11121
 11127
 11128
 11128
 11129
 11131
 11133
 11137
 11137
 11139
 11142
 11142
 11146
 11146
 11148
 11150
 11150
 11151
 11155
 11158
 11159
 11161
 11164
 11165
 11168
 11171
 11175
 11175
 11176
 11181
 11181
 11182
 11185
 11185
 11187
 11189
 11193
 11195
 11195
 11195
 11195
 11197
 11197
 11198
 11200
 11202
 11202
 11204
 11206
 11207
 11208
 11212
 11213
 11213
 11213
 11213
 11214
 11215
 11215
 11215
 11217
 11219
 11219
 11220
 11222
 11226
 11226
 11227
 11229
 11229
 11229
 11233
 11234
 11237
 11237
 11237
 11238
 11241
 11242
 11243
 11243
 11244
 11244
 11244
 11246
 11248
 11249
 11250
 11251
 11252
 11256
 11258
 11259
 11261
 11261
 11262
 11262
 11264
 11264
 11264
 11266
 11266
 11268
 11269
 11270
 11272
 11273
 11284
 11285
 11285
 11286
 11286
 11287
 11288
 11292
 11294
 11299
 11299
 11302
 11302
 11303
 11303
 11304
 11304
 11306
 11308
 11311
 11314
 11315
 11318
 11318
 11321
 11323
 11324
 11326
 11328
 11330
 11331
 11332
 11334
 11334
 11334
 11343
 11345
 11345
 11346
 11347
 11348
 11352
 11352
 11354
 11361
 11361
 11362
 11363
 11364
 11364
 11365
 11368
 11372
 11372
 11378
 11378
 11379
 11379
 11380
 11380
 11382
 11384
 11389
 11391
 11396
 11397
 11397
 11398
 11403
 11407
 11408
 11410
 11413
 11414
 11415
 11418
 11419
 11421
 11422
 11425
 11427
 11428
 11429
 11430
 11430
 11431
 11432
 11437
 11437
 11439
 11441
 11444
 11445
 11451
 11454
 11456
 11457
 11457
 11461
 11463
 11463
 11463
 11463
 11464
 11464
 11470
 11470
 11472
 11474
 11476
 11477
 11478
 11479
 11482
 11483
 11484
 11485
 11487
 11488
 11490
 11492
 11494
 11497
 11499
 11500
 11501
 11501
 11502
 11502
 11503
 11503
 11504
 11504
 11504
 11509
 11509
 11512
 11514
 11515
 11515
 11516
 11517
 11518
 11519
 11520
 11521
 11521
 11526
 11528
 11528
 11529
 11531
 11533
 11535
 11538
 11540
 11541
 11543
 11545
 11547
 11551
 11552
 11552
 11554
 11559
 11562
 11564
 11564
 11565
 11576
 11577
 11585
 11585
 11585
 11588
 11588
 11591
 11593
 11593
 11595
 11597
 11597
 11601
 11601
 11603
 11604
 11606
 11607
 11609
 11610
 11617
 11619
 11621
 11621
 11622
 11622
 11623
 11623
 11625
 11625
 11629
 11630
 11634
 11636
 11636
 11639
 11642
 11643
 11645
 11650
 11655
 11657
 11658
 11661
 11662
 11662
 11663
 11663
 11664
 11667
 11672
 11676
 11676
 11677
 11684
 11687
 11690
 11694
 11696
 11696
 11698
 11698
 11703
 11705
 11706
 11706
 11708
 11708
 11713
 11714
 11719
 11722
 11722
 11723
 11723
 11724
 11727
 11729
 11733
 11739
 11741
 11742
 11742
 11744
 11746
 11746
 11746
 11751
 11751
 11755
 11757
 11758
 11758
 11763
 11763
 11764
 11768
 11769
 11770
 11775
 11778
 11778
 11779
 11780
 11781
 11783
 11785
 11789
 11791
 11792
 11792
 11794
 11795
 11796
 11798
 11799
 11799
 11800
 11801
 11804
 11805
 11806
 11806
 11806
 11808
 11809
 11810
 11810
 11812
 11813
 11817
 11829
 11830
 11831
 11831
 11831
 11831
 11833
 11834
 11834
 11836
 11837
 11840
 11841
 11845
 11847
 11848
 11852
 11854
 11861
 11861
 11867
 11868
 11868
 11868
 11869
 11873
 11874
 11876
 11876
 11876
 11876
 11878
 11879
 11880
 11882
 11882
 11882
 11884
 11884
 11889
 11890
 11892
 11900
 11901
 11903
 11904
 11909
 11911
 11911
 11914
 11916
 11916
 11918
 11919
 11920
 11923
 11924
 11929
 11931
 11935
 11936
 11937
 11937
 11938
 11939
 11940
 11942
 11944
 11945
 11948
 11949
 11951
 11951
 11952
 11953
 11953
 11953
 11954
 11956
 11957
 11960
 11960
 11963
 11964
 11967
 11967
 11971
 11974
 11975
 11980
 11981
 11985
 11991
 11992
 11992
 11993
 11994
 11996
 12000
 12000
 12001
 12003
 12005
 12006
 12008
 12009
 12010
 12011
 12014
 12015
 12017
 12018
 12018
 12020
 12022
 12023
 12024
 12025
 12027
 12032
 12033
 12035
 12036
 12037
 12038
 12039
 12040
 12040
 12041
 12043
 12044
 12044
 12046
 12049
 12050
 12054
 12054
 12055
 12056
 12058
 12059
 12060
 12061
 12062
 12066
 12067
 12069
 12070
 12070
 12073
 12073
 12074
 12074
 12074
 12077
 12077
 12078
 12079
 12084
 12084
 12087
 12089
 12089
 12091
 12091
 12091
 12095
 12097
 12100
 12104
 12104
 12109
 12110
 12112
 12113
 12117
 12120
 12122
 12123
 12127
 12130
 12132
 12132
 12136
 12138
 12138
 12139
 12140
 12142
 12146
 12147
 12147
 12152
 12152
 12153
 12153
 12154
 12157
 12160
 12161
 12161
 12162
 12164
 12164
 12166
 12166
 12167
 12168
 12170
 12172
 12173
 12173
 12173
 12174
 12177
 12179
 12180
 12187
 12190
 12191
 12193
 12196
 12196
 12201
 12201
 12203
 12204
 12206
 12207
 12209
 12209
 12210
 12210
 12212
 12212
 12218
 12218
 12220
 12221
 12221
 12221
 12222
 12222
 12225
 12227
 12228
 12230
 12230
 12231
 12231
 12233
 12234
 12235
 12235
 12236
 12237
 12237
 12240
 12242
 12242
 12244
 12247
 12247
 12249
 12249
 12251
 12252
 12253
 12254
 12254
 12255
 12256
 12256
 12257
 12258
 12258
 12268
 12268
 12270
 12271
 12273
 12278
 12278
 12282
 12285
 12287
 12288
 12290
 12292
 12293
 12293
 12295
 12298
 12300
 12301
 12301
 12308
 12310
 12312
 12316
 12316
 12326
 12326
 12326
 12328
 12336
 12337
 12338
 12341
 12341
 12344
 12346
 12348
 12348
 12349
 12349
 12350
 12351
 12352
 12353
 12353
 12353
 12353
 12353
 12354
 12356
 12360
 12363
 12366
 12366
 12368
 12368
 12368
 12369
 12372
 12372
 12373
 12374
 12379
 12380
 12383
 12384
 12386
 12386
 12390
 12390
 12390
 12391
 12394
 12396
 12399
 12400
 12403
 12403
 12403
 12405
 12405
 12406
 12408
 12410
 12412
 12419
 12421
 12426
 12428
 12429
 12430
 12432
 12432
 12432
 12435
 12436
 12438
 12439
 12439
 12440
 12442
 12442
 12443
 12446
 12446
 12447
 12448
 12450
 12450
 12451
 12454
 12455
 12455
 12455
 12456
 12457
 12461
 12461
 12465
 12466
 12468
 12471
 12473
 12473
 12474
 12474
 12476
 12477
 12477
 12477
 12478
 12480
 12483
 12484
 12484
 12488
 12494
 12494
 12495
 12495
 12495
 12496
 12498
 12498
 12500
 12501
 12502
 12502
 12502
 12503
 12503
 12504
 12505
 12506
 12507
 12507
 12511
 12516
 12520
 12522
 12523
 12524
 12527
 12527
 12531
 12532
 12532
 12533
 12535
 12535
 12538
 12539
 12541
 12543
 12546
 12547
 12549
 12550
 12552
 12553
 12554
 12554
 12555
 12555
 12555
 12556
 12558
 12560
 12561
 12562
 12563
 12565
 12569
 12570
 12571
 12572
 12574
 12576
 12576
 12576
 12578
 12581
 12584
 12587
 12588
 12588
 12588
 12589
 12589
 12590
 12592
 12593
 12594
 12595
 12599
 12600
 12605
 12607
 12614
 12615
 12617
 12618
 12619
 12620
 12620
 12622
 12623
 12628
 12632
 12632
 12633
 12636
 12638
 12639
 12640
 12640
 12641
 12641
 12642
 12645
 12647
 12648
 12649
 12654
 12655
 12655
 12656
 12656
 12657
 12657
 12658
 12666
 12667
 12669
 12669
 12670
 12672
 12674
 12676
 12678
 12679
 12682
 12682
 12684
 12686
 12689
 12689
 12689
 12690
 12693
 12696
 12699
 12702
 12704
 12704
 12711
 12712
 12719
 12721
 12723
 12724
 12724
 12724
 12730
 12730
 12731
 12731
 12731
 12732
 12738
 12739
 12740
 12740
 12740
 12741
 12741
 12743
 12746
 12747
 12750
 12750
 12752
 12753
 12756
 12757
 12758
 12759
 12762
 12764
 12769
 12770
 12772
 12774
 12778
 12779
 12779
 12780
 12780
 12785
 12785
 12786
 12789
 12789
 12790
 12792
 12792
 12796
 12797
 12799
 12800
 12806
 12809
 12810
 12810
 12811
 12812
 12812
 12812
 12815
 12816
 12818
 12818
 12819
 12820
 12824
 12825
 12825
 12826
 12827
 12832
 12839
 12839
 12840
 12845
 12845
 12846
 12847
 12847
 12849
 12850
 12850
 12853
 12854
 12855
 12856
 12857
 12858
 12859
 12860
 12860
 12860
 12860
 12861
 12862
 12862
 12863
 12864
 12865
 12867
 12869
 12870
 12872
 12874
 12876
 12877
 12877
 12878
 12880
 12885
 12885
 12888
 12889
 12889
 12890
 12891
 12892
 12893
 12894
 12894
 12896
 12898
 12902
 12903
 12903
 12905
 12906
 12907
 12907
 12907
 12908
 12908
 12910
 12910
 12911
 12914
 12914
 12917
 12917
 12918
 12919
 12920
 12927
 12927
 12928
 12929
 12933
 12933
 12934
 12936
 12939
 12946
 12946
 12946
 12946
 12947
 12949
 12952
 12953
 12954
 12955
 12956
 12956
 12959
 12960
 12960
 12961
 12963
 12963
 12964
 12969
 12970
 12972
 12972
 12978
 12978
 12979
 12980
 12980
 12981
 12982
 12984
 12984
 12985
 12987
 12988
 12988
 12990
 12992
 12995
 12996
 12997
 12997
 12997
 12998
 12999
 12999
 13000
 13001
 13004
 13005
 13006
 13006
 13008
 13008
 13009
 13009
 13009
 13009
 13009
 13012
 13020
 13022
 13022
 13025
 13026
 13027
 13028
 13028
 13031
 13031
 13032
 13033
 13034
 13038
 13039
 13042
 13042
 13044
 13044
 13044
 13045
 13048
 13051
 13056
 13056
 13058
 13065
 13065
 13066
 13067
 13067
 13068
 13068
 13069
 13070
 13074
 13075
 13083
 13084
 13087
 13088
 13090
 13093
 13094
 13094
 13095
 13095
 13097
 13099
 13100
 13100
 13101
 13101
 13101
 13102
 13102
 13103
 13104
 13106
 13108
 13108
 13109
 13112
 13112
 13112
 13113
 13114
 13115
 13118
 13118
 13118
 13119
 13119
 13120
 13121
 13122
 13124
 13125
 13126
 13127
 13129
 13134
 13135
 13137
 13145
 13146
 13147
 13153
 13159
 13165
 13166
 13167
 13169
 13170
 13177
 13179
 13180
 13181
 13184
 13185
 13186
 13186
 13186
 13186
 13187
 13189
 13191
 13191
 13193
 13194
 13196
 13198
 13199
 13202
 13202
 13203
 13203
 13204
 13206
 13207
 13208
 13211
 13213
 13213
 13215
 13216
 13217
 13219
 13227
 13231
 13236
 13237
 13239
 13239
 13239
 13242
 13242
 13242
 13245
 13245
 13246
 13247
 13248
 13251
 13252
 13253
 13255
 13266
 13267
 13270
 13273
 13274
 13275
 13276
 13280
 13280
 13287
 13288
 13291
 13291
 13293
 13294
 13294
 13296
 13296
 13296
 13298
 13298
 13302
 13303
 13304
 13304
 13304
 13307
 13312
 13314
 13318
 13318
 13319
 13325
 13325
 13325
 13326
 13327
 13328
 13329
 13329
 13331
 13331
 13334
 13334
 13338
 13339
 13339
 13339
 13343
 13345
 13345
 13346
 13351
 13351
 13352
 13357
 13357
 13358
 13359
 13360
 13364
 13364
 13371
 13372
 13373
 13373
 13374
 13375
 13378
 13385
 13385
 13388
 13390
 13390
 13391
 13391
 13391
 13395
 13395
 13395
 13396
 13399
 13400
 13401
 13406
 13406
 13412
 13412
 13413
 13422
 13423
 13425
 13429
 13429
 13429
 13430
 13431
 13431
 13431
 13433
 13437
 13443
 13444
 13444
 13446
 13452
 13452
 13456
 13458
 13458
 13460
 13460
 13462
 13463
 13465
 13466
 13469
 13470
 13474
 13476
 13478
 13480
 13481
 13484
 13488
 13489
 13489
 13489
 13489
 13490
 13494
 13498
 13505
 13512
 13512
 13513
 13515
 13516
 13517
 13518
 13519
 13520
 13522
 13526
 13530
 13535
 13535
 13536
 13537
 13539
 13539
 13543
 13547
 13548
 13550
 13551
 13551
 13552
 13553
 13554
 13556
 13556
 13556
 13558
 13559
 13559
 13560
 13560
 13562
 13562
 13564
 13564
 13564
 13566
 13570
 13572
 13575
 13576
 13577
 13577
 13578
 13580
 13581
 13581
 13583
 13584
 13588
 13593
 13599
 13599
 13600
 13604
 13605
 13608
 13615
 13617
 13620
 13622
 13622
 13622
 13623
 13624
 13627
 13633
 13633
 13634
 13637
 13637
 13638
 13645
 13647
 13648
 13649
 13649
 13651
 13654
 13655
 13655
 13659
 13662
 13664
 13666
 13668
 13669
 13671
 13675
 13677
 13678
 13678
 13679
 13680
 13680
 13682
 13682
 13683
 13684
 13689
 13692
 13696
 13697
 13699
 13700
 13703
 13704
 13706
 13707
 13709
 13710
 13713
 13713
 13713
 13714
 13717
 13719
 13724
 13726
 13728
 13728
 13729
 13730
 13730
 13730
 13732
 13732
 13738
 13743
 13743
 13743
 13744
 13745
 13748
 13749
 13750
 13752
 13752
 13754
 13756
 13762
 13763
 13763
 13764
 13767
 13768
 13769
 13771
 13771
 13772
 13772
 13773
 13774
 13774
 13775
 13778
 13784
 13787
 13790
 13790
 13798
 13800
 13804
 13806
 13807
 13807
 13809
 13809
 13811
 13814
 13815
 13822
 13824
 13825
 13826
 13826
 13827
 13828
 13828
 13829
 13830
 13832
 13832
 13833
 13833
 13837
 13841
 13842
 13842
 13844
 13846
 13850
 13850
 13850
 13851
 13852
 13852
 13853
 13854
 13855
 13862
 13864
 13865
 13865
 13866
 13866
 13868
 13869
 13872
 13874
 13874
 13874
 13876
 13877
 13878
 13878
 13881
 13882
 13882
 13885
 13887
 13888
 13889
 13890
 13892
 13896
 13897
 13898
 13903
 13905
 13906
 13906
 13907
 13907
 13910
 13915
 13916
 13917
 13924
 13924
 13929
 13933
 13933
 13934
 13936
 13936
 13937
 13939
 13941
 13942
 13947
 13948
 13951
 13952
 13953
 13956
 13957
 13957
 13965
 13965
 13965
 13966
 13966
 13967
 13968
 13971
 13974
 13976
 13979
 13979
 13980
 13981
 13982
 13983
 13983
 13984
 13985
 13987
 13988
 13990
 13991
 13992
 13992
 13993
 13994
 13994
 13994
 13994
 13995
 13995
 13998
 13999
 14004
 14004
 14004
 14006
 14009
 14010
 14013
 14016
 14017
 14024
 14027
 14032
 14032
 14033
 14034
 14034
 14036
 14041
 14042
 14042
 14046
 14052
 14056
 14057
 14067
 14070
 14076
 14076
 14078
 14084
 14085
 14085
 14087
 14090
 14092
 14092
 14094
 14096
 14104
 14108
 14112
 14116
 14116
 14117
 14119
 14120
 14127
 14131
 14133
 14137
 14137
 14148
 14154
 14162
 14162
 14162
 14163
 14163
 14166
 14167
 14168
 14168
 14168
 14172
 14172
 14174
 14175
 14175
 14178
 14180
 14180
 14182
 14182
 14183
 14185
 14196
 14196
 14199
 14203
 14203
 14204
 14205
 14208
 14215
 14217
 14217
 14221
 14221
 14225
 14229
 14229
 14231
 14232
 14233
 14234
 14235
 14237
 14238
 14240
 14243
 14245
 14246
 14246
 14247
 14247
 14251
 14253
 14254
 14254
 14259
 14263
 14263
 14264
 14266
 14267
 14268
 14268
 14269
 14269
 14270
 14272
 14273
 14273
 14273
 14278
 14283
 14285
 14285
 14291
 14295
 14296
 14296
 14298
 14303
 14304
 14306
 14308
 14309
 14309
 14309
 14310
 14311
 14315
 14317
 14321
 14321
 14322
 14322
 14324
 14328
 14328
 14333
 14333
 14333
 14336
 14337
 14339
 14340
 14343
 14345
 14353
 14355
 14357
 14357
 14358
 14363
 14365
 14366
 14366
 14369
 14371
 14372
 14374
 14379
 14379
 14382
 14384
 14386
 14390
 14391
 14391
 14394
 14394
 14398
 14401
 14403
 14404
 14407
 14408
 14408
 14415
 14416
 14416
 14421
 14422
 14423
 14423
 14423
 14427
 14427
 14427
 14428
 14429
 14434
 14440
 14441
 14442
 14442
 14448
 14450
 14450
 14452
 14458
 14459
 14461
 14463
 14464
 14466
 14469
 14471
 14473
 14475
 14478
 14482
 14483
 14485
 14486
 14486
 14490
 14493
 14495
 14496
 14496
 14498
 14500
 14500
 14501
 14502
 14503
 14505
 14507
 14507
 14509
 14511
 14520
 14521
 14524
 14525
 14526
 14527
 14527
 14527
 14528
 14532
 14533
 14537
 14538
 14541
 14541
 14542
 14542
 14547
 14549
 14551
 14551
 14552
 14552
 14553
 14553
 14557
 14558
 14558
 14559
 14561
 14561
 14563
 14564
 14568
 14569
 14569
 14569
 14571
 14571
 14572
 14573
 14574
 14574
 14578
 14579
 14579
 14583
 14584
 14586
 14590
 14596
 14597
 14598
 14599
 14600
 14600
 14603
 14605
 14608
 14608
 14609
 14610
 14612
 14615
 14618
 14620
 14621
 14623
 14633
 14635
 14637
 14637
 14640
 14640
 14640
 14643
 14643
 14646
 14646
 14647
 14647
 14647
 14651
 14652
 14653
 14654
 14654
 14654
 14656
 14657
 14661
 14661
 14663
 14664
 14666
 14669
 14669
 14670
 14672
 14673
 14678
 14679
 14682
 14682
 14683
 14683
 14686
 14686
 14687
 14687
 14689
 14692
 14693
 14695
 14696
 14697
 14697
 14698
 14698
 14700
 14700
 14701
 14701
 14704
 14708
 14716
 14716
 14717
 14717
 14718
 14719
 14720
 14721
 14721
 14725
 14726
 14729
 14730
 14735
 14736
 14737
 14737
 14737
 14738
 14739
 14742
 14744
 14745
 14747
 14747
 14747
 14749
 14751
 14751
 14753
 14755
 14755
 14759
 14760
 14761
 14762
 14763
 14765
 14765
 14767
 14771
 14772
 14774
 14774
 14775
 14776
 14776
 14776
 14779
 14781
 14782
 14783
 14784
 14786
 14792
 14795
 14797
 14799
 14800
 14802
 14803
 14811
 14813
 14813
 14815
 14815
 14816
 14819
 14819
 14824
 14827
 14828
 14831
 14837
 14837
 14840
 14841
 14844
 14845
 14845
 14849
 14851
 14852
 14852
 14855
 14857
 14859
 14861
 14861
 14861
 14862
 14865
 14867
 14869
 14872
 14875
 14877
 14880
 14882
 14885
 14887
 14891
 14891
 14892
 14893
 14893
 14893
 14895
 14895
 14896
 14899
 14900
 14902
 14902
 14903
 14905
 14906
 14907
 14913
 14916
 14916
 14918
 14921
 14921
 14921
 14926
 14927
 14934
 14938
 14939
 14942
 14943
 14943
 14944
 14945
 14946
 14947
 14948
 14950
 14952
 14955
 14956
 14958
 14959
 14969
 14973
 14974
 14978
 14980
 14985
 14988
 14990
 14992
 14994
 14994
 14999
 15002
 15002
 15004
 15006
 15006
 15009
 15013
 15016
 15018
 15018
 15021
 15021
 15022
 15026
 15032
 15033
 15035
 15035
 15036
 15037
 15037
 15039
 15039
 15041
 15041
 15041
 15044
 15045
 15046
 15049
 15049
 15051
 15051
 15055
 15059
 15065
 15074
 15076
 15078
 15080
 15081
 15081
 15082
 15083
 15085
 15088
 15088
 15089
 15092
 15099
 15100
 15101
 15102
 15103
 15103
 15103
 15104
 15105
 15106
 15107
 15108
 15111
 15112
 15112
 15115
 15116
 15118
 15119
 15119
 15120
 15124
 15124
 15128
 15129
 15130
 15130
 15131
 15134
 15135
 15141
 15142
 15144
 15147
 15147
 15155
 15159
 15159
 15159
 15160
 15162
 15163
 15164
 15164
 15166
 15168
 15169
 15170
 15170
 15171
 15173
 15173
 15175
 15175
 15175
 15176
 15177
 15178
 15181
 15182
 15183
 15184
 15188
 15190
 15191
 15195
 15198
 15200
 15201
 15204
 15210
 15211
 15212
 15213
 15213
 15217
 15218
 15218
 15220
 15222
 15225
 15228
 15241
 15243
 15244
 15245
 15247
 15249
 15251
 15254
 15260
 15260
 15261
 15261
 15262
 15264
 15266
 15271
 15273
 15276
 15278
 15283
 15284
 15285
 15288
 15289
 15291
 15295
 15304
 15307
 15310
 15310
 15314
 15315
 15315
 15316
 15318
 15318
 15321
 15322
 15325
 15327
 15328
 15329
 15330
 15331
 15331
 15332
 15333
 15335
 15336
 15337
 15339
 15340
 15341
 15343
 15345
 15347
 15348
 15351
 15354
 15355
 15355
 15356
 15360
 15363
 15364
 15366
 15366
 15367
 15369
 15369
 15370
 15371
 15372
 15375
 15375
 15376
 15378
 15378
 15378
 15379
 15383
 15390
 15390
 15391
 15393
 15394
 15397
 15397
 15399
 15400
 15402
 15403
 15403
 15406
 15411
 15414
 15416
 15420
 15421
 15422
 15426
 15427
 15427
 15430
 15433
 15434
 15434
 15435
 15435
 15437
 15439
 15440
 15441
 15444
 15447
 15453
 15453
 15454
 15454
 15456
 15458
 15458
 15459
 15459
 15460
 15462
 15463
 15464
 15465
 15467
 15468
 15474
 15475
 15475
 15476
 15476
 15477
 15478
 15478
 15481
 15483
 15483
 15484
 15489
 15500
 15500
 15503
 15505
 15506
 15508
 15510
 15513
 15513
 15516
 15516
 15518
 15522
 15523
 15524
 15525
 15532
 15532
 15532
 15534
 15534
 15541
 15541
 15542
 15543
 15547
 15548
 15548
 15551
 15554
 15558
 15559
 15562
 15570
 15574
 15578
 15578
 15578
 15580
 15582
 15583
 15583
 15585
 15585
 15586
 15588
 15590
 15592
 15595
 15596
 15597
 15597
 15602
 15602
 15606
 15607
 15611
 15611
 15620
 15623
 15626
 15627
 15632
 15632
 15637
 15640
 15645
 15646
 15646
 15649
 15649
 15651
 15651
 15651
 15661
 15665
 15671
 15673
 15673
 15676
 15676
 15676
 15677
 15678
 15679
 15682
 15682
 15686
 15686
 15688
 15691
 15691
 15694
 15695
 15695
 15697
 15698
 15701
 15702
 15710
 15714
 15714
 15716
 15719
 15721
 15723
 15723
 15723
 15725
 15725
 15725
 15725
 15725
 15727
 15727
 15728
 15729
 15733
 15734
 15734
 15735
 15735
 15736
 15739
 15741
 15742
 15747
 15749
 15751
 15753
 15753
 15754
 15754
 15755
 15759
 15759
 15762
 15764
 15764
 15766
 15769
 15773
 15773
 15774
 15774
 15775
 15776
 15781
 15791
 15792
 15792
 15792
 15794
 15799
 15800
 15801
 15803
 15804
 15805
 15805
 15805
 15806
 15815
 15818
 15824
 15826
 15826
 15827
 15830
 15833
 15835
 15836
 15837
 15838
 15839
 15839
 15841
 15841
 15846
 15847
 15854
 15854
 15857
 15858
 15860
 15862
 15862
 15863
 15870
 15871
 15872
 15873
 15874
 15879
 15879
 15880
 15885
 15887
 15888
 15891
 15895
 15896
 15899
 15901
 15903
 15906
 15907
 15909
 15910
 15912
 15915
 15916
 15916
 15916
 15917
 15917
 15919
 15923
 15924
 15925
 15933
 15933
 15933
 15936
 15936
 15938
 15940
 15943
 15944
 15946
 15947
 15948
 15949
 15953
 15955
 15959
 15959
 15961
 15963
 15963
 15964
 15967
 15968
 15968
 15970
 15971
 15976
 15977
 15977
 15978
 15981
 15981
 15987
 15990
 15996
 15998
 15998
 15999
 16002
 16006
 16008
 16010
 16011
 16012
 16016
 16019
 16021
 16022
 16022
 16024
 16025
 16026
 16030
 16032
 16039
 16040
 16044
 16045
 16046
 16053
 16054
 16057
 16057
 16059
 16065
 16066
 16067
 16069
 16069
 16069
 16073
 16076
 16079
 16084
 16084
 16089
 16091
 16093
 16095
 16095
 16096
 16099
 16107
 16109
 16111
 16112
 16114
 16114
 16115
 16119
 16121
 16121
 16124
 16130
 16131
 16132
 16133
 16134
 16135
 16136
 16137
 16138
 16140
 16140
 16145
 16147
 16149
 16151
 16151
 16152
 16153
 16154
 16156
 16157
 16159
 16160
 16160
 16160
 16166
 16166
 16167
 16167
 16167
 16173
 16178
 16180
 16182
 16184
 16187
 16189
 16190
 16192
 16194
 16195
 16196
 16198
 16201
 16204
 16205
 16206
 16211
 16213
 16214
 16216
 16218
 16220
 16221
 16223
 16224
 16224
 16225
 16234
 16235
 16236
 16237
 16237
 16238
 16239
 16240
 16240
 16242
 16244
 16244
 16248
 16249
 16250
 16251
 16252
 16252
 16253
 16256
 16256
 16261
 16262
 16263
 16268
 16274
 16275
 16276
 16277
 16279
 16280
 16280
 16281
 16287
 16288
 16291
 16292
 16296
 16296
 16296
 16303
 16303
 16305
 16307
 16308
 16309
 16316
 16319
 16325
 16329
 16329
 16332
 16336
 16337
 16337
 16339
 16341
 16341
 16342
 16345
 16346
 16348
 16353
 16354
 16356
 16365
 16366
 16367
 16367
 16368
 16371
 16373
 16375
 16376
 16377
 16378
 16378
 16378
 16379
 16380
 16381
 16382
 16383
 16384
 16384
 16397
 16398
 16399
 16400
 16404
 16409
 16409
 16411
 16411
 16412
 16413
 16413
 16413
 16416
 16417
 16417
 16420
 16420
 16423
 16429
 16429
 16429
 16431
 16433
 16435
 16443
 16443
 16446
 16447
 16449
 16449
 16449
 16450
 16452
 16453
 16455
 16458
 16461
 16461
 16462
 16462
 16463
 16465
 16466
 16468
 16469
 16471
 16472
 16476
 16477
 16481
 16485
 16491
 16494
 16495
 16497
 16500
 16501
 16507
 16507
 16510
 16515
 16516
 16516
 16517
 16518
 16518
 16519
 16523
 16526
 16528
 16529
 16531
 16533
 16534
 16536
 16537
 16539
 16541
 16541
 16542
 16546
 16547
 16549
 16550
 16552
 16555
 16556
 16557
 16558
 16561
 16564
 16565
 16566
 16569
 16571
 16575
 16577
 16585
 16586
 16586
 16586
 16588
 16589
 16590
 16594
 16596
 16598
 16600
 16603
 16604
 16604
 16604
 16609
 16610
 16615
 16616
 16618
 16621
 16626
 16626
 16629
 16629
 16630
 16631
 16633
 16639
 16645
 16649
 16650
 16655
 16658
 16658
 16658
 16658
 16658
 16661
 16662
 16663
 16670
 16673
 16675
 16678
 16682
 16686
 16687
 16689
 16691
 16695
 16701
 16703
 16704
 16705
 16706
 16706
 16707
 16708
 16713
 16716
 16718
 16719
 16720
 16721
 16721
 16722
 16725
 16730
 16734
 16737
 16739
 16739
 16740
 16742
 16742
 16744
 16746
 16749
 16752
 16756
 16757
 16758
 16764
 16766
 16769
 16771
 16772
 16773
 16773
 16776
 16777
 16779
 16780
 16780
 16780
 16782
 16785
 16787
 16788
 16790
 16793
 16793
 16795
 16799
 16800
 16800
 16801
 16808
 16808
 16810
 16812
 16813
 16813
 16814
 16814
 16817
 16819
 16819
 16823
 16827
 16827
 16827
 16831
 16832
 16840
 16841
 16842
 16843
 16843
 16845
 16851
 16851
 16854
 16854
 16857
 16864
 16865
 16869
 16869
 16869
 16871
 16872
 16873
 16876
 16879
 16879
 16881
 16881
 16883
 16884
 16884
 16884
 16884
 16886
 16886
 16887
 16887
 16887
 16888
 16888
 16892
 16894
 16896
 16897
 16897
 16898
 16899
 16903
 16905
 16906
 16907
 16908
 16909
 16912
 16913
 16914
 16914
 16918
 16923
 16927
 16928
 16928
 16930
 16931
 16932
 16937
 16940
 16941
 16942
 16943
 16945
 16947
 16951
 16953
 16954
 16957
 16957
 16962
 16963
 16964
 16970
 16971
 16972
 16976
 16979
 16980
 16980
 16981
 16984
 16988
 16988
 16990
 16990
 16997
 17000
 17001
 17002
 17005
 17009
 17011
 17015
 17015
 17016
 17017
 17018
 17018
 17020
 17021
 17022
 17025
 17026
 17028
 17029
 17029
 17031
 17033
 17038
 17038
 17046
 17046
 17051
 17051
 17051
 17052
 17052
 17053
 17054
 17055
 17057
 17058
 17061
 17061
 17063
 17068
 17071
 17074
 17075
 17077
 17085
 17086
 17086
 17093
 17101
 17102
 17103
 17103
 17104
 17108
 17109
 17110
 17112
 17113
 17115
 17116
 17116
 17117
 17122
 17123
 17128
 17132
 17136
 17139
 17147
 17152
 17155
 17156
 17159
 17159
 17160
 17160
 17166
 17166
 17169
 17170
 17170
 17173
 17174
 17182
 17183
 17183
 17184
 17184
 17192
 17193
 17195
 17197
 17203
 17204
 17206
 17206
 17211
 17211
 17219
 17222
 17223
 17223
 17227
 17228
 17232
 17232
 17237
 17237
 17238
 17240
 17241
 17256
 17259
 17260
 17260
 17267
 17268
 17268
 17268
 17269
 17270
 17272
 17278
 17284
 17285
 17287
 17290
 17291
 17295
 17296
 17297
 17298
 17301
 17302
 17306
 17306
 17310
 17310
 17310
 17311
 17312
 17316
 17317
 17320
 17322
 17322
 17325
 17330
 17332
 17335
 17338
 17339
 17339
 17339
 17341
 17343
 17344
 17345
 17348
 17357
 17357
 17358
 17360
 17362
 17362
 17363
 17368
 17368
 17369
 17378
 17383
 17383
 17384
 17384
 17386
 17388
 17388
 17389
 17390
 17390
 17390
 17393
 17394
 17395
 17400
 17404
 17406
 17407
 17409
 17410
 17410
 17411
 17411
 17411
 17413
 17413
 17415
 17417
 17417
 17418
 17419
 17420
 17422
 17423
 17425
 17426
 17427
 17428
 17432
 17434
 17437
 17439
 17440
 17445
 17448
 17450
 17451
 17451
 17453
 17456
 17459
 17460
 17462
 17466
 17468
 17468
 17470
 17470
 17471
 17471
 17472
 17473
 17473
 17475
 17476
 17476
 17479
 17484
 17484
 17485
 17490
 17490
 17492
 17492
 17493
 17493
 17494
 17494
 17502
 17506
 17511
 17517
 17518
 17525
 17528
 17530
 17531
 17533
 17533
 17533
 17537
 17537
 17537
 17540
 17546
 17547
 17549
 17551
 17552
 17552
 17555
 17558
 17558
 17560
 17562
 17568
 17572
 17572
 17572
 17574
 17576
 17581
 17583
 17585
 17586
 17587
 17588
 17588
 17591
 17595
 17608
 17610
 17612
 17614
 17619
 17621
 17626
 17628
 17629
 17631
 17631
 17637
 17641
 17642
 17643
 17643
 17649
 17649
 17650
 17651
 17651
 17651
 17654
 17656
 17657
 17666
 17668
 17669
 17670
 17671
 17675
 17675
 17676
 17676
 17679
 17681
 17681
 17681
 17682
 17682
 17682
 17682
 17683
 17684
 17684
 17687
 17688
 17690
 17696
 17698
 17699
 17703
 17706
 17706
 17708
 17708
 17714
 17717
 17717
 17721
 17723
 17724
 17724
 17730
 17733
 17734
 17734
 17737
 17738
 17738
 17740
 17741
 17748
 17750
 17750
 17751
 17757
 17757
 17762
 17765
 17766
 17766
 17770
 17771
 17776
 17779
 17779
 17796
 17797
 17800
 17803
 17805
 17806
 17810
 17810
 17811
 17817
 17818
 17822
 17824
 17827
 17828
 17829
 17831
 17834
 17834
 17834
 17835
 17835
 17839
 17843
 17849
 17849
 17850
 17851
 17852
 17854
 17857
 17861
 17863
 17864
 17868
 17869
 17875
 17877
 17878
 17886
 17887
 17892
 17894
 17896
 17906
 17907
 17908
 17909
 17911
 17911
 17912
 17912
 17913
 17913
 17913
 17914
 17915
 17919
 17920
 17923
 17926
 17927
 17928
 17928
 17929
 17930
 17933
 17935
 17940
 17940
 17941
 17945
 17948
 17949
 17950
 17951
 17953
 17956
 17968
 17968
 17970
 17972
 17973
 17975
 17979
 17980
 17981
 17981
 17982
 17984
 17985
 17986
 17989
 17991
 17993
 17994
 17995
 17998
 18000
 18010
 18012
 18013
 18021
 18021
 18027
 18031
 18032
 18032
 18033
 18034
 18034
 18036
 18038
 18039
 18042
 18048
 18048
 18051
 18052
 18054
 18061
 18061
 18062
 18072
 18075
 18079
 18082
 18090
 18093
 18093
 18093
 18094
 18095
 18102
 18107
 18107
 18110
 18112
 18112
 18119
 18121
 18126
 18126
 18128
 18131
 18131
 18131
 18136
 18137
 18140
 18141
 18142
 18143
 18156
 18156
 18157
 18163
 18166
 18168
 18169
 18170
 18172
 18173
 18177
 18181
 18185
 18185
 18188
 18188
 18190
 18190
 18191
 18191
 18194
 18198
 18199
 18201
 18202
 18205
 18205
 18209
 18216
 18218
 18218
 18222
 18226
 18226
 18229
 18233
 18235
 18236
 18238
 18238
 18244
 18244
 18245
 18249
 18253
 18254
 18264
 18266
 18267
 18267
 18268
 18269
 18270
 18271
 18271
 18273
 18276
 18276
 18278
 18280
 18280
 18287
 18291
 18294
 18296
 18298
 18298
 18300
 18302
 18304
 18307
 18307
 18310
 18310
 18312
 18314
 18317
 18318
 18321
 18323
 18325
 18327
 18330
 18330
 18331
 18333
 18340
 18343
 18343
 18343
 18348
 18350
 18355
 18356
 18359
 18361
 18362
 18363
 18365
 18366
 18368
 18373
 18376
 18376
 18379
 18379
 18382
 18384
 18388
 18389
 18390
 18394
 18395
 18401
 18405
 18405
 18420
 18427
 18429
 18430
 18432
 18435
 18441
 18441
 18444
 18444
 18445
 18446
 18448
 18450
 18450
 18451
 18455
 18456
 18456
 18459
 18461
 18465
 18468
 18475
 18476
 18480
 18481
 18483
 18485
 18486
 18487
 18488
 18489
 18493
 18493
 18494
 18499
 18502
 18502
 18502
 18503
 18503
 18508
 18509
 18510
 18512
 18514
 18515
 18518
 18522
 18523
 18526
 18526
 18529
 18534
 18535
 18536
 18539
 18543
 18543
 18544
 18544
 18545
 18546
 18551
 18558
 18563
 18568
 18570
 18573
 18578
 18579
 18580
 18580
 18585
 18586
 18589
 18591
 18592
 18594
 18595
 18602
 18602
 18604
 18605
 18606
 18607
 18607
 18609
 18609
 18610
 18612
 18614
 18619
 18619
 18619
 18621
 18626
 18627
 18638
 18643
 18649
 18651
 18653
 18658
 18661
 18671
 18674
 18676
 18676
 18684
 18684
 18685
 18685
 18686
 18687
 18689
 18695
 18697
 18700
 18701
 18702
 18704
 18706
 18709
 18710
 18717
 18725
 18726
 18729
 18735
 18736
 18737
 18742
 18745
 18750
 18752
 18753
 18758
 18759
 18759
 18759
 18763
 18763
 18763
 18764
 18765
 18765
 18766
 18766
 18767
 18768
 18768
 18768
 18769
 18770
 18771
 18772
 18774
 18774
 18776
 18778
 18781
 18786
 18790
 18794
 18796
 18803
 18804
 18809
 18810
 18810
 18811
 18811
 18820
 18820
 18820
 18821
 18821
 18827
 18832
 18833
 18835
 18835
 18838
 18844
 18845
 18851
 18858
 18859
 18859
 18859
 18859
 18862
 18862
 18864
 18864
 18870
 18870
 18871
 18877
 18877
 18877
 18878
 18882
 18883
 18891
 18895
 18895
 18897
 18898
 18900
 18904
 18906
 18909
 18910
 18911
 18914
 18914
 18916
 18920
 18921
 18927
 18930
 18930
 18931
 18931
 18933
 18935
 18938
 18941
 18943
 18946
 18948
 18949
 18951
 18956
 18956
 18956
 18958
 18962
 18963
 18964
 18967
 18971
 18974
 18978
 18988
 18991
 18997
 19000
 19000
 19003
 19003
 19006
 19007
 19013
 19016
 19016
 19016
 19020
 19020
 19021
 19022
 19024
 19027
 19031
 19033
 19033
 19037
 19040
 19041
 19047
 19048
 19050
 19059
 19059
 19061
 19061
 19074
 19074
 19074
 19076
 19085
 19086
 19086
 19095
 19098
 19098
 19103
 19103
 19104
 19105
 19106
 19106
 19107
 19108
 19111
 19121
 19127
 19128
 19128
 19129
 19129
 19130
 19131
 19131
 19132
 19135
 19137
 19138
 19139
 19140
 19141
 19141
 19152
 19153
 19154
 19158
 19160
 19162
 19162
 19167
 19171
 19174
 19175
 19176
 19177
 19182
 19182
 19188
 19193
 19193
 19194
 19194
 19194
 19195
 19196
 19197
 19202
 19203
 19203
 19204
 19204
 19207
 19208
 19211
 19213
 19218
 19221
 19222
 19222
 19223
 19224
 19227
 19231
 19235
 19238
 19238
 19239
 19241
 19241
 19242
 19252
 19253
 19255
 19257
 19259
 19261
 19264
 19266
 19267
 19269
 19274
 19278
 19280
 19284
 19285
 19288
 19291
 19291
 19299
 19305
 19307
 19308
 19309
 19315
 19315
 19317
 19318
 19319
 19321
 19321
 19324
 19329
 19331
 19338
 19340
 19344
 19344
 19345
 19349
 19352
 19361
 19363
 19363
 19370
 19375
 19377
 19378
 19379
 19379
 19380
 19388
 19389
 19391
 19394
 19395
 19401
 19404
 19407
 19412
 19413
 19413
 19413
 19418
 19419
 19421
 19423
 19423
 19423
 19427
 19433
 19438
 19442
 19442
 19443
 19444
 19444
 19445
 19446
 19447
 19448
 19455
 19456
 19462
 19464
 19464
 19465
 19471
 19477
 19478
 19479
 19480
 19482
 19489
 19492
 19494
 19496
 19498
 19498
 19499
 19504
 19508
 19508
 19509
 19510
 19512
 19513
 19515
 19516
 19519
 19522
 19522
 19523
 19524
 19524
 19525
 19533
 19535
 19536
 19537
 19537
 19537
 19538
 19538
 19538
 19539
 19539
 19540
 19540
 19543
 19548
 19548
 19554
 19555
 19562
 19562
 19566
 19567
 19568
 19569
 19570
 19570
 19575
 19577
 19577
 19581
 19581
 19581
 19582
 19582
 19587
 19587
 19587
 19590
 19592
 19594
 19597
 19600
 19600
 19602
 19603
 19607
 19608
 19608
 19615
 19618
 19619
 19622
 19623
 19625
 19627
 19630
 19630
 19630
 19631
 19633
 19633
 19634
 19636
 19638
 19641
 19646
 19647
 19650
 19653
 19663
 19665
 19668
 19671
 19676
 19676
 19678
 19678
 19679
 19683
 19684
 19686
 19688
 19690
 19699
 19712
 19714
 19714
 19715
 19716
 19718
 19722
 19722
 19727
 19729
 19734
 19735
 19735
 19739
 19739
 19743
 19745
 19745
 19747
 19748
 19752
 19756
 19758
 19761
 19762
 19769
 19771
 19771
 19773
 19773
 19775
 19778
 19779
 19780
 19781
 19787
 19790
 19791
 19795
 19802
 19802
 19811
 19815
 19817
 19817
 19820
 19820
 19820
 19821
 19822
 19828
 19828
 19829
 19831
 19831
 19836
 19838
 19839
 19843
 19848
 19849
 19851
 19855
 19856
 19856
 19857
 19858
 19860
 19860
 19862
 19863
 19863
 19863
 19863
 19872
 19877
 19879
 19882
 19884
 19885
 19886
 19887
 19895
 19897
 19900
 19901
 19907
 19907
 19912
 19914
 19914
 19929
 19933
 19935
 19938
 19942
 19943
 19944
 19947
 19947
 19951
 19953
 19956
 19957
 19957
 19959
 19960
 19967
 19976
 19978
 19982
 19984
 19985
 19987
 19987
 19990
 19995
 19995
 19996
 19996
 19997
 20000
 20004
 20005
 20020
 20024
 20025
 20027
 20030
 20033
 20033
 20036
 20038
 20042
 20046
 20053
 20054
 20055
 20060
 20062
 20066
 20070
 20071
 20075
 20076
 20076
 20082
 20084
 20085
 20089
 20091
 20093
 20099
 20099
 20099
 20103
 20112
 20114
 20115
 20116
 20118
 20119
 20121
 20126
 20127
 20137
 20145
 20145
 20145
 20146
 20146
 20166
 20167
 20173
 20176
 20176
 20181
 20181
 20183
 20184
 20187
 20188
 20199
 20200
 20201
 20201
 20203
 20203
 20206
 20208
 20211
 20217
 20220
 20222
 20223
 20226
 20227
 20231
 20235
 20238
 20247
 20251
 20252
 20253
 20256
 20256
 20259
 20259
 20260
 20260
 20264
 20267
 20268
 20271
 20272
 20273
 20273
 20279
 20280
 20283
 20285
 20286
 20288
 20288
 20288
 20289
 20290
 20295
 20296
 20297
 20299
 20301
 20318
 20318
 20319
 20324
 20328
 20333
 20350
 20350
 20358
 20359
 20361
 20362
 20370
 20372
 20373
 20373
 20376
 20378
 20384
 20385
 20391
 20402
 20412
 20420
 20420
 20422
 20422
 20423
 20423
 20428
 20429
 20431
 20431
 20432
 20433
 20436
 20438
 20444
 20446
 20447
 20450
 20451
 20455
 20458
 20458
 20464
 20464
 20466
 20475
 20476
 20476
 20480
 20486
 20493
 20494
 20497
 20499
 20501
 20502
 20509
 20509
 20510
 20511
 20511
 20513
 20517
 20517
 20518
 20518
 20520
 20522
 20528
 20530
 20532
 20533
 20538
 20541
 20544
 20546
 20546
 20551
 20559
 20560
 20566
 20574
 20574
 20582
 20582
 20583
 20593
 20597
 20599
 20602
 20603
 20607
 20609
 20611
 20620
 20622
 20624
 20628
 20629
 20630
 20631
 20635
 20636
 20639
 20641
 20645
 20649
 20650
 20650
 20653
 20655
 20655
 20656
 20666
 20666
 20667
 20670
 20677
 20677
 20678
 20682
 20684
 20687
 20695
 20698
 20699
 20711
 20711
 20712
 20715
 20720
 20722
 20726
 20727
 20729
 20729
 20733
 20735
 20740
 20742
 20744
 20745
 20749
 20752
 20752
 20755
 20762
 20768
 20769
 20775
 20776
 20778
 20785
 20787
 20794
 20798
 20799
 20800
 20807
 20808
 20808
 20808
 20810
 20820
 20822
 20822
 20822
 20823
 20825
 20830
 20830
 20831
 20843
 20847
 20848
 20856
 20860
 20867
 20867
 20869
 20870
 20872
 20874
 20875
 20883
 20886
 20886
 20886
 20886
 20891
 20892
 20897
 20901
 20904
 20904
 20904
 20905
 20908
 20912
 20912
 20913
 20917
 20919
 20919
 20924
 20924
 20927
 20929
 20930
 20931
 20931
 20935
 20940
 20945
 20960
 20968
 20969
 20973
 20977
 20980
 20980
 20980
 20983
 20984
 20984
 20986
 20989
 20999
 20999
 20999
 21004
 21009
 21011
 21019
 21021
 21025
 21026
 21026
 21032
 21036
 21038
 21038
 21038
 21038
 21041
 21044
 21053
 21054
 21058
 21059
 21060
 21064
 21067
 21070
 21071
 21072
 21074
 21074
 21077
 21088
 21091
 21092
 21092
 21094
 21101
 21103
 21105
 21106
 21109
 21110
 21114
 21120
 21120
 21122
 21124
 21125
 21143
 21146
 21148
 21152
 21153
 21157
 21164
 21165
 21166
 21170
 21172
 21174
 21174
 21176
 21183
 21183
 21186
 21192
 21192
 21193
 21194
 21194
 21198
 21198
 21202
 21204
 21218
 21221
 21223
 21232
 21235
 21237
 21239
 21240
 21241
 21246
 21249
 21255
 21256
 21258
 21259
 21260
 21260
 21265
 21265
 21274
 21277
 21279
 21283
 21284
 21289
 21291
 21294
 21297
 21299
 21301
 21301
 21303
 21307
 21307
 21308
 21309
 21315
 21317
 21317
 21318
 21324
 21333
 21334
 21337
 21338
 21352
 21358
 21359
 21361
 21361
 21363
 21363
 21365
 21366
 21370
 21370
 21374
 21374
 21382
 21385
 21391
 21391
 21394
 21397
 21398
 21399
 21406
 21407
 21420
 21422
 21423
 21428
 21429
 21434
 21438
 21440
 21440
 21442
 21448
 21449
 21452
 21472
 21479
 21480
 21491
 21497
 21509
 21510
 21511
 21516
 21533
 21535
 21544
 21545
 21545
 21547
 21548
 21548
 21548
 21555
 21557
 21558
 21564
 21568
 21570
 21574
 21575
 21575
 21576
 21578
 21580
 21584
 21595
 21602
 21604
 21608
 21609
 21614
 21617
 21617
 21617
 21618
 21623
 21625
 21625
 21634
 21649
 21650
 21660
 21661
 21661
 21665
 21666
 21675
 21677
 21678
 21679
 21681
 21684
 21685
 21685
 21685
 21686
 21688
 21690
 21699
 21700
 21700
 21704
 21704
 21710
 21714
 21717
 21719
 21719
 21723
 21725
 21725
 21738
 21742
 21745
 21751
 21753
 21760
 21768
 21770
 21770
 21776
 21776
 21779
 21779
 21785
 21787
 21790
 21791
 21793
 21795
 21798
 21801
 21801
 21802
 21804
 21813
 21815
 21829
 21830
 21831
 21834
 21835
 21839
 21840
 21843
 21849
 21859
 21861
 21862
 21865
 21865
 21867
 21868
 21870
 21871
 21876
 21876
 21878
 21883
 21885
 21885
 21886
 21889
 21896
 21899
 21904
 21911
 21914
 21915
 21918
 21918
 21922
 21923
 21933
 21939
 21939
 21944
 21949
 21953
 21955
 21963
 21964
 21964
 21970
 21972
 21972
 21973
 21976
 21978
 21984
 21986
 21987
 21987
 21989
 21994
 21997
 21999
 22011
 22019
 22025
 22026
 22028
 22029
 22031
 22046
 22047
 22048
 22049
 22050
 22052
 22057
 22060
 22062
 22063
 22072
 22072
 22076
 22083
 22087
 22091
 22101
 22104
 22104
 22107
 22109
 22110
 22111
 22111
 22116
 22117
 22121
 22123
 22124
 22127
 22133
 22139
 22139
 22141
 22143
 22143
 22154
 22156
 22172
 22173
 22174
 22184
 22191
 22192
 22202
 22206
 22209
 22211
 22218
 22222
 22223
 22224
 22226
 22227
 22233
 22234
 22244
 22246
 22258
 22260
 22261
 22262
 22265
 22266
 22267
 22268
 22269
 22272
 22275
 22281
 22281
 22282
 22292
 22296
 22298
 22299
 22301
 22303
 22322
 22322
 22323
 22334
 22341
 22342
 22344
 22345
 22351
 22352
 22356
 22357
 22363
 22370
 22376
 22388
 22388
 22391
 22396
 22398
 22400
 22402
 22403
 22408
 22411
 22413
 22414
 22416
 22419
 22420
 22421
 22425
 22426
 22428
 22433
 22437
 22440
 22441
 22447
 22448
 22454
 22459
 22460
 22461
 22469
 22472
 22473
 22474
 22476
 22477
 22481
 22482
 22493
 22504
 22509
 22510
 22515
 22516
 22525
 22526
 22528
 22538
 22538
 22548
 22549
 22553
 22555
 22558
 22572
 22574
 22580
 22580
 22581
 22581
 22582
 22583
 22584
 22586
 22595
 22606
 22607
 22612
 22613
 22616
 22630
 22640
 22642
 22644
 22647
 22653
 22654
 22667
 22668
 22668
 22669
 22672
 22673
 22686
 22686
 22686
 22687
 22695
 22704
 22709
 22710
 22718
 22719
 22720
 22721
 22722
 22725
 22738
 22738
 22745
 22745
 22746
 22756
 22758
 22759
 22760
 22761
 22765
 22766
 22768
 22769
 22776
 22777
 22785
 22794
 22798
 22800
 22801
 22806
 22812
 22814
 22823
 22825
 22832
 22844
 22850
 22851
 22864
 22866
 22867
 22868
 22868
 22870
 22878
 22883
 22901
 22907
 22909
 22912
 22925
 22936
 22938
 22940
 22949
 22960
 22961
 22968
 22971
 22971
 22971
 22972
 22973
 22979
 22982
 22987
 22987
 22990
 23006
 23006
 23007
 23018
 23019
 23026
 23033
 23034
 23039
 23039
 23042
 23044
 23045
 23048
 23050
 23055
 23059
 23064
 23067
 23081
 23086
 23089
 23093
 23099
 23099
 23103
 23104
 23110
 23110
 23110
 23110
 23112
 23117
 23122
 23125
 23129
 23133
 23142
 23144
 23148
 23153
 23155
 23156
 23177
 23179
 23186
 23191
 23194
 23205
 23209
 23209
 23230
 23230
 23232
 23238
 23247
 23252
 23253
 23256
 23257
 23264
 23275
 23279
 23301
 23310
 23312
 23314
 23314
 23318
 23319
 23321
 23326
 23331
 23336
 23337
 23342
 23344
 23356
 23378
 23387
 23389
 23392
 23393
 23397
 23406
 23407
 23407
 23423
 23427
 23432
 23436
 23437
 23445
 23446
 23447
 23448
 23451
 23452
 23463
 23476
 23478
 23488
 23491
 23513
 23519
 23519
 23522
 23535
 23535
 23544
 23546
 23555
 23556
 23557
 23566
 23569
 23574
 23576
 23577
 23599
 23603
 23603
 23607
 23611
 23617
 23618
 23620
 23621
 23623
 23631
 23639
 23640
 23650
 23656
 23659
 23659
 23659
 23659
 23659
 23662
 23664
 23667
 23669
 23671
 23672
 23678
 23680
 23681
 23682
 23682
 23690
 23699
 23702
 23703
 23708
 23712
 23718
 23732
 23737
 23746
 23748
 23749
 23750
 23751
 23754
 23754
 23766
 23769
 23771
 23775
 23781
 23783
 23787
 23793
 23795
 23798
 23799
 23800
 23801
 23804
 23805
 23806
 23808
 23808
 23818
 23822
 23838
 23841
 23851
 23855
 23861
 23864
 23867
 23876
 23886
 23899
 23904
 23909
 23913
 23918
 23919
 23922
 23925
 23953
 23956
 23958
 23960
 23963
 23964
 23973
 23979
 23981
 23986
 23987
 23989
 24007
 24010
 24024
 24029
 24032
 24033
 24037
 24045
 24048
 24050
 24054
 24055
 24060
 24060
 24064
 24070
 24072
 24076
 24084
 24086
 24089
 24102
 24103
 24110
 24119
 24124
 24124
 24125
 24128
 24129
 24131
 24137
 24146
 24147
 24155
 24157
 24158
 24161
 24161
 24164
 24181
 24188
 24198
 24199
 24200
 24205
 24211
 24215
 24226
 24227
 24234
 24235
 24250
 24268
 24275
 24280
 24284
 24288
 24298
 24300
 24306
 24306
 24307
 24308
 24310
 24310
 24332
 24334
 24340
 24343
 24355
 24363
 24370
 24375
 24382
 24390
 24400
 24403
 24407
 24411
 24414
 24418
 24423
 24429
 24439
 24441
 24441
 24453
 24471
 24476
 24483
 24487
 24490
 24493
 24496
 24501
 24506
 24522
 24523
 24524
 24524
 24527
 24527
 24563
 24565
 24584
 24595
 24597
 24603
 24608
 24617
 24628
 24637
 24642
 24642
 24645
 24652
 24660
 24667
 24684
 24685
 24697
 24700
 24707
 24708
 24716
 24717
 24720
 24729
 24730
 24734
 24735
 24745
 24746
 24756
 24759
 24765
 24771
 24781
 24784
 24800
 24803
 24831
 24846
 24859
 24869
 24873
 24892
 24893
 24894
 24911
 24920
 24945
 24957
 24961
 24965
 24966
 24976
 24980
 24988
 25009
 25013
 25014
 25016
 25018
 25026
 25033
 25035
 25041
 25050
 25053
 25053
 25079
 25099
 25118
 25125
 25127
 25131
 25133
 25140
 25142
 25151
 25161
 25165
 25166
 25175
 25180
 25189
 25195
 25196
 25226
 25229
 25232
 25241
 25245
 25246
 25253
 25257
 25264
 25275
 25276
 25279
 25281
 25281
 25286
 25296
 25296
 25302
 25305
 25309
 25324
 25331
 25335
 25342
 25347
 25356
 25366
 25369
 25372
 25389
 25396
 25404
 25409
 25440
 25459
 25467
 25473
 25489
 25490
 25496
 25514
 25515
 25517
 25522
 25531
 25534
 25557
 25560
 25560
 25570
 25580
 25615
 25619
 25637
 25658
 25665
 25676
 25684
 25688
 25694
 25699
 25712
 25719
 25731
 25733
 25737
 25737
 25740
 25743
 25751
 25763
 25769
 25780
 25782
 25786
 25789
 25840
 25843
 25849
 25856
 25861
 25869
 25883
 25891
 25892
 25904
 25911
 25915
 25948
 25955
 25961
 25996
 26003
 26008
 26022
 26030
 26033
 26035
 26038
 26039
 26045
 26049
 26058
 26062
 26074
 26091
 26092
 26093
 26096
 26098
 26105
 26106
 26114
 26124
 26155
 26170
 26180
 26180
 26183
 26189
 26196
 26197
 26202
 26223
 26227
 26234
 26235
 26236
 26245
 26245
 26246
 26249
 26251
 26252
 26259
 26273
 26274
 26288
 26293
 26294
 26303
 26315
 26320
 26338
 26352
 26354
 26360
 26364
 26369
 26370
 26377
 26377
 26379
 26393
 26413
 26415
 26418
 26425
 26435
 26453
 26465
 26494
 26497
 26516
 26534
 26544
 26547
 26557
 26559
 26562
 26582
 26603
 26635
 26636
 26638
 26641
 26651
 26671
 26676
 26677
 26707
 26707
 26708
 26718
 26732
 26764
 26775
 26791
 26823
 26824
 26849
 26874
 26899
 26901
 26906
 26911
 26919
 26942
 26953
 26960
 26961
 26978
 26987
 26990
 27004
 27011
 27016
 27017
 27023
 27038
 27044
 27044
 27046
 27075
 27086
 27102
 27119
 27123
 27136
 27155
 27158
 27179
 27207
 27223
 27235
 27238
 27241
 27261
 27286
 27292
 27333
 27336
 27365
 27369
 27371
 27387
 27398
 27398
 27399
 27402
 27419
 27433
 27437
 27445
 27462
 27481
 27556
 27574
 27574
 27583
 27598
 27613
 27633
 27671
 27710
 27717
 27743
 27748
 27769
 27776
 27785
 27794
 27800
 27815
 27826
 27831
 27875
 27897
 27899
 27947
 27962
 27966
 27980
 27986
 28030
 28032
 28089
 28111
 28137
 28177
 28180
 28292
 28299
 28315
 28347
 28348
 28379
 28407
 28408
 28415
 28415
 28427
 28428
 28429
 28435
 28459
 28489
 28490
 28520
 28530
 28554
 28571
 28576
 28582
 28617
 28620
 28661
 28670
 28753
 28829
 28841
 28866
 28903
 28936
 28947
 28968
 28992
 29090
 29108
 29131
 29150
 29164
 29322
 29482
 29535
 29537
 29578
 29656
 29823
