 19485
 2695
 17197
 10609
 17064
 6844
 563
 15187
 18305
 10792
 4740
 1568
 55
 854
 5551
 3295
 6111
 12561
 4325
 8552
 2400
 18612
 6658
 2905
 7541
 13603
 17200
 3045
 1007
 10233
 4712
 7855
 14265
 609
 12667
 5176
 1568
 8424
 16400
 4437
 2994
 12851
 8078
 4165
 12582
 7789
 15580
 8354
 8445
 8836
 2086
 725
 4487
 9461
 1859
 10863
 4009
 7684
 2390
 4629
 11869
 8593
 11794
 7771
 1211
 16744
 11009
 213
 17399
 11031
 10118
 4842
 7499
 19461
 14689
 2762
 1782
 19617
 7444
 5601
 1125
 14584
 11140
 12204
 10801
 10124
 5218
 10476
 15433
 10529
 7626
 15993
 4081
 12985
 12235
 18328
 1931
 5539
 9864
 5456
 6934
 11888
 1631
 2713
 4468
 6406
 7112
 19638
 16240
 920
 2816
 19909
 16031
 13430
 7111
 6005
 14950
 736
 2822
 7831
 15581
 16257
 9813
 3544
 2771
 8986
 8572
 16718
 274
 1500
 1144
 9968
 2243
 10202
 7041
 12843
 7093
 7839
 16618
 3634
 10395
 18268
 1256
 790
 5588
 9060
 12662
 18935
 239
 12347
 9720
 2585
 4301
 6284
 7359
 13018
 9993
 18618
 17389
 4771
 4470
 4730
 7193
 18302
 5097
 7167
 9269
 16359
 3575
 17974
 8750
 11845
 8383
 9139
 212
 2395
 9995
 5227
 891
 8826
 6899
 5220
 9472
 2874
 9218
 14858
 20176
 5641
 4733
 355
 18694
 8962
 17762
 933
 10163
 16033
 1421
 7654
 3587
 4566
 6497
 3860
 17789
 9624
 4037
 231
 9483
 3517
 8300
 4052
 11932
 8999
 19322
 1603
 14598
 15937
 16804
 14595
 4143
 3658
 10135
 1884
 12078
 401
 3931
 8645
 9870
 2530
 6841
 5751
 15923
 639
 3451
 5378
 13983
 1651
 8116
 5759
 5687
 5891
 7328
 7717
 9122
 12102
 18828
 20192
 4434
 13655
 8537
 18175
 16646
 3112
 4573
 5644
 15022
 5912
 5611
 930
 18705
 5416
 1140
 4762
 4556
 3467
 2574
 774
 1852
 2557
 15540
 10850
 14398
 4822
 7214
 16776
 10068
 6270
 16434
 8899
 3435
 18083
 4747
 11110
 16571
 8296
 5049
 12221
 17359
 13121
 13209
 292
 19493
 13340
 13799
 17207
 5656
 5506
 18081
 8362
 1884
 19071
 3693
 4314
 15241
 4093
 1406
 19075
 1116
 7896
 20083
 12084
 1178
 3150
 769
 4512
 11543
 10069
 11026
 4182
 14039
 18129
 10446
 18227
 9330
 8742
 11225
 12054
 2205
 2155
 4732
 19285
 16070
 7872
 1352
 8014
 5728
 6593
 11129
 8064
 4576
 12699
 1880
 3323
 17895
 5727
 10787
 2325
 5154
 9237
 6129
 11615
 5134
 16146
 8816
 17367
 1280
 2317
 16754
 14719
 7844
 13455
 3368
 17518
 7907
 4969
 6989
 16422
 1259
 12618
 16454
 2790
 9802
 11888
 9159
 5408
 7866
 9023
 3994
 1325
 15268
 11472
 3677
 17216
 8606
 12556
 11433
 409
 2678
 18554
 10650
 5371
 1332
 16853
 9836
 12639
 4091
 14625
 8770
 4298
 4049
 7103
 5229
 15133
 9344
 4927
 2347
 3116
 8795
 6421
 1197
 3889
 8484
 19632
 1150
 3969
 9229
 11847
 16417
 8415
 16830
 17428
 17338
 624
 6551
 1669
 6064
 7055
 11126
 9361
 19025
 17314
 12507
 5161
 5846
 17037
 10026
 17839
 15401
 12133
 10737
 1482
 10981
 19687
 12907
 8666
 11260
 11306
 2436
 14218
 15198
 9747
 8542
 5476
 3705
 775
 14195
 20169
 7292
 8774
 5948
 8256
 7009
 3126
 6321
 1007
 5546
 6046
 1874
 4904
 8139
 10132
 3334
 9638
 16936
 9529
 7073
 16248
 19808
 2339
 8779
 18973
 12522
 11131
 4127
 4721
 13567
 8105
 11154
 10951
 9305
 13100
 12533
 13111
 18906
 11374
 8603
 11802
 19344
 5304
 1951
 14196
 10072
 4002
 6880
 10960
 7040
 1517
 2094
 6610
 593
 14933
 8394
 2825
 6445
 6593
 13097
 16516
 2133
 6876
 18362
 8327
 8430
 937
 5288
 5054
 10597
 9843
 7585
 13809
 2801
 10787
 3288
 9272
 7640
 9845
 6792
 2929
 11508
 2125
 12282
 5008
 4343
 10630
 4841
 7126
 2797
 8523
 12004
 4933
 19842
 12266
 20179
 12946
 19844
 4325
 5662
 13468
 14889
 1067
 3851
 6237
 4788
 5767
 7654
 20255
 9748
 7447
 837
 13200
 12173
 17888
 685
 12185
 5947
 7423
 15727
 3403
 13492
 14915
 13367
 7835
 15758
 1433
 20551
 1168
 962
 9832
 16607
 15994
 8751
 2335
 10336
 12933
 13025
 4652
 11089
 12750
 16691
 4111
 19137
 2998
 13106
 941
 11854
 2677
 4452
 10825
 2086
 7825
 3754
 11056
 11211
 4110
 1410
 755
 8540
 8456
 816
 9627
 4275
 4063
 11613
 16312
 5097
 4082
 4704
 1914
 5600
 18928
 5693
 5284
 9698
 7562
 4459
 3486
 6310
 4813
 1371
 17258
 4532
 15663
 6581
 20601
 2761
 13672
 18021
 18591
 11100
 7683
 16214
 1476
 16321
 17364
 1533
 13180
 9614
 11116
 8634
 4858
 11933
 6443
 16442
 11168
 5650
 10165
 15233
 8858
 4381
 2409
 2374
 12364
 8801
 17902
 8287
 7272
 17814
 10222
 5439
 1445
 7533
 9128
 4509
 3212
 1907
 9376
 11799
 19573
 6647
 11802
 6934
 19154
 12334
 9511
 20019
 5642
 5239
 2559
 16667
 2153
 4059
 18608
 15599
 3765
 11287
 4629
 1263
 7620
 3837
 10187
 11512
 16109
 9496
 7712
 16364
 18268
 11695
 14604
 12625
 18570
 2379
 8549
 3964
 5004
 17788
 10605
 17199
 20106
 6297
 8367
 6081
 12371
 10375
 6507
 7805
 2767
 2429
 8877
 18446
 9333
 2565
 2085
 9945
 7519
 6532
 2994
 8523
 2906
 12318
 15808
 12853
 2466
 15348
 13940
 8469
 6510
 783
 7685
 5687
 4104
 4546
 15854
 6875
 3040
 4331
 11297
 985
 2657
 16090
 10014
 20547
 1859
 4469
 4388
 9673
 8131
 13307
 17479
 12739
 11760
 6375
 9539
 9322
 5543
 9208
 17968
 4200
 9538
 15311
 10806
 12882
 9164
 6360
 10691
 4690
 1592
 8429
 8123
 8522
 13170
 18487
 10351
 14358
 5782
 14294
 7665
 3793
 8545
 4067
 20007
 12379
 1221
 9044
 7838
 10265
 5760
 12736
 2496
 15453
 3854
 18564
 12745
 10344
 8798
 12165
 10423
 9549
 2755
 6678
 11456
 13496
 6028
 8188
 4073
 19983
 7286
 19984
 12436
 2328
 19649
 9253
 9593
 13051
 11584
 20396
 2072
 13609
 3061
 7060
 6797
 5373
 19292
 2005
 20069
 13793
 12966
 13039
 8305
 6485
 1321
 11822
 11257
 3148
 3862
 1649
 8307
 5303
 7084
 10987
 5780
 17766
 10475
 7817
 2661
 6443
 3211
 20310
 11866
 8674
 1070
 11196
 14783
 12111
 5747
 5835
 7603
 14182
 2540
 12415
 11162
 1072
 10451
 19804
 4046
 12717
 9592
 20445
 19286
 17045
 4254
 11023
 15801
 1219
 4807
 7671
 13044
 3092
 2061
 4635
 19563
 7244
 5395
 16511
 20541
 12667
 18715
 18990
 16731
 13854
 11449
 4380
 1530
 4968
 8903
 6378
 14598
 17763
 11514
 5738
 10649
 16945
 16245
 14243
 11629
 6264
 2877
 3543
 20910
 3006
 1390
 17955
 19604
 10800
 3628
 19494
 10031
 11817
 19291
 11910
 4324
 4850
 11763
 9840
 6584
 3141
 9966
 10494
 15946
 14614
 12676
 16574
 20677
 12820
 15034
 14608
 3413
 10636
 14134
 8048
 2139
 10575
 12822
 6357
 1916
 12213
 1505
 1753
 13855
 7650
 8637
 3771
 8278
 3368
 12003
 7585
 12604
 1101
 10833
 12609
 14913
 10991
 18110
 9890
 17826
 5797
 10963
 9278
 9564
 14535
 4472
 6155
 10017
 5201
 13581
 17435
 17452
 14052
 5050
 10016
 5554
 11565
 6280
 15252
 13051
 15306
 8210
 1528
 16047
 12138
 15990
 1915
 19348
 4309
 3761
 9438
 2423
 4780
 7210
 9685
 9512
 9554
 9005
 20720
 11403
 6827
 15419
 1979
 10956
 15812
 11199
 3363
 5011
 15507
 6277
 3002
 18584
 3488
 20102
 20701
 3545
 8388
 2759
 9108
 5354
 3376
 13091
 2393
 4972
 4754
 12549
 10461
 9249
 9748
 12059
 14183
 1631
 7014
 13992
 10590
 2659
 13917
 6105
 18762
 7816
 4731
 6586
 5173
 5848
 20432
 3849
 6488
 20833
 2529
 6827
 6387
 15596
 5001
 14941
 8285
 7850
 1246
 10286
 20509
 10256
 7797
 14412
 19640
 7909
 6792
 12252
 11532
 19354
 1719
 17902
 5532
 8665
 5037
 12464
 8653
 2368
 10052
 4833
 10928
 3824
 15019
 3945
 9154
 8225
 11847
 11208
 13456
 10841
 3096
 20396
 10239
 7805
 4382
 11591
 9770
 2087
 11579
 18751
 20109
 16088
 2267
 18408
 10882
 12431
 15537
 1999
 14602
 18395
 5955
 3192
 20111
 13070
 5162
 9931
 7079
 2418
 9043
 9162
 20443
 11136
 19689
 4615
 13257
 12655
 11574
 17267
 7911
 20650
 1799
 2106
 13129
 8934
 2768
 1421
 1604
 3090
 8656
 11647
 7380
 10735
 11446
 17205
 3547
 13762
 7268
 11736
 18571
 11143
 18643
 16365
 18598
 5032
 13720
 8583
 10212
 14895
 18373
 12634
 4213
 10265
 11187
 2067
 10599
 7755
 20126
 17191
 15146
 7561
 10129
 5161
 5618
 17220
 1220
 12672
 15869
 8500
 7267
 3608
 3542
 8391
 12401
 11287
 15161
 17305
 21197
 19699
 17719
 20100
 10708
 2563
 19484
 9465
 14023
 12915
 6800
 5136
 2638
 5180
 8539
 10173
 20700
 4659
 16685
 3940
 17973
 6305
 11293
 4525
 13326
 18163
 17871
 9179
 13460
 8850
 2491
 6298
 5904
 9269
 21132
 14871
 4201
 13910
 6886
 14197
 3435
 14531
 4748
 5757
 6599
 6838
 3937
 1589
 12730
 5095
 3917
 18004
 10258
 9568
 9154
 12021
 19694
 15313
 11712
 4010
 14661
 11493
 5301
 6067
 10474
 3124
 7305
 19600
 11407
 17211
 17466
 10579
 7560
 5161
 16195
 9785
 1393
 1756
 1378
 8186
 13586
 8715
 17690
 20318
 16321
 17605
 6678
 1971
 6697
 13338
 18415
 9949
 11307
 12568
 13424
 17005
 5314
 11001
 11831
 2934
 9035
 4986
 1855
 11067
 7844
 3119
 14396
 12876
 9940
 2582
 13255
 15443
 3948
 1673
 11579
 20042
 16877
 7544
 13439
 19376
 9674
 3350
 18373
 5084
 4558
 7410
 14578
 2448
 1377
 17162
 19038
 14545
 3495
 6203
 8574
 3830
 4586
 12316
 21345
 2784
 15481
 7339
 9848
 11785
 3345
 4648
 7898
 7360
 4027
 5729
 16902
 10035
 2806
 16525
 7946
 8526
 16343
 15037
 8835
 3139
 15693
 11472
 7526
 17898
 10890
 19046
 18495
 8908
 20319
 11192
 7768
 9978
 2023
 8805
 8253
 11972
 6312
 3920
 8765
 6246
 12341
 9416
 4115
 15461
 20823
 2408
 12229
 2107
 14444
 9216
 8621
 6159
 5841
 9395
 19095
 4713
 5948
 10916
 10378
 10980
 16429
 14858
 13130
 5957
 12199
 16203
 1757
 6475
 13465
 4136
 13965
 8935
 7778
 3381
 12781
 9038
 6228
 10605
 5056
 12524
 9112
 20163
 4246
 7068
 2706
 19228
 9816
 7733
 18630
 18427
 8102
 12135
 14843
 12956
 11167
 1543
 11104
 20741
 17697
 17638
 20428
 10010
 17554
 8681
 18762
 8849
 20190
 8789
 7605
 3557
 7297
 16425
 7520
 1774
 11143
 14993
 10490
 9329
 4498
 20727
 3055
 1876
 2365
 11868
 10802
 13493
 11583
 17512
 7994
 17308
 14065
 12447
 14442
 13549
 7859
 12533
 5110
 17954
 8748
 10146
 14083
 9305
 3025
 4249
 13774
 15466
 4328
 14774
 8400
 6428
 9453
 11254
 3040
 9080
 12821
 8780
 7321
 11773
 5585
 13969
 1821
 2774
 13973
 2523
 10522
 10665
 3642
 10258
 1869
 10354
 11520
 18719
 20869
 21487
 5048
 12997
 8905
 13565
 2241
 3124
 14492
 10083
 14193
 2363
 6559
 13229
 7639
 9951
 13496
 21468
 20351
 13738
 2930
 10460
 7349
 9669
 16997
 4566
 3469
 3720
 2711
 2151
 15618
 19217
 10947
 21041
 7678
 9620
 18105
 4848
 2906
 21395
 20135
 7152
 2502
 3662
 11286
 7805
 11179
 3260
 11735
 9082
 17327
 11738
 9664
 10134
 13081
 13091
 2738
 4060
 9109
 10273
 3773
 13131
 4346
 6531
 7846
 7270
 19498
 20399
 9031
 18380
 3930
 8346
 4471
 2857
 19667
 13014
 6285
 9966
 7385
 17835
 4991
 6720
 6698
 12842
 13455
 6317
 18568
 18333
 9929
 10788
 3834
 8291
 5350
 17828
 7824
 7418
 6709
 19541
 12294
 12638
 6266
 8599
 19115
 12914
 19959
 20792
 6946
 16540
 3082
 6090
 5320
 16373
 3991
 13780
 14615
 8481
 6504
 7207
 7403
 6652
 21298
 19220
 6884
 4406
 10202
 14460
 14059
 11585
 12152
 2824
 6584
 9128
 5786
 17466
 16307
 10370
 12364
 6308
 19865
 6919
 2903
 6232
 4705
 4514
 11080
 15263
 14272
 11112
 6866
 10222
 15530
 3944
 5654
 16661
 4538
 11811
 12482
 3226
 3412
 7838
 13175
 7686
 2697
 6453
 6032
 10622
 14010
 18931
 20768
 8661
 17153
 5088
 11131
 7968
 19308
 19769
 3608
 14538
 9291
 21446
 20597
 1992
 11245
 15208
 19580
 16016
 19046
 19186
 16037
 8006
 14131
 15161
 8251
 4759
 18625
 7759
 9603
 10154
 3082
 14220
 12026
 4403
 11809
 13006
 4543
 12553
 6321
 9827
 12241
 2267
 10337
 13988
 12378
 5599
 15195
 8389
 5740
 3019
 8622
 1770
 21643
 7432
 9584
 4412
 13003
 4739
 19399
 6139
 21563
 5669
 12266
 10966
 11843
 8454
 5571
 13658
 15146
 4925
 2520
 14248
 8187
 7483
 4042
 4266
 3816
 13338
 11454
 16070
 14575
 3472
 18523
 10291
 7004
 3816
 12722
 9388
 19760
 2226
 6021
 14020
 5601
 4921
 9889
 14073
 8162
 10262
 21677
 5515
 11876
 4771
 2568
 9998
 14268
 19283
 18542
 3295
 4519
 19488
 18140
 2708
 2604
 14309
 17204
 2039
 6753
 21454
 4387
 10227
 5233
 13580
 13761
 19311
 13404
 10413
 2168
 5852
 13311
 3179
 6569
 11914
 2293
 13763
 13483
 11456
 10014
 19594
 10709
 14187
 17184
 2011
 16798
 15702
 19659
 6996
 7395
 9787
 12449
 8322
 10537
 10009
 21142
 6297
 13860
 16487
 9748
 8329
 13207
 13256
 1858
 20621
 6493
 20607
 14726
 18950
 20167
 4868
 12105
 15943
 18918
 4471
 12506
 8082
 8556
 21557
 10581
 4132
 7790
 7338
 5349
 14380
 2253
 3686
 5287
 20705
 13526
 8274
 12946
 12373
 21158
 7876
 7220
 3300
 5361
 11441
 3358
 7666
 7109
 12195
 12227
 8692
 17515
 12075
 19805
 6861
 12430
 4185
 11825
 2844
 18590
 7818
 3636
 6036
 15735
 9152
 3245
 4429
 19774
 5656
 14396
 21625
 20364
 5945
 10588
 15833
 19663
 12521
 12070
 3696
 9453
 16196
 9846
 3800
 2346
 6575
 3633
 3956
 19787
 10441
 2087
 4166
 21499
 14307
 16886
 11682
 6767
 3410
 12207
 8995
 10054
 13411
 7965
 2685
 4755
 13870
 6466
 17362
 3549
 12974
 7204
 14504
 14694
 8112
 8809
 14523
 3531
 15177
 19935
 8655
 7116
 20749
 11680
 16425
 14189
 3678
 9907
 3391
 14556
 8098
 6069
 7692
 8852
 10104
 9978
 11369
 13377
 9932
 2671
 5400
 10981
 17417
 13730
 16771
 9914
 11054
 2437
 5253
 21624
 15044
 14350
 17766
 3257
 11247
 5922
 20781
 8604
 12131
 6132
 15217
 12359
 7801
 8648
 4945
 11089
 17025
 8157
 7173
 17631
 9818
 20330
 17524
 19117
 9793
 11848
 21927
 12847
 12775
 2897
 7678
 4216
 9894
 9447
 19009
 20474
 2708
 16216
 3994
 19887
 5817
 16992
 10434
 4089
 18974
 20463
 5240
 11493
 14790
 14381
 6041
 19573
 19394
 8347
 9676
 6621
 2303
 5916
 12318
 6350
 18434
 8437
 19086
 14866
 18936
 4720
 2089
 5079
 7783
 7271
 5656
 10224
 10217
 12543
 3224
 4312
 2714
 13650
 11435
 7992
 12271
 15762
 11437
 20842
 3625
 8939
 5098
 20895
 2635
 4456
 5038
 5631
 17832
 6777
 2365
 11407
 7937
 9364
 13156
 14040
 16526
 11577
 18191
 4997
 13530
 19770
 8061
 8876
 17524
 20890
 13681
 12785
 13827
 10805
 17738
 8200
 4889
 3169
 5397
 10842
 10572
 5684
 8097
 11017
 18177
 2790
 20467
 14871
 3689
 11192
 20347
 3908
 9169
 14933
 19623
 3863
 10517
 8120
 10327
 9823
 19317
 2638
 7729
 8506
 3146
 7709
 8534
 6293
 8506
 14341
 12244
 6869
 3082
 10278
 17021
 7958
 11316
 10819
 21944
 7794
 8474
 6022
 15479
 7428
 5049
 9219
 8041
 2445
 4193
 3969
 11856
 18775
 8644
 10966
 14933
 10361
 12173
 11602
 9403
 12122
 13363
 4608
 5681
 2585
 9230
 4776
 18252
 14252
 6506
 16824
 8181
 19751
 18362
 13829
 12350
 5856
 13678
 6860
 19899
 3409
 4135
 5085
 16463
 12477
 10698
 7419
 16708
 3991
 21108
 4541
 2367
 7807
 6829
 9433
 13043
 5870
 13568
 10945
 20213
 12820
 10410
 14542
 13392
 10752
 3217
 13213
 13978
 9408
 21975
 8055
 18950
 7081
 15407
 11701
 9948
 20025
 8079
 5156
 20070
 9307
 11174
 12741
 5900
 7820
 2608
 6520
 7266
 6108
 21671
 7482
 7776
 17238
 8797
 5484
 4626
 2307
 8392
 3543
 14290
 15115
 8733
 19084
 7315
 6366
 4096
 8209
 9023
 21171
 8026
 5113
 4867
 14959
 10156
 4882
 7688
 4520
 4579
 10725
 6886
 8650
 12908
 10010
 7797
 7898
 10378
 15547
 14532
 10201
 5798
 10041
 7501
 5131
 10151
 19540
 7176
 11832
 17314
 8695
 12384
 15251
 7955
 7074
 3779
 12793
 8557
 6573
 10173
 2620
 6798
 13609
 10503
 20353
 7671
 5545
 3580
 15847
 15738
 12865
 8589
 13418
 15604
 13166
 5973
 12262
 7070
 9558
 6319
 13855
 15967
 11409
 20711
 19488
 17156
 13064
 15086
 7235
 3442
 14813
 13938
 17489
 9658
 11115
 15085
 4042
 21839
 3568
 14877
 11719
 15637
 6120
 5108
 17981
 6234
 4763
 4049
 3365
 3273
 9818
 5359
 6011
 9212
 17062
 5596
 3459
 9554
 11186
 4364
 20371
 12898
 16298
 14319
 11309
 3727
 6964
 4896
 9579
 17852
 3253
 10656
 4032
 12706
 8375
 8003
 13116
 12671
 19146
 10825
 8720
 8881
 14313
 17743
 16147
 20004
 17758
 6151
 21860
 9256
 8393
 13861
 21329
 10502
 20189
 3100
 11384
 2516
 12651
 2569
 10028
 6408
 7938
 9101
 6427
 6985
 9399
 8481
 22317
 5388
 22018
 20773
 3727
 4190
 3114
 2521
 8080
 6781
 15298
 19632
 14507
 5004
 13875
 22050
 15207
 9158
 7036
 14049
 8444
 13106
 11288
 3566
 12727
 11992
 12351
 10380
 4895
 15924
 3343
 16117
 5049
 21416
 8780
 8653
 10601
 6903
 11301
 18804
 14362
 7311
 8409
 10815
 6336
 17414
 2906
 4073
 8604
 17257
 14322
 11846
 7263
 18289
 8227
 10648
 8210
 7350
 19219
 18342
 3318
 8840
 12135
 6089
 22280
 13276
 4527
 20137
 14983
 6596
 12803
 11304
 14585
 9315
 5516
 15389
 7402
 10047
 4070
 22371
 9623
 4216
 21988
 8691
 3274
 12727
 7669
 10480
 14055
 13482
 9894
 6049
 5158
 5232
 18248
 20868
 3714
 14512
 11283
 2881
 22097
 15791
 9322
 10333
 6005
 12609
 6433
 3792
 12883
 5567
 12029
 4985
 9569
 20474
 21372
 20464
 4261
 2959
 14357
 11484
 11036
 10716
 8192
 3014
 11769
 9234
 17464
 21294
 13326
 5227
 9696
 6525
 22287
 6109
 8645
 13499
 11221
 12496
 13442
 2913
 4769
 16813
 10921
 12785
 14018
 10264
 13505
 19493
 8664
 3999
 13579
 5990
 6970
 9331
 14858
 6270
 22389
 9622
 18882
 8271
 18293
 13781
 21183
 18853
 11017
 6585
 13561
 4010
 4962
 12537
 12983
 8857
 14013
 14034
 22034
 6709
 10050
 13305
 9115
 20090
 8971
 11664
 3936
 6388
 5640
 11703
 9259
 18224
 3074
 12581
 12139
 21071
 7295
 16792
 13015
 15170
 21639
 3657
 18480
 16210
 7300
 10083
 8422
 8639
 5615
 6581
 8894
 11596
 13480
 8646
 10323
 13016
 8325
 10249
 17339
 12368
 6800
 2929
 11531
 8803
 3306
 8935
 12957
 6263
 3284
 4665
 7696
 7226
 7088
 8405
 12817
 6203
 8739
 9047
 5593
 9562
 9694
 6751
 8343
 21277
 3325
 5286
 8944
 11013
 7760
 10387
 6244
 7521
 4472
 14665
 20435
 4385
 12148
 6915
 12063
 16013
 12412
 16067
 6355
 10455
 5421
 22086
 12068
 13997
 14055
 3292
 14488
 9844
 7027
 18711
 16069
 13490
 5642
 4322
 19258
 17739
 7890
 12885
 9187
 9967
 21417
 14054
 11657
 20561
 3783
 12161
 6265
 8090
 22335
 3451
 18119
 7807
 5350
 5060
 12274
 21361
 11223
 6011
 3721
 9684
 10743
 4038
 2766
 6034
 7989
 22338
 14170
 4368
 7219
 8728
 6945
 3425
 9131
 14801
 3352
 16602
 4748
 9419
 11220
 13095
 14980
 13068
 10740
 20380
 15171
 7862
 2786
 13965
 15261
 5884
 15446
 12962
 13552
 14484
 12444
 22309
 8358
 4173
 9047
 12990
 3837
 15235
 4678
 22753
 13382
 13329
 5061
 6534
 5003
 6375
 12055
 14458
 15476
 21116
 8899
 4020
 8299
 5669
 13500
 17547
 4383
 10918
 4902
 5541
 6054
 15368
 15190
 13011
 11783
 8460
 16185
 20444
 6487
 5439
 15320
 4566
 10369
 18159
 16026
 8060
 8555
 15357
 12746
 2909
 10455
 15891
 12507
 3793
 10504
 11064
 14857
 10673
 16614
 6305
 15330
 22503
 9507
 13259
 8869
 19972
 19262
 7622
 12041
 7249
 3496
 11476
 6817
 3848
 3334
 20530
 5182
 8100
 10070
 20566
 3350
 5846
 13589
 13946
 12868
 21210
 10976
 8504
 16144
 11977
 7642
 14871
 3057
 15375
 11981
 8292
 17423
 12320
 6068
 22340
 15534
 3143
 6617
 2889
 18728
 13951
 4251
 5475
 12858
 8326
 16562
 9145
 8930
 5199
 3446
 7321
 5447
 14231
 12956
 5388
 14425
 11225
 12962
 3853
 10715
 4902
 19438
 3548
 12575
 17551
 10674
 21550
 4208
 7077
 8882
 6631
 11157
 15524
 13833
 6282
 14613
 8554
 12936
 7344
 7862
 2958
 3937
 14615
 8171
 10031
 10340
 20989
 14541
 5483
 5736
 12590
 8488
 13810
 10188
 6746
 12122
 3225
 18589
 7979
 10839
 19987
 12283
 7061
 11985
 9277
 8760
 15566
 11863
 3353
 16448
 11584
 17371
 5021
 9407
 15453
 8664
 5004
 9376
 6451
 12947
 10182
 4466
 8672
 20097
 2972
 13200
 10247
 14410
 9735
 18528
 18147
 5132
 13721
 20091
 13180
 15171
 12595
 5519
 3128
 6792
 3737
 9474
 10163
 9688
 4579
 15704
 17714
 13174
 10293
 6967
 8629
 13875
 15282
 12553
 20715
 15117
 13548
 11489
 11050
 11094
 15839
 13473
 4063
 8182
 14879
 11772
 13091
 15220
 11855
 18264
 10863
 7441
 15475
 6742
 14321
 10357
 14888
 7412
 10303
 10414
 22418
 14066
 7947
 9334
 14647
 13205
 5592
 5588
 4843
 4265
 9100
 21606
 7594
 9610
 11527
 10782
 6509
 13604
 3379
 7178
 4567
 8185
 8924
 4313
 9711
 20867
 14401
 18234
 20340
 3387
 15916
 6023
 5420
 5049
 13311
 10179
 9437
 5597
 13967
 13247
 16447
 10318
 10677
 4227
 9425
 12929
 14594
 6187
 8107
 9756
 6963
 4943
 21076
 5211
 8486
 4840
 5110
 9586
 10924
 5488
 12623
 5684
 5504
 22570
 12553
 6644
 12726
 15042
 6412
 4875
 4759
 5685
 6097
 13561
 12236
 5012
 5818
 12623
 13881
 6277
 8385
 9516
 4173
 10187
 4559
 8006
 16214
 13383
 22318
 10219
 3514
 17598
 21793
 10633
 11043
 19549
 20754
 10699
 6075
 8635
 5164
 5989
 10681
 4030
 13514
 17490
 20410
 3329
 6863
 13851
 5491
 5396
 10808
 14523
 18278
 12356
 11023
 3969
 18100
 18461
 20129
 3510
 20274
 7821
 5202
 10528
 5534
 13386
 16175
 8646
 21716
 16215
 10885
 21556
 5468
 22499
 14864
 9025
 20934
 11859
 15479
 21583
 12089
 14817
 4214
 4307
 18888
 6980
 9307
 14774
 15623
 11058
 12086
 4251
 22876
 22724
 11338
 4706
 15769
 10201
 6953
 22572
 21577
 3581
 3295
 11232
 3881
 10539
 21069
 7437
 9721
 11057
 7417
 11217
 6291
 9971
 10500
 3514
 5787
 8434
 13853
 12523
 4055
 6319
 20948
 3425
 15938
 14955
 15985
 22935
 4027
 7504
 4902
 6918
 10531
 9845
 11554
 3409
 16167
 8990
 13960
 11584
 14555
 12995
 11263
 5194
 5576
 15986
 9707
 3609
 8934
 20567
 19164
 16361
 6926
 9083
 13157
 6066
 15945
 12170
 20528
 9254
 19149
 5273
 3824
 14012
 5322
 14664
 21047
 7982
 11903
 13925
 10121
 18208
 6163
 19217
 8432
 9154
 10144
 7687
 3857
 12248
 4626
 18842
 18112
 6936
 8785
 15582
 9904
 7860
 16795
 13642
 19181
 9208
 18231
 7644
 13965
 15766
 12869
 3773
 13828
 5280
 3385
 12807
 17047
 21942
 14377
 15652
 11476
 10241
 13989
 11289
 4192
 3903
 12103
 6499
 3633
 8096
 20747
 11744
 3293
 16848
 22560
 13650
 11762
 4310
 19392
 21215
 7559
 21979
 11965
 3453
 6482
 8208
 9468
 17260
 9756
 17002
 6438
 10467
 14707
 9871
 6588
 22704
 11167
 18165
 8012
 12859
 21495
 5192
 16642
 5962
 20180
 18957
 16416
 12554
 5381
 10342
 21776
 11212
 7749
 14805
 18809
 13294
 13962
 12867
 10033
 14140
 14175
 15491
 6994
 10679
 10805
 5427
 3984
 7541
 16149
 12515
 8105
 15016
 23066
 10618
 16862
 10787
 3869
 12469
 11714
 5723
 11056
 13520
 5552
 18091
 5198
 14282
 7010
 7898
 4051
 11332
 13215
 14464
 5448
 14635
 10868
 11079
 10818
 10262
 16007
 15567
 10796
 9554
 18311
 3381
 12546
 14428
 10056
 10164
 14112
 8014
 6446
 12908
 14329
 12638
 11912
 13698
 14252
 12803
 7583
 13480
 10132
 9946
 8175
 20639
 6239
 11240
 6453
 5307
 13090
 4768
 15209
 13478
 4907
 11464
 21966
 14439
 14199
 13719
 18664
 10500
 12645
 14113
 16013
 16101
 6346
 4150
 10303
 12347
 5702
 7880
 10649
 11265
 20119
 9324
 17864
 10306
 4589
 12771
 23388
 9243
 21565
 5305
 20703
 4898
 23034
 18317
 14277
 12456
 23425
 14323
 13381
 7899
 17652
 4406
 7687
 23375
 3850
 11554
 9502
 6973
 5092
 14913
 16504
 14092
 5827
 7747
 13491
 5264
 16056
 6276
 4882
 10384
 13020
 9737
 19857
 8684
 6177
 8075
 20629
 22239
 10152
 10807
 13159
 22625
 3765
 17653
 11683
 23344
 16417
 7080
 8236
 11281
 8878
 16117
 15619
 4273
 6368
 16071
 14519
 4241
 7113
 22226
 4319
 4001
 4293
 19127
 13830
 16779
 11784
 5512
 18277
 7444
 15445
 6477
 16280
 19103
 20368
 12197
 4554
 17939
 13686
 11697
 11794
 12061
 15500
 4365
 4802
 15737
 6453
 15584
 19741
 15661
 4520
 5143
 5258
 5910
 16129
 14349
 19270
 9128
 12055
 11597
 14654
 6736
 7662
 11675
 3741
 4220
 7758
 17040
 5795
 22397
 3667
 15108
 19255
 11340
 5382
 17649
 3807
 22955
 3628
 21846
 10669
 6573
 20414
 10201
 23131
 5240
 11033
 6705
 12155
 9834
 17334
 8578
 16296
 10394
 13533
 14410
 15873
 9024
 8213
 13532
 12311
 12504
 14431
 8523
 5189
 15299
 9860
 6313
 9791
 8175
 8268
 6384
 15374
 12024
 14449
 4929
 5243
 9966
 22643
 14540
 11178
 19929
 5486
 22127
 5450
 18170
 19848
 9730
 10186
 21492
 13231
 15378
 12878
 4587
 6882
 19116
 5185
 12588
 7791
 18589
 11789
 12493
 9117
 7768
 10185
 5686
 17195
 14743
 14610
 17536
 11897
 19397
 8830
 4605
 10821
 10268
 10701
 14201
 6233
 21418
 21824
 19295
 10754
 14170
 8143
 21055
 7525
 8336
 14165
 10478
 16173
 22293
 10703
 4782
 9448
 14996
 19685
 9232
 6738
 4643
 13352
 9783
 10866
 9862
 4157
 4287
 4100
 8912
 16344
 4862
 10679
 14764
 15884
 4265
 17944
 13852
 7234
 4858
 8462
 6367
 4233
 18705
 19527
 23128
 15917
 14457
 10899
 11341
 15019
 17421
 12080
 10285
 8227
 10778
 6149
 4949
 6159
 5254
 12532
 20789
 20244
 15377
 11241
 18254
 18486
 20699
 13944
 9023
 12848
 19495
 21862
 12129
 19588
 3934
 6054
 11919
 17616
 9783
 13479
 8810
 15586
 13013
 11436
 6908
 16174
 16209
 15484
 16251
 15933
 14554
 18075
 12049
 8744
 11515
 6041
 7417
 15077
 11516
 8809
 8332
 17857
 14539
 12725
 13277
 12687
 22524
 13168
 11842
 14464
 14030
 18956
 13685
 21811
 22929
 17774
 7641
 11535
 16773
 3902
 7488
 17295
 12324
 6371
 15660
 14525
 12354
 11566
 6517
 21058
 14868
 7349
 16619
 5308
 14576
 18884
 18973
 11473
 9459
 14735
 11193
 4228
 3784
 13003
 15444
 15142
 18247
 14973
 17964
 7758
 9245
 14803
 20492
 7852
 13931
 12274
 8016
 13210
 11985
 9904
 23018
 11156
 13068
 10819
 5540
 17354
 15805
 16537
 7111
 15987
 7724
 19370
 8923
 14853
 7245
 21354
 5072
 5282
 12514
 8899
 21245
 8468
 18177
 4419
 14759
 19005
 4439
 7090
 12324
 12296
 8877
 17671
 11424
 8356
 12586
 16923
 11871
 6322
 9434
 21950
 4324
 23453
 6158
 6600
 18034
 6154
 9315
 9811
 7825
 8496
 10663
 14631
 13204
 7465
 6969
 9046
 11288
 17641
 7537
 9642
 9679
 16687
 10976
 15387
 9438
 16666
 9593
 5349
 23043
 21949
 12752
 4217
 18748
 23190
 14369
 10707
 14948
 15356
 12052
 15308
 19391
 16535
 7328
 23697
 21912
 4884
 14030
 10580
 12584
 4441
 14912
 4129
 6298
 15926
 10609
 5332
 14573
 8349
 22718
 5001
 13306
 13075
 23590
 5268
 7254
 20007
 15054
 9650
 8442
 4322
 6984
 16543
 15265
 7712
 19604
 4073
 6098
 23806
 16615
 23749
 15423
 13876
 11340
 22273
 13517
 16966
 9577
 6458
 9237
 22229
 9219
 15695
 7562
 11483
 20324
 5397
 8220
 12503
 6139
 23373
 6876
 5093
 4485
 8883
 21377
 15826
 23212
 11256
 4074
 11950
 19757
 8881
 14245
 15907
 15133
 12241
 15024
 11398
 14062
 12245
 21182
 12619
 16047
 4767
 15836
 13598
 7410
 4966
 8756
 14767
 22483
 15500
 14802
 21581
 21013
 9455
 10693
 15702
 16334
 6116
 12040
 8909
 21798
 6369
 16066
 14286
 4924
 5881
 19626
 8223
 5258
 21774
 15823
 14855
 12618
 10466
 14968
 14947
 17081
 4398
 11943
 20214
 15867
 4407
 5283
 15105
 15263
 19293
 4918
 8723
 8548
 17046
 5780
 9987
 14396
 22203
 11101
 13788
 12880
 15329
 14021
 13848
 4901
 6955
 5618
 10832
 6973
 5790
 12453
 6771
 7649
 22485
 15133
 4981
 9469
 12150
 13112
 4393
 4780
 13956
 8956
 4530
 17430
 8886
 4501
 4055
 16983
 15209
 5535
 20214
 17026
 5329
 17255
 13786
 6341
 12534
 6221
 10703
 9615
 20188
 13677
 12181
 10736
 10851
 11646
 4531
 14464
 10001
 7129
 20047
 20419
 7372
 7518
 8251
 6410
 15693
 6997
 15698
 7837
 9809
 5361
 7619
 5081
 20913
 13497
 16492
 12404
 21621
 13097
 20107
 20745
 6789
 23606
 18930
 12976
 21184
 21841
 4281
 20652
 18448
 21294
 22840
 8044
 6301
 15750
 4341
 14154
 7969
 11642
 8603
 5784
 17725
 19768
 16620
 7229
 10794
 6499
 22295
 10298
 4626
 6606
 24013
 11953
 6239
 12329
 12177
 7080
 23540
 16511
 14511
 7530
 7195
 7455
 5423
 5135
 10335
 10298
 5513
 10718
 12668
 13005
 16634
 4656
 21811
 6687
 23320
 12278
 5666
 16204
 21699
 9469
 17555
 12452
 22877
 11761
 17332
 15054
 8955
 4608
 8039
 13489
 9916
 11521
 15163
 15348
 23386
 11413
 11898
 14851
 19966
 8620
 11492
 6933
 11065
 22667
 12221
 5549
 4848
 11501
 7138
 16606
 17079
 5447
 22018
 6770
 10946
 23921
 6378
 12108
 22008
 6593
 17633
 13805
 22825
 5978
 4950
 8756
 18657
 18213
 9015
 16297
 15229
 11774
 9827
 18236
 22270
 7507
 17473
 4521
 4891
 13097
 4339
 12351
 8220
 12608
 19686
 14433
 10725
 10807
 10603
 8941
 10415
 18450
 13643
 12763
 15517
 13947
 13909
 14888
 16109
 11880
 7004
 17492
 21550
 13788
 15040
 5768
 23569
 11247
 6153
 6044
 15395
 9426
 10075
 7672
 12313
 14798
 17830
 7353
 5741
 4493
 14750
 16119
 10665
 7836
 11915
 14405
 11297
 9870
 23073
 6072
 5254
 4836
 15090
 21099
 8503
 10732
 5410
 6274
 20155
 15432
 19676
 8526
 11021
 8081
 6372
 4689
 11191
 14715
 16556
 7874
 6083
 6746
 8939
 16563
 22189
 14021
 12202
 11505
 12796
 16187
 22689
 14220
 7475
 22819
 17026
 12984
 8387
 4536
 6739
 21618
 14628
 5989
 5058
 6343
 11299
 22509
 11700
 16178
 18558
 21134
 8799
 18148
 17326
 23495
 16345
 18313
 10756
 5751
 21553
 5576
 5367
 8424
 12220
 16363
 7101
 6573
 14930
 7745
 12824
 17895
 8506
 18784
 6995
 11086
 14915
 8143
 18477
 21390
 13749
 16194
 11061
 17840
 13095
 10759
 6071
 10363
 18290
 7297
 5077
 8922
 19846
 5170
 20922
 10111
 13116
 20191
 20331
 8456
 18220
 14255
 8927
 19362
 9407
 9876
 9136
 10508
 9159
 16845
 15826
 17565
 14958
 22219
 9988
 14696
 8044
 5330
 19941
 7134
 18077
 14562
 18505
 11668
 12563
 16503
 6860
 16167
 4968
 12974
 8006
 8606
 7446
 4586
 12063
 19952
 4586
 6581
 10341
 6277
 6070
 13034
 20411
 13569
 15911
 16851
 15732
 14878
 10614
 4686
 20353
 23288
 8226
 5206
 16264
 8207
 10782
 5599
 24374
 23977
 20423
 14337
 8373
 14935
 15994
 10617
 16929
 7609
 16707
 16780
 10071
 19267
 16760
 17102
 17552
 23330
 11943
 15043
 24397
 16570
 12302
 5923
 16979
 5234
 4938
 6051
 13753
 20531
 12881
 21681
 15679
 22316
 17507
 7328
 17089
 6969
 11774
 14661
 13708
 14437
 21042
 16865
 19665
 10894
 12406
 12641
 6360
 16008
 14840
 16866
 11190
 9573
 8506
 14873
 13282
 16307
 11931
 12434
 11012
 9478
 15603
 8246
 16783
 9656
 8995
 9043
 21682
 6478
 13836
 13303
 20841
 15005
 5920
 12188
 15097
 15885
 22550
 10283
 14203
 19388
 18369
 7514
 8728
 11462
 14691
 13336
 8215
 24004
 23838
 15882
 5491
 10898
 15756
 4759
 6416
 14166
 16879
 12769
 12623
 6845
 6827
 6325
 16096
 8040
 10579
 7685
 22519
 9512
 16801
 16627
 9474
 16485
 19978
 4529
 7034
 13125
 13617
 10151
 7289
 18283
 24507
 7509
 6507
 12254
 8515
 12185
 22632
 8172
 6831
 13075
 6720
 9231
 9923
 6087
 7192
 16430
 23476
 7875
 19956
 7591
 4832
 21474
 14357
 14476
 6331
 23344
 20773
 13227
 6413
 10127
 24273
 13266
 7003
 10777
 13559
 10483
 9122
 12999
 11743
 8165
 19276
 13489
 9263
 22571
 6204
 9847
 6713
 5528
 15052
 13472
 15608
 12019
 12985
 14432
 6523
 11928
 6077
 11743
 22017
 16511
 12573
 14040
 13958
 12769
 6372
 12576
 18013
 6904
 5648
 5640
 8318
 5862
 5548
 18819
 6337
 14649
 13278
 7436
 24428
 17613
 6657
 6466
 16778
 12467
 23830
 21077
 15741
 15409
 24310
 15398
 7477
 13801
 6123
 16938
 4929
 11998
 14112
 13840
 14181
 10613
 11765
 22819
 20717
 17145
 24504
 10065
 5281
 13793
 14353
 6349
 9433
 6358
 19933
 12274
 6483
 17455
 16605
 15721
 16194
 10111
 9807
 12333
 18506
 18162
 12221
 9837
 21258
 8627
 12629
 6161
 22712
 5714
 13978
 20449
 18323
 16517
 13144
 15043
 6997
 8876
 11005
 6659
 6311
 20665
 14662
 21432
 14074
 10512
 5080
 8644
 6931
 23691
 18865
 12923
 6631
 14273
 10557
 10792
 13576
 17256
 17389
 6253
 7198
 13464
 6085
 8714
 11545
 19250
 15989
 6688
 15333
 14849
 4874
 6102
 18975
 8064
 19846
 24059
 11848
 14013
 14158
 9933
 15256
 15196
 18690
 5434
 15252
 14590
 11954
 21061
 8003
 16643
 16462
 23179
 8638
 11822
 18559
 19302
 6278
 19241
 21237
 21361
 6010
 8905
 17665
 9453
 14057
 11314
 19236
 8164
 16740
 12574
 16038
 12877
 11192
 6138
 18475
 23248
 12411
 4882
 7300
 10634
 17220
 15246
 10978
 11122
 14368
 10365
 23632
 7100
 20515
 20081
 6306
 9470
 4924
 5386
 9448
 17458
 19212
 17336
 20263
 14108
 4791
 15195
 8522
 6732
 24092
 14958
 16629
 12102
 9090
 11460
 13083
 16544
 9395
 5680
 7440
 22155
 7438
 6443
 11905
 14038
 22199
 22290
 5058
 19311
 9842
 8110
 13128
 5131
 8656
 24441
 19577
 12905
 7753
 5885
 15009
 7794
 11563
 24255
 15239
 15619
 8145
 13948
 5854
 13486
 6487
 15794
 12640
 7934
 15533
 16258
 14040
 5242
 5835
 23317
 6111
 17067
 8709
 6973
 14442
 10689
 4862
 6173
 23041
 9619
 16481
 9195
 6195
 8326
 5005
 13557
 18376
 9777
 24305
 12514
 7767
 8734
 17017
 12059
 24282
 5234
 12680
 11018
 11839
 12881
 14183
 17537
 21760
 21276
 14108
 10717
 6420
 19388
 11326
 13005
 12967
 5508
 12008
 8526
 16680
 9330
 11308
 24857
 12098
 22902
 15242
 6175
 6574
 12758
 6689
 17875
 9286
 14257
 14149
 15241
 8860
 6787
 16562
 9022
 20748
 15592
 17728
 17560
 18768
 19684
 12567
 6799
 13651
 21410
 20005
 15053
 15592
 6076
 11150
 11538
 13372
 13979
 17731
 16186
 10089
 17535
 13302
 11875
 23788
 16481
 16012
 6761
 5337
 22135
 12244
 13236
 13805
 16024
 6968
 10102
 22949
 14305
 8594
 11885
 5837
 10519
 10785
 13264
 24891
 9805
 6235
 16680
 21150
 8808
 11492
 15420
 11729
 18241
 15680
 11313
 13140
 16811
 22822
 16721
 23261
 11767
 5367
 20876
 20874
 16468
 13869
 13181
 8794
 9178
 11510
 16751
 6717
 11145
 19299
 15423
 17674
 13261
 19292
 7523
 16368
 9381
 8119
 18987
 12206
 9860
 15369
 15911
 11910
 12503
 5467
 9578
 15759
 10025
 10016
 14030
 5579
 23172
 16807
 23255
 6201
 10040
 16140
 6812
 15468
 12257
 10676
 5411
 21563
 12388
 14073
 6540
 10873
 18969
 16610
 13618
 16136
 23344
 20470
 9549
 11114
 5933
 10546
 17563
 23257
 18294
 14074
 11712
 6296
 20271
 22637
 11787
 16201
 5827
 11100
 9948
 14944
 22406
 14683
 9347
 15319
 15705
 15353
 7594
 11268
 17038
 10605
 13814
 15432
 5612
 12881
 5802
 10985
 24597
 18228
 6220
 17314
 8390
 11979
 22636
 5081
 24254
 17319
 23554
 14354
 14211
 13261
 12663
 15522
 15266
 5729
 24967
 17767
 16629
 8932
 8710
 7830
 17098
 8385
 7393
 22068
 5089
 17218
 15174
 20969
 8342
 17160
 7174
 24018
 19168
 8123
 12441
 5974
 16729
 11455
 9411
 14588
 14368
 13287
 23926
 12955
 16859
 22862
 12248
 20561
 21152
 8868
 10375
 5592
 8854
 5637
 9946
 19158
 17239
 17425
 12329
 6964
 7673
 9559
 19824
 20593
 12686
 11763
 16463
 16695
 11656
 5818
 7990
 23663
 14209
 10099
 9632
 16049
 16634
 15305
 22781
 8191
 5698
 23006
 17237
 13266
 16058
 8226
 8681
 9876
 22422
 12933
 21628
 24080
 7142
 6121
 9650
 24327
 5270
 9339
 8663
 14181
 20883
 5827
 11235
 8403
 15919
 9177
 5373
 6222
 5319
 11387
 23166
 23511
 13731
 20221
 16408
 8780
 5885
 13888
 13047
 17464
 13574
 16966
 17126
 16647
 7493
 16645
 9908
 5340
 14753
 6618
 18232
 10118
 21378
 21536
 17171
 6768
 17651
 11488
 5366
 10712
 15370
 15147
 6084
 16675
 11914
 10407
 13625
 6511
 12329
 12230
 18570
 16296
 19598
 11005
 11503
 18207
 9054
 15571
 7167
 6584
 9399
 17625
 11291
 19875
 22460
 20409
 11597
 11246
 13522
 11793
 11826
 9369
 14986
 9730
 24758
 10666
 21185
 11716
 17087
 22817
 12804
 15805
 6861
 15278
 5368
 10322
 5440
 18754
 11736
 7516
 6842
 9380
 17280
 10175
 5350
 15269
 18570
 14551
 20858
 12693
 11927
 20340
 5593
 9560
 14097
 22919
 5724
 12371
 18446
 16093
 24690
 10508
 18775
 9036
 14533
 21681
 22794
 11212
 11007
 17495
 11645
 8968
 16589
 15110
 9668
 7573
 20387
 10098
 9268
 13474
 10144
 14798
 15529
 6704
 9972
 15100
 23909
 12675
 16063
 17672
 14874
 23738
 5723
 24374
 17898
 13756
 17052
 8377
 14221
 5460
 17207
 22853
 6163
 13822
 10145
 12455
 12106
 6914
 13306
 7380
 12002
 11329
 19657
 14079
 24655
 15949
 12426
 6255
 19055
 14366
 8934
 6352
 24845
 8642
 19169
 10121
 11877
 9205
 17657
 15534
 9032
 11409
 9965
 19702
 21635
 6151
 14557
 6768
 6107
 11855
 12401
 13810
 11035
 19677
 8445
 19890
 19442
 14164
 10115
 25272
 6519
 9695
 12505
 11027
 9774
 5822
 13708
 20971
 13071
 19262
 12901
 14456
 5349
 8428
 17675
 14897
 5684
 9131
 10185
 25159
 14687
 16003
 13970
 18067
 21289
 14717
 10562
 7181
 15994
 8461
 11591
 10847
 5636
 8847
 6560
 18841
 14279
 11317
 9413
 21062
 11730
 12447
 12647
 10975
 17258
 16908
 14584
 6206
 22128
 16113
 17934
 13110
 22366
 19528
 7396
 25281
 22802
 17290
 11682
 16506
 11919
 12511
 13407
 18124
 13632
 21109
 13124
 20842
 10014
 16656
 8818
 16513
 12148
 21921
 7303
 9291
 7584
 19962
 15709
 11685
 8829
 12321
 19251
 21699
 9632
 16387
 15600
 22563
 7967
 5643
 6949
 10175
 8024
 15475
 17970
 16999
 7313
 20410
 5836
 15374
 19068
 7158
 18622
 22660
 14814
 11020
 13357
 11972
 18959
 12798
 14689
 7534
 7076
 5924
 8896
 9304
 5708
 8798
 21821
 13473
 14296
 15433
 8657
 19942
 17695
 14768
 10153
 15512
 6912
 10853
 13345
 6382
 10569
 7472
 15214
 11287
 7031
 7719
 9538
 23346
 11679
 6111
 14860
 24706
 10509
 16962
 7710
 25436
 6859
 7233
 10067
 18019
 11653
 6956
 5808
 19318
 6442
 14367
 11754
 21991
 12245
 8415
 17609
 23408
 22380
 19430
 11916
 10626
 6761
 17403
 11725
 11646
 13080
 24390
 16486
 17831
 12352
 10114
 11540
 14135
 12549
 15956
 22970
 25425
 13325
 17915
 24553
 20183
 17890
 6504
 14271
 15677
 22712
 6480
 6670
 23293
 8335
 16959
 13439
 16429
 18778
 11791
 12502
 12398
 6465
 7610
 16760
 10758
 16485
 14701
 22314
 10577
 23746
 13021
 5627
 6899
 13881
 17886
 20517
 7249
 13327
 17202
 13360
 12256
 21136
 8607
 9112
 21246
 23768
 16708
 12496
 9824
 11283
 23852
 8838
 6731
 9411
 9540
 9801
 9320
 6371
 22986
 15273
 10001
 10154
 19207
 7293
 17329
 16849
 6623
 8171
 18060
 15544
 7973
 8836
 14937
 9926
 10228
 14061
 25305
 25520
 9116
 7653
 19459
 19292
 20122
 25476
 8606
 9927
 10507
 19425
 15795
 8899
 6338
 6199
 13249
 10212
 14616
 14153
 13587
 7037
 15747
 15299
 10224
 8839
 6891
 22979
 17841
 9378
 18648
 23959
 16344
 6399
 11184
 12713
 10430
 8477
 10080
 14936
 10349
 8594
 20792
 13609
 8912
 17773
 13532
 16958
 8457
 9402
 7608
 14854
 8993
 12677
 7061
 17462
 25253
 6242
 10281
 14997
 17070
 12140
 16883
 21790
 15297
 6253
 15399
 12865
 17049
 9630
 15079
 8587
 6050
 23663
 10003
 17256
 9384
 11817
 23521
 11654
 14895
 10866
 14801
 16668
 6084
 7121
 7003
 16298
 6419
 15058
 15498
 15491
 12410
 15980
 14284
 16616
 14238
 15361
 9738
 8535
 10077
 20358
 13878
 18340
 6468
 20420
 8771
 12198
 14370
 7743
 14361
 6006
 19132
 10325
 13832
 9331
 16610
 10536
 6653
 8457
 15362
 5791
 8147
 10291
 18396
 23786
 10380
 12511
 12534
 18277
 7041
 6002
 16720
 21695
 9877
 16651
 9658
 12891
 10448
 15500
 17477
 7382
 7051
 16278
 6104
 21162
 8904
 19508
 8772
 6515
 14500
 14971
 19322
 10449
 13167
 9392
 13243
 10797
 14875
 17930
 15152
 8287
 17331
 12314
 18940
 14255
 9422
 16521
 13742
 11066
 20484
 17313
 7067
 12151
 21696
 6510
 13579
 16571
 12470
 10790
 7219
 11002
 23672
 19111
 25604
 9775
 18212
 14175
 17153
 22910
 16576
 18034
 19894
 20184
 9960
 7608
 22375
 16543
 12423
 17029
 15207
 6442
 7044
 8557
 22411
 21354
 8575
 6823
 19390
 20174
 12477
 16465
 24118
 6757
 11936
 10229
 14342
 11555
 24730
 14026
 14005
 12837
 14467
 15134
 17391
 17496
 15305
 7251
 21883
 19414
 7272
 17799
 10605
 17555
 12091
 6008
 17533
 12183
 15377
 13416
 6967
 15405
 23427
 8446
 9780
 25499
 7236
 18221
 24041
 21235
 15194
 24184
 15199
 16714
 6637
 21014
 23875
 12486
 6462
 16307
 21535
 18846
 8698
 18999
 7624
 7836
 18607
 14443
 17369
 8646
 21661
 11961
 12576
 16126
 20848
 13876
 16503
 20230
 22158
 13528
 20502
 24072
 20332
 15122
 17511
 24725
 19654
 19075
 15642
 18924
 15854
 11233
 14618
 15933
 21605
 6878
 15712
 13294
 17832
 17261
 14375
 10943
 24396
 25283
 25311
 10473
 8525
 16827
 18566
 7372
 21156
 18205
 7892
 8521
 17431
 14239
 18005
 10477
 13653
 20491
 7356
 6544
 16930
 25411
 18102
 16892
 8304
 8227
 8221
 13138
 7567
 7559
 24687
 20553
 17958
 18445
 19870
 15320
 16802
 25531
 13928
 22934
 18862
 11012
 10442
 10080
 12036
 7559
 17425
 12699
 11715
 9752
 20977
 12123
 25858
 14692
 16474
 13059
 22979
 10383
 13031
 8078
 13868
 8128
 20889
 15149
 8594
 9823
 23780
 9041
 5974
 25149
 22535
 20812
 14549
 7861
 17986
 14675
 17946
 21874
 20195
 16935
 21559
 11890
 16834
 10101
 18133
 6313
 12366
 15354
 9992
 13993
 9159
 7562
 11046
 18688
 17549
 6451
 12729
 23874
 17400
 18750
 8434
 10536
 8010
 7254
 24897
 19673
 20419
 22508
 9986
 9833
 18259
 6617
 15546
 25248
 8085
 7493
 17507
 9980
 23162
 18120
 25572
 13017
 15683
 15312
 7205
 17583
 18451
 15139
 24194
 25597
 21156
 7525
 12061
 20709
 8729
 6395
 18457
 17912
 18772
 15281
 22308
 13779
 7242
 8601
 10676
 21482
 7955
 14517
 8757
 6788
 15462
 15287
 16130
 9191
 24516
 18246
 11475
 23926
 18292
 10404
 15925
 20536
 6607
 25487
 25760
 17147
 6748
 14724
 13957
 20120
 15839
 23434
 19015
 18521
 19214
 11022
 14124
 12792
 15269
 10123
 24915
 13066
 6778
 13133
 7176
 10332
 20403
 17558
 14005
 15452
 12054
 17632
 23804
 7547
 12609
 13187
 12227
 19954
 6108
 13849
 14766
 24387
 11083
 13377
 10771
 20257
 8232
 12674
 24938
 17459
 14449
 7536
 12804
 16532
 14910
 15827
 12702
 10335
 13686
 17638
 20438
 6825
 12866
 9021
 15581
 11567
 10850
 10987
 9645
 17234
 14527
 17730
 8892
 9344
 25728
 18556
 9266
 24885
 17569
 10235
 12344
 16002
 9985
 23180
 13041
 9068
 15802
 25425
 7501
 25336
 7543
 22686
 15740
 15174
 15841
 12964
 23648
 19771
 24154
 9677
 15526
 22948
 8942
 18215
 14519
 12472
 12134
 10085
 7209
 15229
 14175
 12738
 17435
 13325
 11963
 7751
 8961
 17786
 7383
 10798
 22077
 10320
 10748
 7336
 13135
 9018
 18073
 6365
 10574
 10952
 9873
 14322
 10103
 6287
 13809
 19504
 16166
 13489
 9958
 24418
 12803
 18271
 6988
 8798
 18718
 9341
 23305
 13448
 10461
 8421
 9563
 24244
 11573
 13582
 6607
 13259
 21336
 6573
 20340
 7855
 16335
 24445
 10959
 11490
 20168
 13371
 18961
 16452
 6833
 10965
 9990
 15676
 13574
 16229
 14159
 17689
 19334
 10041
 6994
 8441
 21229
 14709
 13167
 24873
 23006
 11194
 15095
 18094
 8383
 8520
 12633
 17348
 7242
 7362
 8733
 16485
 8000
 14481
 8980
 17964
 25857
 24012
 10319
 19482
 12538
 17174
 10287
 23801
 12606
 16425
 17149
 9632
 7672
 9010
 11004
 9686
 13567
 25308
 10716
 15450
 17803
 21394
 6927
 12642
 25320
 12895
 24577
 7810
 15208
 24056
 17668
 9136
 22750
 25053
 14633
 18502
 6504
 17179
 6422
 11111
 16492
 21109
 15188
 15430
 15527
 20613
 10632
 13571
 17857
 25853
 20805
 13207
 14149
 6963
 18880
 14962
 24464
 14781
 19940
 11011
 13352
 11768
 8039
 9112
 11663
 7056
 19453
 13062
 7767
 23707
 15595
 14251
 8056
 11718
 15358
 18514
 26017
 21269
 17757
 11000
 16812
 8837
 11068
 13517
 15764
 16692
 13363
 6812
 15979
 7299
 14639
 13134
 13319
 18682
 6791
 13227
 16924
 16301
 14129
 16067
 7953
 21150
 20054
 7437
 7308
 14723
 17507
 9230
 21390
 6890
 20066
 14332
 19847
 10810
 20040
 16195
 9249
 7899
 17232
 14120
 23040
 16345
 21320
 11660
 14253
 22789
 22603
 18099
 9199
 6845
 13615
 10853
 14171
 23597
 18495
 15541
 11661
 18837
 7083
 23264
 17688
 10316
 7230
 8281
 15482
 8870
 26321
 13635
 14996
 25907
 21023
 7933
 11768
 24520
 12697
 11109
 16323
 24545
 13370
 16534
 14862
 17127
 25693
 15028
 14559
 9294
 13294
 17482
 10405
 17155
 22366
 13970
 11973
 21316
 18139
 15445
 16878
 18960
 14111
 15891
 8884
 7425
 10024
 18885
 7387
 18807
 19848
 11968
 7953
 15799
 20670
 20925
 19393
 9523
 18213
 14936
 11045
 18956
 7115
 8373
 17468
 12245
 8932
 16202
 16797
 19354
 9824
 10777
 14603
 12032
 7675
 12828
 18889
 11631
 20435
 22726
 25296
 13966
 13919
 8999
 16894
 10862
 20830
 8784
 11217
 16329
 17390
 12888
 21045
 24684
 7998
 15678
 24186
 11059
 16262
 11857
 24041
 8052
 6837
 21580
 9400
 12351
 15179
 10277
 17404
 9092
 23208
 25865
 25535
 18070
 18885
 12928
 13619
 15438
 13858
 9975
 17861
 12082
 9503
 25469
 8533
 8280
 24271
 13677
 12070
 15558
 15594
 13262
 8305
 13500
 15714
 25816
 13886
 17492
 13784
 10040
 14453
 12840
 12976
 14293
 12785
 19733
 11554
 15988
 9623
 24927
 21746
 17785
 24263
 11862
 19202
 17999
 18512
 8471
 22407
 7306
 21736
 21013
 9305
 7019
 23516
 7641
 8367
 21027
 18084
 11112
 11787
 8188
 17243
 14532
 19121
 19124
 21902
 20886
 19870
 13611
 10195
 24426
 10166
 6783
 25532
 22363
 12894
 17302
 11468
 20913
 23628
 12157
 16745
 16008
 12604
 8462
 26322
 15956
 16996
 22646
 11123
 11873
 15850
 9528
 25079
 13823
 9172
 16588
 6846
 16766
 26305
 13805
 14415
 23190
 19542
 7730
 8654
 12523
 26427
 13402
 14450
 10959
 25607
 25101
 6993
 16904
 20761
 7200
 7165
 24243
 24713
 18457
 10611
 24521
 14398
 7605
 19984
 21762
 18178
 8039
 17287
 10391
 18931
 9473
 16850
 7404
 13978
 10967
 18021
 10125
 17409
 10594
 22761
 15352
 15233
 19203
 10855
 11676
 7418
 23273
 23042
 19072
 9383
 14132
 13259
 7112
 6992
 17467
 10543
 26323
 17633
 19947
 16468
 10856
 11420
 18864
 25860
 25714
 14027
 11961
 9897
 23498
 9048
 7447
 12729
 26068
 15840
 14343
 13044
 10540
 13509
 23761
 13676
 12867
 12548
 14927
 7651
 18244
 26023
 10129
 20828
 12412
 15483
 23904
 10571
 13338
 10276
 12355
 18062
 25395
 7759
 11295
 16256
 8744
 10152
 12961
 8940
 13708
 19982
 8289
 8447
 9793
 11108
 11711
 12577
 18819
 24969
 23985
 25317
 17063
 16714
 10881
 21470
 7396
 8886
 23856
 15956
 15251
 14835
 18431
 16632
 16180
 21391
 14672
 15413
 13586
 15130
 10408
 15304
 24103
 22194
 9464
 23825
 11810
 6814
 24444
 14281
 10440
 19391
 9572
 9654
 16024
 24355
 20977
 11358
 17268
 16988
 8866
 8089
 12861
 17265
 17711
 7465
 17503
 15892
 20149
 15854
 15213
 18452
 11796
 18453
 14477
 20691
 7573
 16113
 26743
 18362
 22481
 7117
 14778
 19468
 17838
 14241
 13664
 12601
 15946
 17635
 23251
 17076
 18653
 7071
 22976
 15335
 16154
 15786
 7419
 8676
 16438
 10708
 15203
 14655
 23405
 18812
 18983
 15675
 21281
 6888
 25289
 10786
 20612
 7669
 17506
 16378
 8984
 24524
 16294
 17940
 14516
 14006
 17961
 19494
 14218
 8721
 15715
 14107
 17383
 9539
 19216
 19145
 19067
 10510
 10139
 16644
 14714
 17829
 14236
 11025
 23298
 15134
 24223
 7485
 22365
 13544
 8455
 24975
 19401
 10591
 23538
 16924
 9687
 22430
 16479
 7194
 18289
 22420
 14510
 22550
 19295
 8763
 10343
 24842
 21452
 10436
 22685
 22921
 16708
 17975
 21012
 12605
 16992
 11706
 20865
 11923
 20006
 23375
 12689
 16565
 12299
 25475
 15565
 11705
 23194
 13124
 12508
 8951
 22106
 13267
 17801
 24161
 14058
 10682
 7942
 23598
 14896
 23072
 23282
 19288
 9107
 22746
 17015
 8263
 25317
 17636
 25847
 25932
 7301
 16817
 26664
 17203
 8772
 8544
 18621
 10035
 18279
 22863
 7752
 26151
 13100
 25460
 15645
 8034
 24272
 17385
 10552
 16927
 23056
 12872
 8449
 9911
 18671
 16664
 24110
 16759
 21879
 18598
 10346
 18640
 13988
 21783
 16533
 11088
 7805
 14877
 19501
 6962
 21380
 23912
 15307
 7698
 11056
 13375
 25872
 21635
 19577
 8144
 19170
 10020
 21940
 7236
 15250
 19024
 22591
 12502
 19392
 18837
 12640
 12133
 18849
 12007
 16841
 12744
 18144
 15478
 7966
 18658
 12770
 15902
 18746
 22327
 25198
 18942
 15343
 8797
 26861
 19723
 18348
 14326
 18958
 8357
 25444
 12669
 21294
 23689
 12333
 16831
 18582
 11689
 15910
 18732
 16389
 11898
 10300
 12429
 25967
 20236
 25711
 11481
 11846
 15871
 14289
 25187
 24376
 8916
 23214
 22614
 10297
 9889
 22162
 10020
 12003
 22794
 19816
 13082
 10267
 19340
 15327
 10009
 7094
 7259
 15122
 17985
 21308
 13167
 14151
 24590
 9708
 15514
 17079
 15111
 17920
 20413
 24496
 7829
 9490
 26940
 9816
 8657
 13950
 18095
 12403
 8641
 15626
 11707
 9191
 15333
 19172
 21472
 26046
 15116
 25579
 21171
 24363
 12428
 18032
 7343
 13073
 21234
 15998
 15144
 8768
 17655
 18264
 26977
 16289
 12148
 21346
 7710
 9876
 12631
 23363
 23132
 20887
 19094
 20234
 17152
 17290
 19843
 7246
 18413
 9394
 14561
 7770
 25498
 24539
 16470
 13225
 7715
 18785
 8162
 15630
 22174
 12592
 15695
 7927
 7537
 18090
 15529
 10450
 20675
 16009
 17647
 17393
 23856
 26470
 11306
 17003
 10401
 18490
 15518
 18115
 24091
 10082
 19008
 8173
 14294
 14440
 9159
 17933
 11473
 24512
 24965
 23554
 16100
 7184
 19383
 8036
 17975
 19828
 9147
 17002
 24497
 13184
 11458
 15439
 24723
 11207
 16230
 22965
 11942
 19516
 17598
 17642
 12498
 10488
 14608
 27147
 18065
 10747
 19718
 18214
 23107
 19446
 13956
 9956
 18403
 14600
 14584
 20263
 23161
 7399
 12435
 19824
 14290
 11489
 19224
 10213
 23021
 24196
 25842
 10385
 24247
 26683
 11499
 23308
 15994
 25562
 14074
 7516
 16529
 16956
 9244
 7900
 19935
 8746
 16774
 16412
 27009
 16479
 19034
 26825
 24641
 26506
 18617
 20206
 21612
 11668
 23512
 13275
 8870
 17731
 25909
 8454
 20701
 9726
 7275
 7600
 27003
 7921
 23909
 14569
 18624
 19987
 16240
 17973
 17647
 10150
 10548
 21424
 16295
 19583
 15108
 23249
 11254
 7751
 9172
 9132
 12777
 8513
 18762
 25658
 10758
 12845
 10456
 17756
 9438
 17964
 17929
 16318
 10781
 9989
 13338
 19449
 9732
 26343
 23851
 23355
 19226
 26288
 18966
 25963
 15390
 8558
 15359
 18375
 24671
 14308
 19372
 14512
 25008
 7471
 9591
 20009
 11702
 10378
 14530
 8572
 22275
 13070
 17259
 21342
 18185
 7390
 10912
 15764
 17223
 7650
 25396
 16117
 13256
 19601
 15667
 22386
 11564
 13173
 11442
 14356
 12166
 12554
 25514
 22884
 10280
 11880
 12487
 9521
 13084
 8833
 14204
 20877
 13013
 20140
 20314
 22329
 20133
 10019
 7904
 19586
 12144
 20650
 26068
 10572
 19456
 15729
 19155
 12751
 12379
 10012
 17958
 8350
 26610
 17601
 12150
 8783
 24251
 24658
 21345
 15160
 14657
 13755
 26573
 11575
 24667
 11086
 8477
 12246
 18682
 10973
 22146
 18380
 7527
 19976
 8467
 19879
 26540
 14584
 10655
 8808
 16305
 19083
 8610
 21904
 8171
 26065
 24855
 18138
 24560
 13846
 7470
 16744
 17934
 26657
 9758
 8963
 23932
 22940
 26076
 10141
 17649
 17621
 12493
 23770
 12852
 27076
 19832
 12206
 19891
 12046
 12415
 13704
 11032
 19977
 12815
 18799
 15385
 16065
 22998
 13804
 25295
 12603
 19574
 21865
 8329
 10553
 15671
 9336
 19490
 10621
 16545
 10071
 17520
 18833
 13289
 22610
 19583
 26821
 17580
 20105
 19421
 11034
 7706
 20276
 26231
 17408
 19093
 16133
 26852
 14459
 14203
 8333
 9760
 19211
 18239
 11425
 11324
 9963
 11711
 14846
 9236
 14170
 20722
 12171
 7777
 19449
 18208
 13150
 22864
 23669
 18230
 12833
 10642
 12133
 19129
 11062
 15254
 26742
 7835
 17081
 19540
 16837
 19885
 11205
 17707
 9836
 8692
 26874
 25230
 18145
 11839
 10110
 14745
 25979
 9623
 22657
 27339
 25815
 16407
 16101
 19823
 19962
 8479
 11261
 10203
 8503
 13700
 25525
 20668
 10164
 15146
 12596
 17713
 7528
 9716
 16061
 10872
 20231
 19099
 15740
 8422
 11554
 12734
 16671
 12347
 10792
 18905
 22754
 24117
 13009
 25305
 10799
 11268
 17629
 12430
 9574
 16510
 10968
 16066
 14522
 19795
 7745
 16233
 12476
 11235
 25132
 14394
 19004
 20207
 11268
 16733
 13325
 10414
 13685
 23173
 25769
 14817
 16777
 16095
 19765
 17161
 24848
 8876
 11813
 12759
 16486
 26060
 9731
 26340
 10160
 13595
 24140
 8098
 24679
 23713
 14299
 8339
 11448
 25636
 20299
 14809
 21707
 19041
 8247
 8013
 9539
 14651
 20036
 18611
 13381
 18899
 14306
 18350
 19420
 12120
 17870
 23536
 14237
 15520
 19772
 22069
 12678
 21912
 11859
 8561
 11276
 7609
 23417
 17319
 9782
 8956
 11601
 16828
 15428
 15344
 7969
 16395
 14548
 19689
 24569
 22169
 19013
 9658
 14769
 12396
 18013
 8294
 11859
 24824
 8169
 18836
 9977
 18906
 8324
 15969
 12087
 7848
 10201
 15354
 16796
 13769
 10476
 18122
 25334
 19329
 15894
 17905
 9428
 25264
 23951
 17366
 8623
 25916
 18898
 15358
 15627
 24075
 16187
 18910
 11898
 14293
 13459
 11437
 7779
 19353
 19472
 13437
 14465
 21840
 9238
 26252
 13646
 24415
 21539
 15158
 19778
 19057
 24458
 18093
 13943
 8228
 16190
 15019
 18383
 13954
 10609
 20391
 11895
 16531
 18237
 12039
 27501
 26065
 17635
 26165
 15617
 9820
 18931
 18549
 14488
 15631
 26827
 17014
 17559
 8819
 10787
 21415
 10142
 13042
 20360
 17451
 17842
 26191
 18439
 15472
 9727
 19604
 22381
 13789
 11902
 25740
 17197
 16778
 12340
 16242
 13345
 20500
 10939
 11241
 8244
 11025
 10117
 23534
 15456
 8992
 8829
 26603
 9236
 20965
 19633
 16462
 9656
 16628
 10765
 25657
 24915
 13644
 15465
 12634
 14797
 21990
 24519
 7742
 14833
 24942
 15317
 10146
 11125
 9329
 8346
 10154
 15997
 9911
 21774
 16309
 11036
 13716
 17674
 22993
 9405
 11673
 17315
 26475
 9058
 11984
 8433
 25962
 13034
 14408
 12565
 10333
 13560
 8845
 11930
 24177
 19954
 20444
 16730
 16775
 8327
 19413
 11908
 11462
 13972
 9746
 8509
 21165
 21833
 14583
 18246
 16044
 18087
 25195
 14716
 9459
 13165
 11750
 21573
 19274
 8948
 9195
 20457
 15363
 9495
 10072
 9631
 9517
 19031
 17147
 26571
 14347
 18494
 20456
 11780
 20133
 15458
 13320
 19066
 20060
 8461
 12404
 21847
 9411
 25274
 8674
 20293
 13773
 10626
 16031
 19761
 23362
 18617
 10462
 17199
 10678
 13010
 18800
 13663
 16603
 25578
 21012
 18990
 15829
 9219
 8497
 16959
 8430
 8015
 17218
 11883
 18636
 16657
 12625
 14791
 14048
 22462
 23047
 19430
 25921
 13513
 15106
 13118
 16056
 12896
 18920
 16079
 17372
 17937
 18332
 13377
 20033
 14609
 20719
 10605
 17869
 11518
 15288
 25919
 12523
 9635
 11815
 22330
 11748
 10044
 10870
 23933
 12042
 22651
 10273
 8901
 19926
 13482
 23896
 19539
 13557
 22450
 9074
 14543
 24063
 17692
 18308
 25901
 11081
 24341
 18739
 9423
 20795
 10455
 11686
 8747
 15875
 18118
 15744
 9935
 16235
 17368
 14636
 14978
 25545
 27577
 26105
 26252
 26262
 12845
 14728
 15769
 19362
 26679
 16452
 26969
 10278
 18042
 16850
 27212
 15545
 20030
 18568
 13149
 12455
 20054
 18723
 8844
 14782
 14463
 8660
 11152
 19851
 14187
 8827
 8637
 16773
 27711
 9014
 22114
 11848
 13498
 17339
 19094
 22565
 20951
 24837
 17429
 10296
 22644
 25644
 21061
 24827
 17364
 24728
 9182
 17145
 22850
 9302
 11849
 16676
 8407
 18476
 17671
 12331
 19486
 10218
 11702
 19078
 15030
 9569
 22352
 12820
 15224
 20569
 21812
 10632
 14905
 19037
 21385
 14847
 13042
 12090
 17280
 15925
 11839
 9993
 9082
 10073
 10340
 26504
 27786
 10750
 23958
 19663
 14267
 18163
 11833
 11297
 17045
 20341
 17478
 8290
 16988
 14530
 17392
 23433
 20602
 18322
 21383
 17654
 9535
 18338
 17596
 22693
 20710
 18673
 14918
 13699
 14105
 13967
 8068
 18048
 8919
 17330
 13860
 14950
 19253
 12746
 27684
 18122
 19779
 26808
 10039
 12256
 25745
 18779
 17258
 15123
 21617
 13227
 20263
 20309
 11198
 17161
 8090
 14132
 27806
 15734
 21266
 10671
 16900
 15235
 17770
 23527
 13593
 9577
 26825
 15321
 11260
 20698
 15846
 12458
 13863
 10328
 18128
 22340
 12500
 9349
 9966
 11169
 15392
 14074
 27394
 9349
 10927
 9692
 23123
 20497
 10032
 9836
 25355
 9524
 12578
 9501
 9694
 25477
 26231
 13483
 25836
 25551
 22456
 15851
 23017
 20716
 13801
 10045
 14203
 14901
 18063
 19241
 23011
 15576
 14703
 26889
 27360
 11980
 17432
 10755
 11952
 22209
 12164
 22075
 24857
 19899
 13179
 21606
 15815
 18305
 26265
 27873
 9847
 11440
 10865
 21251
 15475
 15638
 20178
 16240
 19454
 27324
 25705
 19600
 16243
 13155
 18407
 10527
 26249
 18130
 10820
 18854
 23418
 8174
 17827
 26378
 18948
 19692
 14904
 25604
 22159
 8291
 19208
 11633
 12080
 12582
 24208
 9163
 10157
 11216
 8585
 26487
 18274
 10784
 10090
 14624
 14628
 9960
 11438
 9444
 18884
 13216
 26424
 14477
 17014
 13632
 20116
 16739
 8307
 20590
 16416
 12001
 12636
 10197
 23883
 14789
 21728
 11287
 19900
 21067
 10815
 15011
 13462
 11196
 9327
 10250
 15579
 13891
 8255
 25615
 13743
 20928
 21595
 27518
 23742
 27329
 19055
 16767
 16512
 25518
 9583
 15306
 20539
 20515
 23511
 19580
 19658
 14659
 16718
 16427
 12286
 22123
 17392
 24759
 17026
 11909
 18317
 13410
 10691
 27263
 17868
 22689
 11343
 27867
 19444
 8499
 19197
 16328
 19276
 27633
 12270
 12369
 20928
 12039
 21490
 27316
 8935
 20483
 13678
 14165
 9252
 10667
 19868
 19476
 11114
 15603
 14804
 11932
 15843
 14511
 19178
 22750
 11026
 8390
 10808
 13214
 13464
 15720
 18909
 24075
 26996
 20929
 20422
 28085
 21998
 11086
 21484
 10554
 20950
 10511
 17470
 9058
 14728
 19390
 18080
 9484
 16627
 20096
 15636
 11240
 12314
 16057
 23417
 23110
 20411
 14565
 17553
 12751
 18958
 11460
 20391
 27923
 16656
 21525
 12848
 17986
 8417
 9926
 14129
 17599
 12874
 8523
 19266
 20690
 15587
 27309
 17586
 12189
 23700
 17125
 8907
 11569
 14107
 27114
 15479
 27553
 9357
 17702
 26466
 13399
 12736
 24560
 10850
 8902
 15048
 18934
 21973
 18529
 10080
 10904
 17194
 19498
 19756
 14173
 11683
 10476
 10237
 14624
 14904
 15149
 21685
 14059
 10080
 13023
 21867
 19463
 17132
 11734
 20785
 17235
 16820
 23839
 14804
 19347
 12726
 17262
 12388
 14539
 20764
 26232
 12853
 13548
 23678
 9283
 10692
 15597
 15111
 12666
 13054
 22558
 9020
 11302
 17822
 17369
 9627
 14073
 19445
 11451
 14304
 26061
 9967
 18930
 10126
 16653
 19443
 26710
 21548
 25234
 12940
 19900
 9965
 10448
 24102
 9481
 17973
 16434
 19898
 14500
 10489
 12643
 18222
 18896
 21382
 26638
 24470
 10936
 16868
 14953
 24960
 22444
 22620
 11854
 28367
 18731
 12280
 18954
 16901
 13025
 20843
 8729
 11623
 23987
 14705
 13362
 19932
 18584
 8631
 19646
 12246
 21066
 24830
 17551
 17588
 14141
 12060
 12527
 26343
 10512
 8900
 12567
 12499
 20066
 21863
 12417
 8728
 22759
 18651
 8991
 24466
 11227
 18299
 12877
 15710
 27637
 22351
 15524
 12415
 23456
 12205
 14065
 19423
 11814
 12928
 18438
 10041
 25358
 10824
 20624
 13271
 27560
 8898
 25577
 10423
 20198
 21514
 20270
 14452
 16237
 10686
 17843
 9858
 22508
 12997
 17557
 10361
 9101
 13583
 17552
 13430
 18794
 23870
 9587
 16542
 26209
 22886
 13649
 23205
 10634
 17137
 27961
 12975
 19881
 20583
 23784
 15828
 18048
 27980
 11613
 26825
 14567
 8681
 11117
 20604
 16318
 12015
 20793
 13088
 11265
 15162
 20125
 18059
 14781
 15731
 19786
 12764
 22819
 8888
 19894
 13440
 16314
 14624
 11858
 25526
 22682
 15449
 17052
 9010
 24311
 11829
 10166
 13952
 17786
 20709
 18327
 9130
 8662
 13828
 15361
 26523
 19961
 14391
 9523
 17348
 15394
 22355
 14687
 13438
 10386
 12895
 28414
 18610
 9766
 16604
 20547
 23350
 14116
 16611
 20845
 17305
 10707
 18861
 10561
 27360
 10576
 9849
 16280
 25970
 11039
 21065
 10485
 25649
 14590
 26350
 23161
 16618
 20096
 9702
 19066
 10735
 15065
 10178
 14353
 12546
 12149
 20557
 17012
 16757
 18670
 22186
 10692
 16784
 9982
 20733
 9415
 25395
 27793
 10797
 27384
 26556
 8735
 26056
 10141
 23339
 10264
 24967
 20217
 15461
 22144
 18964
 15844
 14710
 14878
 9322
 20152
 23353
 12880
 26427
 15149
 21181
 16545
 23608
 20487
 12256
 15901
 11564
 27022
 17055
 23396
 11561
 19647
 13362
 28062
 10824
 16449
 17586
 13966
 11947
 11002
 11132
 21354
 17190
 20995
 20538
 18026
 19453
 21081
 15104
 22398
 25551
 10838
 24404
 14277
 25620
 11424
 24497
 16027
 20706
 18431
 10926
 14290
 22390
 28373
 24827
 16357
 14322
 13513
 25963
 22857
 15073
 13124
 13465
 27493
 26659
 23104
 10212
 11812
 15781
 10782
 20604
 24936
 18960
 14711
 19330
 21345
 13510
 15829
 21323
 26174
 17832
 9603
 13478
 16483
 25147
 20002
 13662
 9212
 19660
 20189
 16705
 13200
 9906
 15327
 15490
 9658
 26579
 11044
 14684
 26484
 28522
 15725
 19704
 12981
 17383
 22776
 16753
 19101
 18647
 20560
 20982
 10414
 26149
 26784
 9072
 8926
 9473
 15502
 15780
 16010
 19648
 26246
 10395
 24204
 18085
 13651
 26208
 17968
 20319
 10134
 18954
 16932
 26738
 16912
 9915
 20046
 10170
 11330
 14279
 26307
 20173
 10839
 21529
 12148
 14721
 21600
 8883
 15211
 18319
 19745
 14133
 19927
 18486
 10666
 12736
 14181
 9026
 9737
 21659
 18032
 20942
 16605
 25909
 9914
 20039
 12014
 14092
 20667
 27443
 27579
 25710
 19128
 10547
 17492
 24222
 24728
 27845
 13194
 14745
 18036
 15181
 12131
 27641
 14093
 28372
 27186
 14553
 24386
 10993
 10823
 13851
 9249
 18440
 14211
 10791
 22366
 25808
 20463
 19988
 10403
 12410
 20717
 18892
 18375
 28302
 18638
 11819
 20833
 21208
 11622
 20840
 10270
 16867
 10429
 11191
 16498
 20132
 20455
 26254
 15179
 14491
 11446
 16295
 24812
 14198
 10383
 19494
 15865
 20278
 12826
 9627
 18606
 16277
 9150
 12330
 9493
 26984
 23533
 15817
 21400
 27426
 14459
 13705
 27731
 26266
 25237
 19481
 27854
 21518
 24336
 8903
 9866
 14407
 24511
 11240
 13401
 17598
 14537
 17499
 9395
 20224
 12505
 12073
 10118
 21646
 14968
 9647
 28109
 18984
 28729
 16447
 28388
 21580
 10195
 23300
 19803
 21273
 27220
 12101
 9898
 15512
 27444
 21452
 10852
 15101
 15752
 16902
 17487
 16651
 27000
 22637
 13811
 17430
 10195
 19589
 16336
 20813
 15010
 14053
 8949
 11703
 16378
 20983
 12014
 22908
 9301
 13633
 11582
 18632
 12643
 13988
 18157
 10956
 9309
 24132
 10724
 25318
 16507
 18537
 20567
 9058
 15622
 16166
 17377
 28064
 14960
 20409
 24151
 17464
 9795
 26642
 16917
 16924
 21464
 14359
 9054
 27581
 11465
 12135
 27267
 10096
 16137
 20510
 16417
 17457
 16978
 26136
 26703
 16041
 12638
 17369
 14392
 22221
 19162
 13389
 18535
 10535
 21464
 17035
 27008
 23289
 21829
 13631
 14327
 23135
 11803
 21320
 24539
 28692
 20055
 13055
 21234
 26264
 14093
 28538
 9483
 17712
 22874
 23472
 13424
 17102
 26683
 10590
 10043
 14931
 11132
 25801
 27594
 9330
 11668
 26244
 13846
 28599
 17295
 19124
 28128
 23208
 20811
 9810
 11757
 16267
 20423
 21298
 12500
 18280
 19577
 23682
 21493
 9648
 19711
 10036
 17389
 18878
 22937
 9663
 28551
 21213
 21493
 18947
 19509
 9482
 18666
 15244
 20159
 13403
 17129
 21273
 17147
 17792
 14736
 22045
 17789
 10025
 14369
 21349
 17489
 25065
 20180
 13052
 20999
 28121
 23880
 12076
 28046
 19520
 16831
 20325
 17509
 20945
 16651
 21795
 19406
 14870
 17315
 18283
 16931
 14636
 13179
 14421
 23149
 15310
 12659
 28977
 17971
 26614
 18446
 21123
 17264
 24386
 21861
 25265
 14184
 12148
 20989
 20959
 13948
 23260
 11095
 13208
 18300
 14777
 19463
 17360
 17053
 18846
 19143
 25576
 21708
 26162
 12045
 12498
 19777
 15802
 19258
 17525
 14198
 14075
 20116
 9811
 24762
 21787
 17878
 12137
 17185
 23207
 20326
 25942
 21055
 20411
 26824
 17056
 15029
 9213
 20305
 17620
 14091
 19146
 10207
 16076
 14751
 11541
 16775
 14550
 12541
 14317
 13742
 21650
 16623
 15679
 28828
 18332
 15862
 16124
 19854
 12524
 19930
 14173
 18700
 15866
 25502
 23523
 17946
 12741
 18360
 13219
 14930
 15829
 22336
 21283
 14929
 23007
 15654
 18494
 26865
 24746
 15433
 11982
 11992
 12976
 10885
 18859
 10479
 13351
 11085
 19566
 25013
 21249
 18906
 14843
 16597
 10224
 15298
 16767
 18453
 26478
 12748
 25461
 12144
 15900
 11011
 18544
 17799
 15561
 19497
 11668
 23795
 19606
 23246
 17701
 17182
 28471
 21953
 22437
 20179
 23260
 10055
 24824
 17875
 21873
 20553
 10251
 18186
 15331
 23090
 12084
 27937
 22149
 25370
 15995
 26133
 19633
 21213
 10297
 28904
 11666
 27920
 25408
 25494
 13537
 19252
 13691
 19786
 9999
 17515
 13239
 15026
 10499
 20875
 17923
 21328
 19460
 23409
 11284
 15155
 20922
 11703
 14732
 11590
 10672
 9961
 11803
 18599
 28412
 18677
 14759
 18395
 10754
 18050
 10984
 19104
 26069
 13058
 21015
 14179
 11999
 17354
 16712
 23027
 15396
 12449
 12661
 18325
 20578
 21495
 16830
 22873
 16316
 21369
 10510
 14668
 18935
 14050
 15103
 22160
 28740
 12084
 19616
 14794
 26528
 28039
 23830
 15450
 16312
 17217
 15745
 14800
 26577
 18439
 28001
 19709
 10630
 9394
 14457
 17416
 14995
 17094
 17170
 13154
 23186
 18655
 11298
 15260
 22564
 15117
 19503
 16951
 12243
 21985
 11407
 19452
 23125
 9832
 21842
 12877
 14035
 16152
 14498
 23387
 12875
 9833
 11945
 18746
 12307
 13734
 23732
 19986
 19519
 19043
 26743
 12568
 13860
 13073
 23985
 9820
 11454
 15505
 10001
 21252
 21199
 13573
 9977
 21017
 11721
 29165
 21538
 13407
 21358
 11696
 25505
 12811
 11542
 28857
 17544
 14097
 17809
 19364
 14224
 20252
 14157
 11673
 15221
 18593
 13018
 24313
 14306
 14869
 24236
 14742
 12367
 20862
 19169
 16680
 15720
 26504
 19460
 14493
 27440
 22746
 12753
 10320
 19238
 28776
 13657
 28318
 10727
 17866
 20713
 12053
 20212
 18028
 18726
 18638
 10901
 10695
 10460
 18396
 21309
 19760
 15511
 17221
 10992
 25263
 18673
 24081
 9571
 28531
 22221
 20833
 22692
 14117
 13347
 21441
 25017
 24282
 10110
 27585
 27117
 24141
 14178
 20512
 14824
 20428
 17938
 26314
 10078
 17553
 15569
 24293
 26283
 19443
 21383
 24518
 14429
 13150
 19046
 27657
 18547
 19777
 10158
 11456
 12900
 11655
 15086
 15275
 19939
 10697
 27755
 14281
 19266
 28994
 23718
 18094
 13429
 18466
 21849
 14870
 14904
 17062
 21154
 22841
 14899
 16168
 26692
 10304
 19229
 19667
 17514
 16695
 17439
 12987
 22157
 23427
 15066
 21482
 20568
 16053
 27179
 24989
 29418
 9823
 11118
 12177
 25499
 22791
 15778
 24920
 25411
 12730
 9995
 23568
 19607
 12291
 15069
 16086
 10549
 10972
 15032
 14710
 10883
 10660
 14351
 24807
 13075
 14833
 21421
 18933
 11978
 28808
 17690
 11422
 12192
 16651
 14618
 22658
 15274
 17234
 11095
 16468
 16151
 27645
 16896
 20630
 15672
 21065
 26322
 12644
 15268
 22241
 12246
 19088
 26618
 28119
 16235
 13646
 19272
 19251
 15590
 15792
 14923
 14283
 21271
 19861
 21912
 19924
 20333
 11389
 19451
 14232
 20220
 24320
 12030
 17320
 26847
 15488
 11981
 11155
 10425
 19356
 10199
 22552
 12672
 15591
 24535
 17817
 19516
 21816
 25843
 29585
 18124
 13059
 21829
 12327
 9962
 18536
 20377
 16899
 28528
 13002
 18486
 25696
 19002
 10819
 25280
 18786
 22478
 15670
 21821
 18570
 20762
 20869
 15127
 16905
 22269
 16228
 29570
 25905
 25001
 13390
 12158
 21458
 19271
 20950
 10238
 18499
 27419
 10208
 16426
 20319
 16393
 11345
 21795
 26483
 14905
 25605
 16869
 17332
 28887
 14080
 19761
 27350
 25726
 21895
 29644
 25787
 16693
 29455
 19010
 10408
 28506
 16342
 20783
 17055
 13439
 26129
 28352
 21928
 25075
 28774
 14869
 23953
 18050
 25019
 20073
 23320
 17631
 16686
 29269
 13734
 15329
 18374
 23794
 10014
 19787
 14442
 23773
 16246
 21297
 12945
 20800
 26758
 19160
 25945
 21327
 19583
 10269
 24476
 11185
 14686
 27673
 28192
 16480
 22592
 24547
 10766
 14673
 20344
 22966
 19366
 20919
 20863
 27988
 18192
 17029
 18187
 25196
 27190
 14580
 16355
 12824
 26352
 16932
 27794
 12170
 15840
 13830
 14971
 25256
 21088
 11641
 13484
 20501
 15256
 16307
 12053
 16626
 12852
 17603
 19098
 12773
 20085
 18997
 14311
 22745
 21319
 14933
 13668
 23046
 10579
 22327
 16906
 16018
 20246
 18358
 10997
 17752
 26962
 25372
 14010
 29129
 10275
 13282
 25210
 14928
 15124
 18136
 21944
 11961
 19219
 22151
 20231
 23925
 12579
 17717
 10695
 12407
 15825
 18089
 22898
 22211
 13417
 14319
 20786
 28712
 19945
 17310
 18486
 17739
 18614
 11768
 24677
 16774
 10030
 13714
 15858
 17329
 27486
 14486
 17360
 19616
 27029
 17797
 20103
 12140
 28952
 14496
 20423
 13943
 27927
 12200
 16957
 24874
 17344
 21060
 13604
 16737
 27219
 16676
 22558
 16202
 22934
 24804
 14275
 20009
 25866
 21203
 28825
 25696
 23165
 19380
 9957
 23885
 9889
 13604
 14177
 20916
 28604
 21021
 14926
 14015
 18594
 15323
 11564
 13763
 16833
 14558
 27528
 17317
 20283
 17231
 27380
 16061
 12121
 10534
 11133
 27578
 21437
 21899
 17690
 13029
 13049
 22811
 26880
 20458
 16158
 16525
 28094
 14293
 29304
 19414
 26661
 16217
 18008
 10634
 12615
 17687
 19186
 28324
 10213
 17373
 19337
 19336
 14529
 20781
 16743
 10983
 19067
 17919
 15153
 16003
 15130
 25641
 13625
 21811
 21833
 14718
 17878
 20328
 19365
 27925
 21650
 24369
 16340
 21069
 27267
 11965
 17880
 13229
 10076
 24608
 23107
 20752
 21028
 21239
 10221
 14368
 27431
 29679
 15684
 26402
 14636
 12674
 29540
 15924
 14215
 11076
 11239
 21746
 10768
 14973
 10143
 19710
 16308
 21016
 25698
 13249
 14986
 12732
 15300
 23053
 22472
 14392
 21451
 15462
 11222
 20772
 18079
 14145
 27651
 18885
 19617
 12554
 18424
 22354
 15646
 11276
 11434
 10645
 16387
 15245
 10836
 24468
 18291
 20856
 22308
 28753
 10263
 12671
 20692
 18702
 17462
 17600
 22172
 10165
 23205
 24743
 12230
 13655
 19136
 23509
 26466
 12371
 23289
 12832
 12572
 18905
 18352
 10715
 18570
 25455
 22981
 24151
 25002
 16245
 28010
 21417
 15980
 22948
 19356
 10638
 18667
 13532
 16051
