 55
 212
 213
 231
 239
 274
 292
 355
 401
 409
 563
 593
 609
 624
 639
 685
 725
 736
 755
 769
 774
 775
 783
 790
 816
 837
 854
 891
 920
 930
 933
 937
 941
 962
 985
 1007
 1007
 1067
 1070
 1072
 1101
 1116
 1125
 1140
 1144
 1150
 1168
 1178
 1197
 1211
 1219
 1220
 1221
 1246
 1256
 1259
 1263
 1280
 1321
 1325
 1332
 1352
 1371
 1377
 1378
 1390
 1393
 1406
 1410
 1421
 1421
 1433
 1445
 1476
 1482
 1500
 1505
 1517
 1528
 1530
 1533
 1543
 1568
 1568
 1589
 1592
 1603
 1604
 1631
 1631
 1649
 1651
 1669
 1673
 1719
 1753
 1756
 1757
 1770
 1774
 1782
 1799
 1821
 1852
 1855
 1858
 1859
 1859
 1869
 1874
 1876
 1880
 1884
 1884
 1907
 1914
 1915
 1916
 1931
 1951
 1971
 1979
 1992
 1999
 2005
 2011
 2023
 2039
 2061
 2067
 2072
 2085
 2086
 2086
 2087
 2087
 2089
 2094
 2106
 2107
 2125
 2133
 2139
 2151
 2153
 2155
 2168
 2205
 2226
 2241
 2243
 2253
 2267
 2267
 2293
 2303
 2307
 2317
 2325
 2328
 2335
 2339
 2346
 2347
 2363
 2365
 2365
 2367
 2368
 2374
 2379
 2390
 2393
 2395
 2400
 2408
 2409
 2418
 2423
 2429
 2436
 2437
 2445
 2448
 2466
 2491
 2496
 2502
 2516
 2520
 2521
 2523
 2529
 2530
 2540
 2557
 2559
 2563
 2565
 2568
 2569
 2574
 2582
 2585
 2585
 2604
 2608
 2620
 2635
 2638
 2638
 2657
 2659
 2661
 2671
 2677
 2678
 2685
 2695
 2697
 2706
 2708
 2708
 2711
 2713
 2714
 2738
 2755
 2759
 2761
 2762
 2766
 2767
 2768
 2771
 2774
 2784
 2786
 2790
 2790
 2797
 2801
 2806
 2816
 2822
 2824
 2825
 2844
 2857
 2874
 2877
 2881
 2889
 2897
 2903
 2905
 2906
 2906
 2906
 2909
 2913
 2929
 2929
 2930
 2934
 2958
 2959
 2972
 2994
 2994
 2998
 3002
 3006
 3014
 3019
 3025
 3040
 3040
 3045
 3055
 3057
 3061
 3074
 3082
 3082
 3082
 3090
 3092
 3096
 3100
 3112
 3114
 3116
 3119
 3124
 3124
 3126
 3128
 3139
 3141
 3143
 3146
 3148
 3150
 3169
 3179
 3192
 3211
 3212
 3217
 3224
 3225
 3226
 3245
 3253
 3257
 3260
 3273
 3274
 3284
 3288
 3292
 3293
 3295
 3295
 3295
 3300
 3306
 3318
 3323
 3325
 3329
 3334
 3334
 3343
 3345
 3350
 3350
 3352
 3353
 3358
 3363
 3365
 3368
 3368
 3376
 3379
 3381
 3381
 3385
 3387
 3391
 3403
 3409
 3409
 3410
 3412
 3413
 3425
 3425
 3435
 3435
 3442
 3446
 3451
 3451
 3453
 3459
 3467
 3469
 3472
 3486
 3488
 3495
 3496
 3510
 3514
 3514
 3517
 3531
 3542
 3543
 3543
 3544
 3545
 3547
 3548
 3549
 3557
 3566
 3568
 3575
 3580
 3581
 3587
 3608
 3608
 3609
 3625
 3628
 3628
 3633
 3633
 3634
 3636
 3642
 3657
 3658
 3662
 3667
 3677
 3678
 3686
 3689
 3693
 3696
 3705
 3714
 3720
 3721
 3727
 3727
 3737
 3741
 3754
 3761
 3765
 3765
 3771
 3773
 3773
 3779
 3783
 3784
 3792
 3793
 3793
 3800
 3807
 3816
 3816
 3824
 3824
 3830
 3834
 3837
 3837
 3848
 3849
 3850
 3851
 3853
 3854
 3857
 3860
 3862
 3863
 3869
 3881
 3889
 3902
 3903
 3908
 3917
 3920
 3930
 3931
 3934
 3936
 3937
 3937
 3940
 3944
 3945
 3948
 3956
 3964
 3969
 3969
 3969
 3984
 3991
 3991
 3994
 3994
 3999
 4001
 4002
 4009
 4010
 4010
 4020
 4027
 4027
 4030
 4032
 4037
 4038
 4042
 4042
 4046
 4049
 4049
 4051
 4052
 4055
 4055
 4059
 4060
 4063
 4063
 4067
 4070
 4073
 4073
 4073
 4074
 4081
 4082
 4089
 4091
 4093
 4096
 4100
 4104
 4110
 4111
 4115
 4127
 4129
 4132
 4135
 4136
 4143
 4150
 4157
 4165
 4166
 4173
 4173
 4182
 4185
 4190
 4192
 4193
 4200
 4201
 4208
 4213
 4214
 4216
 4216
 4217
 4220
 4227
 4228
 4233
 4241
 4246
 4249
 4251
 4251
 4254
 4261
 4265
 4265
 4266
 4273
 4275
 4281
 4287
 4293
 4298
 4301
 4307
 4309
 4310
 4312
 4313
 4314
 4319
 4322
 4322
 4324
 4324
 4325
 4325
 4328
 4331
 4339
 4341
 4343
 4346
 4364
 4365
 4368
 4380
 4381
 4382
 4383
 4385
 4387
 4388
 4393
 4398
 4403
 4406
 4406
 4407
 4412
 4419
 4429
 4434
 4437
 4439
 4441
 4452
 4456
 4459
 4466
 4468
 4469
 4470
 4471
 4471
 4472
 4472
 4485
 4487
 4493
 4498
 4501
 4509
 4512
 4514
 4519
 4520
 4520
 4521
 4525
 4527
 4529
 4530
 4531
 4532
 4536
 4538
 4541
 4543
 4546
 4554
 4556
 4558
 4559
 4566
 4566
 4566
 4567
 4573
 4576
 4579
 4579
 4586
 4586
 4586
 4587
 4589
 4605
 4608
 4608
 4615
 4626
 4626
 4626
 4629
 4629
 4635
 4643
 4648
 4652
 4656
 4659
 4665
 4678
 4686
 4689
 4690
 4704
 4705
 4706
 4712
 4713
 4720
 4721
 4730
 4731
 4732
 4733
 4739
 4740
 4747
 4748
 4748
 4754
 4755
 4759
 4759
 4759
 4762
 4763
 4767
 4768
 4769
 4771
 4771
 4776
 4780
 4780
 4782
 4788
 4791
 4802
 4807
 4813
 4822
 4832
 4833
 4836
 4840
 4841
 4842
 4843
 4848
 4848
 4850
 4858
 4858
 4862
 4862
 4867
 4868
 4874
 4875
 4882
 4882
 4882
 4884
 4889
 4891
 4895
 4896
 4898
 4901
 4902
 4902
 4902
 4904
 4907
 4918
 4921
 4924
 4924
 4925
 4927
 4929
 4929
 4933
 4938
 4943
 4945
 4949
 4950
 4962
 4966
 4968
 4968
 4969
 4972
 4981
 4985
 4986
 4991
 4997
 5001
 5001
 5003
 5004
 5004
 5004
 5005
 5008
 5011
 5012
 5021
 5032
 5037
 5038
 5048
 5049
 5049
 5049
 5049
 5050
 5054
 5056
 5058
 5058
 5060
 5061
 5072
 5077
 5079
 5080
 5081
 5081
 5084
 5085
 5088
 5089
 5092
 5093
 5095
 5097
 5097
 5098
 5108
 5110
 5110
 5113
 5131
 5131
 5132
 5134
 5135
 5136
 5143
 5154
 5156
 5158
 5161
 5161
 5161
 5162
 5164
 5170
 5173
 5176
 5180
 5182
 5185
 5189
 5192
 5194
 5198
 5199
 5201
 5202
 5206
 5211
 5218
 5220
 5227
 5227
 5229
 5232
 5233
 5234
 5234
 5239
 5240
 5240
 5242
 5243
 5253
 5254
 5254
 5258
 5258
 5264
 5268
 5270
 5273
 5280
 5281
 5282
 5283
 5284
 5286
 5287
 5288
 5301
 5303
 5304
 5305
 5307
 5308
 5314
 5319
 5320
 5322
 5329
 5330
 5332
 5337
 5340
 5349
 5349
 5349
 5350
 5350
 5350
 5354
 5359
 5361
 5361
 5366
 5367
 5367
 5368
 5371
 5373
 5373
 5378
 5381
 5382
 5386
 5388
 5388
 5395
 5396
 5397
 5397
 5400
 5408
 5410
 5411
 5416
 5420
 5421
 5423
 5427
 5434
 5439
 5439
 5440
 5447
 5447
 5448
 5450
 5456
 5460
 5467
 5468
 5475
 5476
 5483
 5484
 5486
 5488
 5491
 5491
 5504
 5506
 5508
 5512
 5513
 5515
 5516
 5519
 5528
 5532
 5534
 5535
 5539
 5540
 5541
 5543
 5545
 5546
 5548
 5549
 5551
 5552
 5554
 5567
 5571
 5576
 5576
 5579
 5585
 5588
 5588
 5592
 5592
 5593
 5593
 5596
 5597
 5599
 5599
 5600
 5601
 5601
 5611
 5612
 5615
 5618
 5618
 5627
 5631
 5636
 5637
 5640
 5640
 5641
 5642
 5642
 5643
 5644
 5648
 5650
 5654
 5656
 5656
 5656
 5662
 5666
 5669
 5669
 5680
 5681
 5684
 5684
 5684
 5685
 5686
 5687
 5687
 5693
 5698
 5702
 5708
 5714
 5723
 5723
 5724
 5727
 5728
 5729
 5729
 5736
 5738
 5740
 5741
 5747
 5751
 5751
 5757
 5759
 5760
 5767
 5768
 5780
 5780
 5782
 5784
 5786
 5787
 5790
 5791
 5795
 5797
 5798
 5802
 5808
 5817
 5818
 5818
 5822
 5827
 5827
 5827
 5835
 5835
 5836
 5837
 5841
 5846
 5846
 5848
 5852
 5854
 5856
 5862
 5870
 5881
 5884
 5885
 5885
 5891
 5900
 5904
 5910
 5912
 5916
 5920
 5922
 5923
 5924
 5933
 5945
 5947
 5948
 5948
 5955
 5957
 5962
 5973
 5974
 5974
 5978
 5989
 5989
 5990
 6002
 6005
 6005
 6006
 6008
 6010
 6011
 6011
 6021
 6022
 6023
 6028
 6032
 6034
 6036
 6041
 6041
 6044
 6046
 6049
 6050
 6051
 6054
 6054
 6064
 6066
 6067
 6068
 6069
 6070
 6071
 6072
 6075
 6076
 6077
 6081
 6083
 6084
 6084
 6085
 6087
 6089
 6090
 6097
 6098
 6102
 6104
 6105
 6107
 6108
 6108
 6109
 6111
 6111
 6111
 6116
 6120
 6121
 6123
 6129
 6132
 6138
 6139
 6139
 6149
 6151
 6151
 6153
 6154
 6155
 6158
 6159
 6159
 6161
 6163
 6163
 6173
 6175
 6177
 6187
 6195
 6199
 6201
 6203
 6203
 6204
 6206
 6220
 6221
 6222
 6228
 6232
 6233
 6234
 6235
 6237
 6239
 6239
 6242
 6244
 6246
 6253
 6253
 6255
 6263
 6264
 6265
 6266
 6270
 6270
 6274
 6276
 6277
 6277
 6277
 6278
 6280
 6282
 6284
 6285
 6287
 6291
 6293
 6296
 6297
 6297
 6298
 6298
 6301
 6305
 6305
 6306
 6308
 6310
 6311
 6312
 6313
 6313
 6317
 6319
 6319
 6321
 6321
 6322
 6325
 6331
 6336
 6337
 6338
 6341
 6343
 6346
 6349
 6350
 6352
 6355
 6357
 6358
 6360
 6360
 6365
 6366
 6367
 6368
 6369
 6371
 6371
 6372
 6372
 6375
 6375
 6378
 6378
 6382
 6384
 6387
 6388
 6395
 6399
 6406
 6408
 6410
 6412
 6413
 6416
 6419
 6420
 6421
 6422
 6427
 6428
 6433
 6438
 6442
 6442
 6443
 6443
 6443
 6445
 6446
 6451
 6451
 6453
 6453
 6453
 6458
 6462
 6465
 6466
 6466
 6468
 6475
 6477
 6478
 6480
 6482
 6483
 6485
 6487
 6487
 6488
 6493
 6497
 6499
 6499
 6504
 6504
 6504
 6506
 6507
 6507
 6509
 6510
 6510
 6511
 6515
 6517
 6519
 6520
 6523
 6525
 6531
 6532
 6534
 6540
 6544
 6551
 6559
 6560
 6569
 6573
 6573
 6573
 6573
 6574
 6575
 6581
 6581
 6581
 6584
 6584
 6584
 6585
 6586
 6588
 6593
 6593
 6593
 6596
 6599
 6600
 6606
 6607
 6607
 6610
 6617
 6617
 6618
 6621
 6623
 6631
 6631
 6637
 6644
 6647
 6652
 6653
 6657
 6658
 6659
 6670
 6678
 6678
 6687
 6688
 6689
 6697
 6698
 6704
 6705
 6709
 6709
 6713
 6717
 6720
 6720
 6731
 6732
 6736
 6738
 6739
 6742
 6746
 6746
 6748
 6751
 6753
 6757
 6761
 6761
 6767
 6768
 6768
 6770
 6771
 6777
 6778
 6781
 6783
 6787
 6788
 6789
 6791
 6792
 6792
 6792
 6797
 6798
 6799
 6800
 6800
 6812
 6812
 6814
 6817
 6823
 6825
 6827
 6827
 6827
 6829
 6831
 6833
 6837
 6838
 6841
 6842
 6844
 6845
 6845
 6846
 6859
 6860
 6860
 6861
 6861
 6863
 6866
 6869
 6875
 6876
 6876
 6878
 6880
 6882
 6884
 6886
 6886
 6888
 6890
 6891
 6899
 6899
 6903
 6904
 6908
 6912
 6914
 6915
 6918
 6919
 6926
 6927
 6931
 6933
 6934
 6934
 6936
 6945
 6946
 6949
 6953
 6955
 6956
 6962
 6963
 6963
 6964
 6964
 6967
 6967
 6968
 6969
 6969
 6970
 6973
 6973
 6973
 6980
 6984
 6985
 6988
 6989
 6992
 6993
 6994
 6994
 6995
 6996
 6997
 6997
 7003
 7003
 7004
 7004
 7009
 7010
 7014
 7019
 7027
 7031
 7034
 7036
 7037
 7040
 7041
 7041
 7044
 7051
 7055
 7056
 7060
 7061
 7061
 7067
 7068
 7070
 7071
 7073
 7074
 7076
 7077
 7079
 7080
 7080
 7081
 7083
 7084
 7088
 7090
 7093
 7094
 7100
 7101
 7103
 7109
 7111
 7111
 7112
 7112
 7113
 7115
 7116
 7117
 7121
 7126
 7129
 7134
 7138
 7142
 7152
 7158
 7165
 7167
 7167
 7173
 7174
 7176
 7176
 7178
 7181
 7184
 7192
 7193
 7194
 7195
 7198
 7200
 7204
 7205
 7207
 7209
 7210
 7214
 7219
 7219
 7220
 7226
 7229
 7230
 7233
 7234
 7235
 7236
 7236
 7242
 7242
 7244
 7245
 7246
 7249
 7249
 7251
 7254
 7254
 7259
 7263
 7266
 7267
 7268
 7270
 7271
 7272
 7272
 7275
 7286
 7289
 7292
 7293
 7295
 7297
 7297
 7299
 7300
 7300
 7301
 7303
 7305
 7306
 7308
 7311
 7313
 7315
 7321
 7321
 7328
 7328
 7328
 7336
 7338
 7339
 7343
 7344
 7349
 7349
 7350
 7353
 7356
 7359
 7360
 7362
 7372
 7372
 7380
 7380
 7382
 7383
 7385
 7387
 7390
 7393
 7395
 7396
 7396
 7399
 7402
 7403
 7404
 7410
 7410
 7412
 7417
 7417
 7418
 7418
 7419
 7419
 7423
 7425
 7428
 7432
 7436
 7437
 7437
 7438
 7440
 7441
 7444
 7444
 7446
 7447
 7447
 7455
 7465
 7465
 7470
 7471
 7472
 7475
 7477
 7482
 7483
 7485
 7488
 7493
 7493
 7499
 7501
 7501
 7504
 7507
 7509
 7514
 7516
 7516
 7518
 7519
 7520
 7521
 7523
 7525
 7525
 7526
 7527
 7528
 7530
 7533
 7534
 7536
 7537
 7537
 7541
 7541
 7543
 7544
 7547
 7559
 7559
 7559
 7560
 7561
 7562
 7562
 7562
 7567
 7573
 7573
 7583
 7584
 7585
 7585
 7591
 7594
 7594
 7600
 7603
 7605
 7605
 7608
 7608
 7609
 7609
 7610
 7619
 7620
 7622
 7624
 7626
 7639
 7640
 7641
 7641
 7642
 7644
 7649
 7650
 7650
 7651
 7653
 7654
 7654
 7662
 7665
 7666
 7669
 7669
 7671
 7671
 7672
 7672
 7673
 7675
 7678
 7678
 7683
 7684
 7685
 7685
 7686
 7687
 7687
 7688
 7692
 7696
 7698
 7706
 7709
 7710
 7710
 7712
 7712
 7715
 7717
 7719
 7724
 7729
 7730
 7733
 7742
 7743
 7745
 7745
 7747
 7749
 7751
 7751
 7752
 7753
 7755
 7758
 7758
 7759
 7759
 7760
 7767
 7767
 7768
 7768
 7770
 7771
 7776
 7777
 7778
 7779
 7783
 7789
 7790
 7791
 7794
 7794
 7797
 7797
 7801
 7805
 7805
 7805
 7805
 7807
 7807
 7810
 7816
 7817
 7818
 7820
 7821
 7824
 7825
 7825
 7829
 7830
 7831
 7835
 7835
 7836
 7836
 7837
 7838
 7838
 7839
 7844
 7844
 7846
 7848
 7850
 7852
 7855
 7855
 7859
 7860
 7861
 7862
 7862
 7866
 7872
 7874
 7875
 7876
 7880
 7890
 7892
 7896
 7898
 7898
 7898
 7899
 7899
 7900
 7904
 7907
 7909
 7911
 7921
 7927
 7933
 7934
 7937
 7938
 7942
 7946
 7947
 7953
 7953
 7955
 7955
 7958
 7965
 7966
 7967
 7968
 7969
 7969
 7973
 7979
 7982
 7989
 7990
 7992
 7994
 7998
 8000
 8003
 8003
 8006
 8006
 8006
 8010
 8012
 8013
 8014
 8014
 8015
 8016
 8024
 8026
 8034
 8036
 8039
 8039
 8039
 8040
 8041
 8044
 8044
 8048
 8052
 8055
 8056
 8060
 8061
 8064
 8064
 8068
 8075
 8078
 8078
 8079
 8080
 8081
 8082
 8085
 8089
 8090
 8090
 8096
 8097
 8098
 8098
 8100
 8102
 8105
 8105
 8107
 8110
 8112
 8116
 8119
 8120
 8123
 8123
 8128
 8131
 8139
 8143
 8143
 8144
 8145
 8147
 8157
 8162
 8162
 8164
 8165
 8169
 8171
 8171
 8171
 8172
 8173
 8174
 8175
 8175
 8181
 8182
 8185
 8186
 8187
 8188
 8188
 8191
 8192
 8200
 8207
 8208
 8209
 8210
 8210
 8213
 8215
 8220
 8220
 8221
 8223
 8225
 8226
 8226
 8227
 8227
 8227
 8228
 8232
 8236
 8244
 8246
 8247
 8251
 8251
 8253
 8255
 8256
 8263
 8268
 8271
 8274
 8278
 8280
 8281
 8285
 8287
 8287
 8289
 8290
 8291
 8291
 8292
 8294
 8296
 8299
 8300
 8304
 8305
 8305
 8307
 8307
 8318
 8322
 8324
 8325
 8326
 8326
 8327
 8327
 8329
 8329
 8332
 8333
 8335
 8336
 8339
 8342
 8343
 8346
 8346
 8347
 8349
 8350
 8354
 8356
 8357
 8358
 8362
 8367
 8367
 8373
 8373
 8375
 8377
 8383
 8383
 8385
 8385
 8387
 8388
 8389
 8390
 8390
 8391
 8392
 8393
 8394
 8400
 8403
 8405
 8407
 8409
 8415
 8415
 8417
 8421
 8422
 8422
 8424
 8424
 8428
 8429
 8430
 8430
 8432
 8433
 8434
 8434
 8437
 8441
 8442
 8444
 8445
 8445
 8446
 8447
 8449
 8454
 8454
 8455
 8456
 8456
 8457
 8457
 8460
 8461
 8461
 8462
 8462
 8467
 8468
 8469
 8471
 8474
 8477
 8477
 8479
 8481
 8481
 8484
 8486
 8488
 8496
 8497
 8499
 8500
 8503
 8503
 8504
 8506
 8506
 8506
 8506
 8509
 8513
 8515
 8520
 8521
 8522
 8522
 8523
 8523
 8523
 8523
 8525
 8526
 8526
 8526
 8533
 8534
 8535
 8537
 8539
 8540
 8542
 8544
 8545
 8548
 8549
 8552
 8554
 8555
 8556
 8557
 8557
 8558
 8561
 8572
 8572
 8574
 8575
 8578
 8583
 8585
 8587
 8589
 8593
 8594
 8594
 8594
 8599
 8601
 8603
 8603
 8604
 8604
 8606
 8606
 8606
 8607
 8610
 8620
 8621
 8622
 8623
 8627
 8629
 8631
 8634
 8635
 8637
 8637
 8638
 8639
 8641
 8642
 8644
 8644
 8645
 8645
 8646
 8646
 8646
 8648
 8650
 8653
 8653
 8654
 8655
 8656
 8656
 8657
 8657
 8660
 8661
 8662
 8663
 8664
 8664
 8665
 8666
 8672
 8674
 8674
 8676
 8681
 8681
 8681
 8684
 8691
 8692
 8692
 8695
 8698
 8709
 8710
 8714
 8715
 8720
 8721
 8723
 8728
 8728
 8728
 8729
 8729
 8733
 8733
 8734
 8735
 8739
 8742
 8744
 8744
 8746
 8747
 8748
 8750
 8751
 8756
 8756
 8757
 8760
 8763
 8765
 8768
 8770
 8771
 8772
 8772
 8774
 8779
 8780
 8780
 8780
 8783
 8784
 8785
 8789
 8794
 8795
 8797
 8797
 8798
 8798
 8798
 8799
 8801
 8803
 8805
 8808
 8808
 8809
 8809
 8810
 8816
 8818
 8819
 8826
 8827
 8829
 8829
 8830
 8833
 8835
 8836
 8836
 8837
 8838
 8839
 8840
 8844
 8845
 8847
 8849
 8850
 8852
 8854
 8857
 8858
 8860
 8866
 8868
 8869
 8870
 8870
 8876
 8876
 8876
 8877
 8877
 8878
 8881
 8881
 8882
 8883
 8883
 8884
 8886
 8886
 8888
 8892
 8894
 8896
 8898
 8899
 8899
 8899
 8899
 8900
 8901
 8902
 8903
 8903
 8904
 8905
 8905
 8907
 8908
 8909
 8912
 8912
 8916
 8919
 8922
 8923
 8924
 8926
 8927
 8930
 8932
 8932
 8934
 8934
 8934
 8935
 8935
 8935
 8939
 8939
 8940
 8941
 8942
 8944
 8948
 8949
 8951
 8955
 8956
 8956
 8961
 8962
 8963
 8968
 8971
 8980
 8984
 8986
 8990
 8991
 8992
 8993
 8995
 8995
 8999
 8999
 9005
 9010
 9010
 9014
 9015
 9018
 9020
 9021
 9022
 9023
 9023
 9023
 9024
 9025
 9026
 9031
 9032
 9035
 9036
 9038
 9041
 9043
 9043
 9044
 9046
 9047
 9047
 9048
 9054
 9054
 9058
 9058
 9058
 9060
 9068
 9072
 9074
 9080
 9082
 9082
 9083
 9090
 9092
 9100
 9101
 9101
 9107
 9108
 9109
 9112
 9112
 9112
 9115
 9116
 9117
 9122
 9122
 9128
 9128
 9128
 9130
 9131
 9131
 9132
 9136
 9136
 9139
 9145
 9147
 9150
 9152
 9154
 9154
 9154
 9158
 9159
 9159
 9159
 9159
 9162
 9163
 9164
 9169
 9172
 9172
 9177
 9178
 9179
 9182
 9187
 9191
 9191
 9195
 9195
 9199
 9205
 9208
 9208
 9212
 9212
 9213
 9216
 9218
 9219
 9219
 9219
 9229
 9230
 9230
 9231
 9232
 9234
 9236
 9236
 9237
 9237
 9238
 9243
 9244
 9245
 9249
 9249
 9249
 9252
 9253
 9254
 9256
 9259
 9263
 9266
 9268
 9269
 9269
 9272
 9277
 9278
 9283
 9286
 9291
 9291
 9294
 9301
 9302
 9304
 9305
 9305
 9305
 9307
 9307
 9309
 9315
 9315
 9320
 9322
 9322
 9322
 9324
 9327
 9329
 9329
 9330
 9330
 9330
 9331
 9331
 9333
 9334
 9336
 9339
 9341
 9344
 9344
 9347
 9349
 9349
 9357
 9361
 9364
 9369
 9376
 9376
 9378
 9380
 9381
 9383
 9384
 9388
 9392
 9394
 9394
 9395
 9395
 9395
 9399
 9399
 9400
 9402
 9403
 9405
 9407
 9407
 9408
 9411
 9411
 9411
 9413
 9415
 9416
 9419
 9422
 9423
 9425
 9426
 9428
 9433
 9433
 9434
 9437
 9438
 9438
 9438
 9444
 9447
 9448
 9448
 9453
 9453
 9453
 9455
 9459
 9459
 9461
 9464
 9465
 9468
 9469
 9469
 9470
 9472
 9473
 9473
 9474
 9474
 9478
 9481
 9482
 9483
 9483
 9484
 9490
 9493
 9495
 9496
 9501
 9502
 9503
 9507
 9511
 9512
 9512
 9516
 9517
 9521
 9523
 9523
 9524
 9528
 9529
 9535
 9538
 9538
 9539
 9539
 9539
 9540
 9549
 9549
 9554
 9554
 9554
 9558
 9559
 9560
 9562
 9563
 9564
 9568
 9569
 9569
 9571
 9572
 9573
 9574
 9577
 9577
 9578
 9579
 9583
 9584
 9586
 9587
 9591
 9592
 9593
 9593
 9603
 9603
 9610
 9614
 9615
 9619
 9620
 9622
 9623
 9623
 9623
 9624
 9627
 9627
 9627
 9630
 9631
 9632
 9632
 9632
 9635
 9638
 9642
 9645
 9647
 9648
 9650
 9650
 9654
 9656
 9656
 9658
 9658
 9658
 9658
 9663
 9664
 9668
 9669
 9673
 9674
 9676
 9677
 9679
 9684
 9685
 9686
 9687
 9688
 9692
 9694
 9694
 9695
 9696
 9698
 9702
 9707
 9708
 9711
 9716
 9720
 9721
 9726
 9727
 9730
 9730
 9731
 9732
 9735
 9737
 9737
 9738
 9746
 9747
 9748
 9748
 9748
 9752
 9756
 9756
 9758
 9760
 9766
 9770
 9774
 9775
 9777
 9780
 9782
 9783
 9783
 9785
 9787
 9791
 9793
 9793
 9795
 9801
 9802
 9805
 9807
 9809
 9810
 9811
 9811
 9813
 9816
 9816
 9818
 9818
 9820
 9820
 9823
 9823
 9823
 9824
 9824
 9827
 9827
 9832
 9832
 9833
 9833
 9834
 9836
 9836
 9836
 9837
 9840
 9842
 9843
 9844
 9845
 9845
 9846
 9847
 9847
 9848
 9849
 9858
 9860
 9860
 9862
 9864
 9866
 9870
 9870
 9871
 9873
 9876
 9876
 9876
 9877
 9889
 9889
 9889
 9890
 9894
 9894
 9897
 9898
 9904
 9904
 9906
 9907
 9908
 9911
 9911
 9914
 9914
 9915
 9916
 9923
 9926
 9926
 9927
 9929
 9931
 9932
 9933
 9935
 9940
 9945
 9946
 9946
 9948
 9948
 9949
 9951
 9956
 9957
 9958
 9960
 9960
 9961
 9962
 9963
 9965
 9965
 9966
 9966
 9966
 9966
 9967
 9967
 9968
 9971
 9972
 9975
 9977
 9977
 9978
 9978
 9980
 9982
 9985
 9986
 9987
 9988
 9989
 9990
 9992
 9993
 9993
 9995
 9995
 9998
 9999
 10001
 10001
 10001
 10003
 10009
 10009
 10010
 10010
 10012
 10014
 10014
 10014
 10014
 10016
 10016
 10017
 10019
 10020
 10020
 10024
 10025
 10025
 10026
 10028
 10030
 10031
 10031
 10032
 10033
 10035
 10035
 10036
 10039
 10040
 10040
 10041
 10041
 10041
 10043
 10044
 10045
 10047
 10050
 10052
 10054
 10055
 10056
 10065
 10067
 10068
 10069
 10070
 10071
 10071
 10072
 10072
 10073
 10075
 10076
 10077
 10078
 10080
 10080
 10080
 10080
 10082
 10083
 10083
 10085
 10089
 10090
 10096
 10098
 10099
 10101
 10102
 10103
 10104
 10110
 10110
 10111
 10111
 10114
 10115
 10117
 10118
 10118
 10118
 10121
 10121
 10123
 10124
 10125
 10126
 10127
 10129
 10129
 10132
 10132
 10134
 10134
 10135
 10139
 10141
 10141
 10142
 10143
 10144
 10144
 10145
 10146
 10146
 10150
 10151
 10151
 10152
 10152
 10153
 10154
 10154
 10154
 10156
 10157
 10158
 10160
 10163
 10163
 10164
 10164
 10165
 10165
 10166
 10166
 10170
 10173
 10173
 10175
 10175
 10178
 10179
 10182
 10185
 10185
 10186
 10187
 10187
 10188
 10195
 10195
 10195
 10197
 10199
 10201
 10201
 10201
 10201
 10202
 10202
 10203
 10207
 10208
 10212
 10212
 10212
 10213
 10213
 10217
 10218
 10219
 10221
 10222
 10222
 10224
 10224
 10224
 10227
 10228
 10229
 10233
 10235
 10237
 10238
 10239
 10241
 10247
 10249
 10250
 10251
 10256
 10258
 10258
 10262
 10262
 10263
 10264
 10264
 10265
 10265
 10267
 10268
 10269
 10270
 10273
 10273
 10275
 10276
 10277
 10278
 10278
 10280
 10281
 10283
 10285
 10286
 10287
 10291
 10291
 10293
 10296
 10297
 10297
 10298
 10298
 10300
 10303
 10303
 10304
 10306
 10316
 10318
 10319
 10320
 10320
 10322
 10323
 10325
 10327
 10328
 10332
 10333
 10333
 10335
 10335
 10336
 10337
 10340
 10340
 10341
 10342
 10343
 10344
 10346
 10349
 10351
 10354
 10357
 10361
 10361
 10363
 10365
 10369
 10370
 10375
 10375
 10378
 10378
 10378
 10380
 10380
 10383
 10383
 10384
 10385
 10386
 10387
 10391
 10394
 10395
 10395
 10401
 10403
 10404
 10405
 10407
 10408
 10408
 10410
 10413
 10414
 10414
 10414
 10415
 10423
 10423
 10425
 10429
 10430
 10434
 10436
 10440
 10441
 10442
 10446
 10448
 10448
 10449
 10450
 10451
 10455
 10455
 10455
 10456
 10460
 10460
 10461
 10461
 10462
 10466
 10467
 10473
 10474
 10475
 10476
 10476
 10476
 10477
 10478
 10479
 10480
 10483
 10485
 10488
 10489
 10490
 10494
 10499
 10500
 10500
 10502
 10503
 10504
 10507
 10508
 10508
 10509
 10510
 10510
 10511
 10512
 10512
 10517
 10519
 10522
 10527
 10528
 10529
 10531
 10534
 10535
 10536
 10536
 10537
 10539
 10540
 10543
 10546
 10547
 10548
 10549
 10552
 10553
 10554
 10557
 10561
 10562
 10569
 10571
 10572
 10572
 10574
 10575
 10576
 10577
 10579
 10579
 10579
 10580
 10581
 10588
 10590
 10590
 10591
 10594
 10597
 10599
 10601
 10603
 10605
 10605
 10605
 10605
 10605
 10609
 10609
 10609
 10611
 10613
 10614
 10617
 10618
 10621
 10622
 10626
 10626
 10630
 10630
 10632
 10632
 10633
 10634
 10634
 10634
 10636
 10638
 10642
 10645
 10648
 10649
 10649
 10650
 10655
 10656
 10660
 10663
 10665
 10665
 10666
 10666
 10667
 10669
 10671
 10672
 10673
 10674
 10676
 10676
 10677
 10678
 10679
 10679
 10681
 10682
 10686
 10689
 10691
 10691
 10692
 10692
 10693
 10695
 10695
 10697
 10698
 10699
 10701
 10703
 10703
 10707
 10707
 10708
 10708
 10709
 10712
 10715
 10715
 10716
 10716
 10717
 10718
 10724
 10725
 10725
 10727
 10732
 10735
 10735
 10736
 10737
 10740
 10743
 10747
 10748
 10750
 10752
 10754
 10754
 10755
 10756
 10758
 10758
 10759
 10765
 10766
 10768
 10771
 10777
 10777
 10778
 10781
 10782
 10782
 10782
 10784
 10785
 10786
 10787
 10787
 10787
 10787
 10788
 10790
 10791
 10792
 10792
 10792
 10794
 10796
 10797
 10797
 10798
 10799
 10800
 10801
 10802
 10805
 10805
 10806
 10807
 10807
 10808
 10808
 10810
 10815
 10815
 10818
 10819
 10819
 10819
 10820
 10821
 10823
 10824
 10824
 10825
 10825
 10832
 10833
 10836
 10838
 10839
 10839
 10841
 10842
 10847
 10850
 10850
 10850
 10851
 10852
 10853
 10853
 10855
 10856
 10862
 10863
 10863
 10865
 10866
 10866
 10868
 10870
 10872
 10873
 10881
 10882
 10883
 10885
 10885
 10890
 10894
 10898
 10899
 10901
 10904
 10912
 10916
 10918
 10921
 10924
 10926
 10927
 10928
 10936
 10939
 10943
 10945
 10946
 10947
 10951
 10952
 10956
 10956
 10959
 10959
 10960
 10963
 10965
 10966
 10966
 10967
 10968
 10972
 10973
 10975
 10976
 10976
 10978
 10980
 10981
 10981
 10983
 10984
 10985
 10987
 10987
 10991
 10992
 10993
 10997
 11000
 11001
 11002
 11002
 11004
 11005
 11005
 11007
 11009
 11011
 11011
 11012
 11012
 11013
 11017
 11017
 11018
 11020
 11021
 11022
 11023
 11023
 11025
 11025
 11026
 11026
 11027
 11031
 11032
 11033
 11034
 11035
 11036
 11036
 11039
 11043
 11044
 11045
 11046
 11050
 11054
 11056
 11056
 11056
 11057
 11058
 11059
 11061
 11062
 11064
 11065
 11066
 11067
 11068
 11076
 11079
 11080
 11081
 11083
 11085
 11086
 11086
 11086
 11088
 11089
 11089
 11094
 11095
 11095
 11100
 11100
 11101
 11104
 11108
 11109
 11110
 11111
 11112
 11112
 11114
 11114
 11115
 11116
 11117
 11118
 11122
 11123
 11125
 11126
 11129
 11131
 11131
 11132
 11132
 11133
 11136
 11140
 11143
 11143
 11145
 11150
 11152
 11154
 11155
 11156
 11157
 11162
 11167
 11167
 11168
 11169
 11174
 11178
 11179
 11184
 11185
 11186
 11187
 11190
 11191
 11191
 11192
 11192
 11192
 11193
 11194
 11196
 11196
 11198
 11199
 11205
 11207
 11208
 11211
 11212
 11212
 11216
 11217
 11217
 11220
 11221
 11222
 11223
 11225
 11225
 11227
 11232
 11233
 11235
 11235
 11239
 11240
 11240
 11240
 11241
 11241
 11245
 11246
 11247
 11247
 11254
 11254
 11256
 11257
 11260
 11260
 11261
 11263
 11265
 11265
 11268
 11268
 11268
 11276
 11276
 11281
 11283
 11283
 11284
 11286
 11287
 11287
 11287
 11287
 11288
 11288
 11289
 11291
 11293
 11295
 11297
 11297
 11297
 11298
 11299
 11301
 11302
 11304
 11306
 11306
 11307
 11308
 11309
 11313
 11314
 11316
 11317
 11324
 11326
 11329
 11330
 11332
 11338
 11340
 11340
 11341
 11343
 11345
 11358
 11369
 11374
 11384
 11387
 11389
 11398
 11403
 11407
 11407
 11407
 11409
 11409
 11413
 11420
 11422
 11424
 11424
 11425
 11433
 11434
 11435
 11436
 11437
 11437
 11438
 11440
 11441
 11442
 11446
 11446
 11448
 11449
 11451
 11454
 11454
 11455
 11456
 11456
 11456
 11458
 11460
 11460
 11462
 11462
 11464
 11465
 11468
 11472
 11472
 11473
 11473
 11475
 11476
 11476
 11481
 11483
 11484
 11488
 11489
 11489
 11490
 11492
 11492
 11493
 11493
 11499
 11501
 11503
 11505
 11508
 11510
 11512
 11514
 11515
 11516
 11518
 11520
 11521
 11527
 11531
 11532
 11535
 11538
 11540
 11541
 11542
 11543
 11545
 11554
 11554
 11554
 11554
 11555
 11561
 11563
 11564
 11564
 11564
 11565
 11566
 11567
 11569
 11573
 11574
 11575
 11577
 11579
 11579
 11582
 11583
 11584
 11584
 11584
 11585
 11590
 11591
 11591
 11596
 11597
 11597
 11601
 11602
 11613
 11613
 11615
 11622
 11623
 11629
 11631
 11633
 11641
 11642
 11645
 11646
 11646
 11647
 11653
 11654
 11655
 11656
 11657
 11660
 11661
 11663
 11664
 11666
 11668
 11668
 11668
 11668
 11673
 11673
 11675
 11676
 11679
 11680
 11682
 11682
 11683
 11683
 11685
 11686
 11689
 11695
 11696
 11697
 11700
 11701
 11702
 11702
 11703
 11703
 11703
 11705
 11706
 11707
 11711
 11711
 11712
 11712
 11714
 11715
 11716
 11718
 11719
 11721
 11725
 11729
 11730
 11734
 11735
 11736
 11736
 11738
 11743
 11743
 11744
 11748
 11750
 11754
 11757
 11760
 11761
 11762
 11763
 11763
 11765
 11767
 11768
 11768
 11768
 11769
 11772
 11773
 11774
 11774
 11780
 11783
 11784
 11785
 11787
 11787
 11789
 11791
 11793
 11794
 11794
 11796
 11799
 11802
 11802
 11803
 11803
 11809
 11810
 11811
 11812
 11813
 11814
 11815
 11817
 11817
 11819
 11822
 11822
 11825
 11826
 11829
 11831
 11832
 11833
 11839
 11839
 11839
 11842
 11843
 11845
 11846
 11846
 11847
 11847
 11848
 11848
 11848
 11849
 11854
 11854
 11855
 11855
 11856
 11857
 11858
 11859
 11859
 11859
 11862
 11863
 11866
 11868
 11869
 11871
 11873
 11875
 11876
 11877
 11880
 11880
 11883
 11885
 11888
 11888
 11890
 11895
 11897
 11898
 11898
 11898
 11902
 11903
 11905
 11908
 11909
 11910
 11910
 11912
 11914
 11914
 11915
 11916
 11919
 11919
 11923
 11927
 11928
 11930
 11931
 11932
 11932
 11933
 11936
 11942
 11943
 11943
 11945
 11947
 11950
 11952
 11953
 11954
 11961
 11961
 11961
 11963
 11965
 11965
 11968
 11972
 11972
 11973
 11977
 11978
 11979
 11980
 11981
 11981
 11982
 11984
 11985
 11985
 11992
 11992
 11998
 11999
 12001
 12002
 12003
 12003
 12004
 12007
 12008
 12014
 12014
 12015
 12019
 12021
 12024
 12026
 12029
 12030
 12032
 12036
 12039
 12039
 12040
 12041
 12042
 12045
 12046
 12049
 12052
 12053
 12053
 12054
 12054
 12055
 12055
 12059
 12059
 12060
 12061
 12061
 12063
 12063
 12068
 12070
 12070
 12073
 12075
 12076
 12078
 12080
 12080
 12082
 12084
 12084
 12084
 12086
 12087
 12089
 12090
 12091
 12098
 12101
 12102
 12102
 12103
 12105
 12106
 12108
 12111
 12120
 12121
 12122
 12122
 12123
 12129
 12131
 12131
 12133
 12133
 12133
 12134
 12135
 12135
 12135
 12137
 12138
 12139
 12140
 12140
 12144
 12144
 12148
 12148
 12148
 12148
 12148
 12149
 12150
 12150
 12151
 12152
 12155
 12157
 12158
 12161
 12164
 12165
 12166
 12170
 12170
 12171
 12173
 12173
 12177
 12177
 12181
 12183
 12185
 12185
 12188
 12189
 12192
 12195
 12197
 12198
 12199
 12200
 12202
 12204
 12205
 12206
 12206
 12207
 12213
 12220
 12221
 12221
 12221
 12227
 12227
 12229
 12230
 12230
 12235
 12236
 12241
 12241
 12243
 12244
 12244
 12245
 12245
 12245
 12246
 12246
 12246
 12248
 12248
 12252
 12254
 12256
 12256
 12256
 12257
 12262
 12266
 12266
 12270
 12271
 12274
 12274
 12274
 12278
 12280
 12282
 12283
 12286
 12291
 12294
 12296
 12299
 12302
 12307
 12311
 12313
 12314
 12314
 12316
 12318
 12318
 12320
 12321
 12324
 12324
 12327
 12329
 12329
 12329
 12330
 12331
 12333
 12333
 12334
 12340
 12341
 12344
 12347
 12347
 12347
 12350
 12351
 12351
 12351
 12352
 12354
 12355
 12356
 12359
 12364
 12364
 12366
 12367
 12368
 12369
 12371
 12371
 12371
 12373
 12378
 12379
 12379
 12384
 12388
 12388
 12396
 12398
 12401
 12401
 12403
 12404
 12404
 12406
 12407
 12410
 12410
 12411
 12412
 12412
 12415
 12415
 12415
 12417
 12423
 12426
 12428
 12429
 12430
 12430
 12431
 12434
 12435
 12436
 12441
 12444
 12447
 12447
 12449
 12449
 12452
 12453
 12455
 12455
 12456
 12458
 12464
 12467
 12469
 12470
 12472
 12476
 12477
 12477
 12482
 12486
 12487
 12493
 12493
 12496
 12496
 12498
 12498
 12499
 12500
 12500
 12502
 12502
 12503
 12503
 12504
 12505
 12505
 12506
 12507
 12507
 12508
 12511
 12511
 12514
 12514
 12515
 12521
 12522
 12523
 12523
 12523
 12524
 12524
 12527
 12532
 12533
 12533
 12534
 12534
 12537
 12538
 12541
 12543
 12546
 12546
 12548
 12549
 12549
 12553
 12553
 12553
 12554
 12554
 12554
 12556
 12561
 12563
 12565
 12567
 12567
 12568
 12568
 12572
 12573
 12574
 12575
 12576
 12576
 12577
 12578
 12579
 12581
 12582
 12582
 12584
 12586
 12588
 12590
 12592
 12595
 12596
 12601
 12603
 12604
 12604
 12605
 12606
 12608
 12609
 12609
 12609
 12615
 12618
 12618
 12619
 12623
 12623
 12623
 12625
 12625
 12629
 12631
 12633
 12634
 12634
 12636
 12638
 12638
 12638
 12639
 12640
 12640
 12641
 12642
 12643
 12643
 12644
 12645
 12647
 12651
 12655
 12659
 12661
 12662
 12663
 12666
 12667
 12667
 12668
 12669
 12671
 12671
 12672
 12672
 12674
 12674
 12675
 12676
 12677
 12678
 12680
 12686
 12687
 12689
 12693
 12697
 12699
 12699
 12702
 12706
 12713
 12717
 12722
 12725
 12726
 12726
 12727
 12727
 12729
 12729
 12730
 12730
 12732
 12734
 12736
 12736
 12736
 12738
 12739
 12741
 12741
 12744
 12745
 12746
 12746
 12748
 12750
 12751
 12751
 12752
 12753
 12758
 12759
 12763
 12764
 12769
 12769
 12770
 12771
 12773
 12775
 12777
 12781
 12785
 12785
 12785
 12792
 12793
 12796
 12798
 12803
 12803
 12803
 12804
 12804
 12807
 12811
 12815
 12817
 12820
 12820
 12820
 12821
 12822
 12824
 12824
 12826
 12828
 12832
 12833
 12837
 12840
 12842
 12843
 12845
 12845
 12847
 12848
 12848
 12851
 12852
 12852
 12853
 12853
 12858
 12859
 12861
 12865
 12865
 12866
 12867
 12867
 12868
 12869
 12872
 12874
 12875
 12876
 12877
 12877
 12877
 12878
 12880
 12880
 12881
 12881
 12881
 12882
 12883
 12885
 12888
 12891
 12894
 12895
 12895
 12896
 12898
 12900
 12901
 12905
 12907
 12908
 12908
 12914
 12915
 12923
 12928
 12928
 12929
 12933
 12933
 12936
 12940
 12945
 12946
 12946
 12947
 12955
 12956
 12956
 12957
 12961
 12962
 12962
 12964
 12966
 12967
 12974
 12974
 12975
 12976
 12976
 12976
 12981
 12983
 12984
 12985
 12985
 12987
 12990
 12995
 12997
 12997
 12999
 13002
 13003
 13003
 13005
 13005
 13006
 13009
 13010
 13011
 13013
 13013
 13014
 13015
 13016
 13017
 13018
 13018
 13020
 13021
 13023
 13025
 13025
 13029
 13031
 13034
 13034
 13039
 13041
 13042
 13042
 13043
 13044
 13044
 13047
 13049
 13051
 13051
 13052
 13054
 13055
 13058
 13059
 13059
 13062
 13064
 13066
 13068
 13068
 13070
 13070
 13071
 13073
 13073
 13075
 13075
 13075
 13080
 13081
 13082
 13083
 13084
 13088
 13090
 13091
 13091
 13091
 13095
 13095
 13097
 13097
 13097
 13100
 13100
 13106
 13106
 13110
 13111
 13112
 13116
 13116
 13118
 13121
 13124
 13124
 13124
 13125
 13128
 13129
 13130
 13131
 13133
 13134
 13135
 13138
 13140
 13144
 13149
 13150
 13150
 13154
 13155
 13156
 13157
 13159
 13165
 13166
 13167
 13167
 13167
 13168
 13170
 13173
 13174
 13175
 13179
 13179
 13180
 13180
 13181
 13184
 13187
 13194
 13200
 13200
 13200
 13204
 13205
 13207
 13207
 13208
 13209
 13210
 13213
 13214
 13215
 13216
 13219
 13225
 13227
 13227
 13227
 13229
 13229
 13231
 13236
 13239
 13243
 13247
 13249
 13249
 13255
 13256
 13256
 13257
 13259
 13259
 13259
 13261
 13261
 13262
 13264
 13266
 13266
 13267
 13271
 13275
 13276
 13277
 13278
 13282
 13282
 13287
 13289
 13294
 13294
 13294
 13302
 13303
 13305
 13306
 13306
 13307
 13311
 13311
 13319
 13320
 13325
 13325
 13325
 13326
 13326
 13327
 13329
 13336
 13338
 13338
 13338
 13338
 13340
 13345
 13345
 13347
 13351
 13352
 13352
 13357
 13360
 13362
 13362
 13363
 13363
 13367
 13370
 13371
 13372
 13375
 13377
 13377
 13377
 13381
 13381
 13382
 13383
 13386
 13389
 13390
 13392
 13399
 13401
 13402
 13403
 13404
 13407
 13407
 13410
 13411
 13416
 13417
 13418
 13424
 13424
 13429
 13430
 13430
 13437
 13438
 13439
 13439
 13439
 13440
 13442
 13448
 13455
 13455
 13456
 13459
 13460
 13462
 13464
 13464
 13465
 13465
 13468
 13472
 13473
 13473
 13474
 13478
 13478
 13479
 13480
 13480
 13482
 13482
 13483
 13483
 13484
 13486
 13489
 13489
 13489
 13490
 13491
 13492
 13493
 13496
 13496
 13497
 13498
 13499
 13500
 13500
 13505
 13509
 13510
 13513
 13513
 13514
 13517
 13517
 13520
 13522
 13526
 13528
 13530
 13532
 13532
 13532
 13533
 13537
 13544
 13548
 13548
 13549
 13552
 13557
 13557
 13559
 13560
 13561
 13561
 13565
 13567
 13567
 13568
 13569
 13571
 13573
 13574
 13574
 13576
 13579
 13579
 13580
 13581
 13582
 13583
 13586
 13586
 13587
 13589
 13593
 13595
 13598
 13603
 13604
 13604
 13604
 13609
 13609
 13609
 13611
 13615
 13617
 13618
 13619
 13625
 13625
 13631
 13632
 13632
 13633
 13635
 13642
 13643
 13644
 13646
 13646
 13649
 13650
 13650
 13651
 13651
 13653
 13655
 13655
 13657
 13658
 13662
 13663
 13664
 13668
 13672
 13676
 13677
 13677
 13678
 13678
 13681
 13685
 13685
 13686
 13686
 13691
 13698
 13699
 13700
 13704
 13705
 13708
 13708
 13708
 13714
 13716
 13719
 13720
 13721
 13730
 13731
 13734
 13734
 13738
 13742
 13742
 13743
 13749
 13753
 13755
 13756
 13761
 13762
 13763
 13763
 13769
 13773
 13774
 13779
 13780
 13781
 13784
 13786
 13788
 13788
 13789
 13793
 13793
 13799
 13801
 13801
 13804
 13805
 13805
 13805
 13809
 13809
 13810
 13810
 13811
 13814
 13822
 13823
 13827
 13828
 13828
 13829
 13830
 13830
 13832
 13833
 13836
 13840
 13846
 13846
 13848
 13849
 13851
 13851
 13852
 13853
 13854
 13855
 13855
 13858
 13860
 13860
 13860
 13861
 13863
 13868
 13869
 13870
 13875
 13875
 13876
 13876
 13878
 13881
 13881
 13886
 13888
 13891
 13909
 13910
 13917
 13919
 13925
 13928
 13931
 13938
 13940
 13943
 13943
 13944
 13946
 13947
 13948
 13948
 13950
 13951
 13952
 13954
 13956
 13956
 13957
 13958
 13960
 13962
 13965
 13965
 13965
 13966
 13966
 13967
 13967
 13969
 13970
 13970
 13972
 13973
 13978
 13978
 13978
 13979
 13983
 13988
 13988
 13988
 13989
 13992
 13993
 13997
 14005
 14005
 14006
 14010
 14010
 14012
 14013
 14013
 14015
 14018
 14020
 14021
 14021
 14023
 14026
 14027
 14030
 14030
 14030
 14034
 14035
 14038
 14039
 14040
 14040
 14040
 14048
 14049
 14050
 14052
 14053
 14054
 14055
 14055
 14057
 14058
 14059
 14059
 14061
 14062
 14065
 14065
 14066
 14073
 14073
 14073
 14074
 14074
 14074
 14074
 14075
 14079
 14080
 14083
 14091
 14092
 14092
 14093
 14093
 14097
 14097
 14105
 14107
 14107
 14108
 14108
 14111
 14112
 14112
 14113
 14116
 14117
 14120
 14124
 14129
 14129
 14131
 14132
 14132
 14133
 14134
 14135
 14140
 14141
 14145
 14149
 14149
 14151
 14153
 14154
 14157
 14158
 14159
 14164
 14165
 14165
 14166
 14170
 14170
 14170
 14171
 14173
 14173
 14175
 14175
 14175
 14177
 14178
 14179
 14181
 14181
 14181
 14182
 14183
 14183
 14184
 14187
 14187
 14189
 14193
 14195
 14196
 14197
 14198
 14198
 14199
 14201
 14203
 14203
 14203
 14204
 14209
 14211
 14211
 14215
 14218
 14218
 14220
 14220
 14221
 14224
 14231
 14232
 14236
 14237
 14238
 14239
 14241
 14243
 14245
 14248
 14251
 14252
 14252
 14253
 14255
 14255
 14257
 14265
 14267
 14268
 14271
 14272
 14273
 14275
 14277
 14277
 14279
 14279
 14281
 14281
 14282
 14283
 14284
 14286
 14289
 14290
 14290
 14290
 14293
 14293
 14293
 14294
 14294
 14296
 14299
 14304
 14305
 14306
 14306
 14307
 14308
 14309
 14311
 14313
 14317
 14319
 14319
 14321
 14322
 14322
 14322
 14323
 14326
 14327
 14329
 14332
 14337
 14341
 14342
 14343
 14347
 14349
 14350
 14351
 14353
 14353
 14354
 14356
 14357
 14357
 14358
 14359
 14361
 14362
 14366
 14367
 14368
 14368
 14368
 14369
 14369
 14370
 14375
 14377
 14380
 14381
 14391
 14392
 14392
 14394
 14396
 14396
 14396
 14398
 14398
 14401
 14405
 14407
 14408
 14410
 14410
 14412
 14415
 14421
 14425
 14428
 14429
 14431
 14432
 14433
 14437
 14439
 14440
 14442
 14442
 14442
 14443
 14444
 14449
 14449
 14450
 14452
 14453
 14456
 14457
 14457
 14458
 14459
 14459
 14460
 14463
 14464
 14464
 14464
 14465
 14467
 14476
 14477
 14477
 14481
 14484
 14486
 14488
 14488
 14491
 14492
 14493
 14496
 14498
 14500
 14500
 14504
 14507
 14510
 14511
 14511
 14512
 14512
 14516
 14517
 14519
 14519
 14522
 14523
 14523
 14525
 14527
 14529
 14530
 14530
 14531
 14532
 14532
 14533
 14535
 14537
 14538
 14539
 14539
 14540
 14541
 14542
 14543
 14545
 14548
 14549
 14550
 14551
 14553
 14554
 14555
 14556
 14557
 14558
 14559
 14561
 14562
 14565
 14567
 14569
 14573
 14575
 14576
 14578
 14580
 14583
 14584
 14584
 14584
 14584
 14585
 14588
 14590
 14590
 14594
 14595
 14598
 14598
 14600
 14602
 14603
 14604
 14608
 14608
 14609
 14610
 14613
 14614
 14615
 14615
 14616
 14618
 14618
 14624
 14624
 14624
 14625
 14628
 14628
 14631
 14633
 14635
 14636
 14636
 14636
 14639
 14647
 14649
 14651
 14654
 14655
 14657
 14659
 14661
 14661
 14662
 14664
 14665
 14668
 14672
 14673
 14675
 14683
 14684
 14686
 14687
 14687
 14689
 14689
 14691
 14692
 14694
 14696
 14701
 14703
 14705
 14707
 14709
 14710
 14710
 14711
 14714
 14715
 14716
 14717
 14718
 14719
 14721
 14723
 14724
 14726
 14728
 14728
 14732
 14735
 14736
 14742
 14743
 14745
 14745
 14750
 14751
 14753
 14759
 14759
 14764
 14766
 14767
 14768
 14769
 14774
 14774
 14777
 14778
 14781
 14781
 14782
 14783
 14789
 14790
 14791
 14794
 14797
 14798
 14798
 14800
 14801
 14801
 14802
 14803
 14804
 14804
 14805
 14809
 14813
 14814
 14817
 14817
 14824
 14833
 14833
 14835
 14840
 14843
 14843
 14846
 14847
 14849
 14851
 14853
 14854
 14855
 14857
 14858
 14858
 14858
 14860
 14862
 14864
 14866
 14868
 14869
 14869
 14870
 14870
 14871
 14871
 14871
 14873
 14874
 14875
 14877
 14877
 14878
 14878
 14879
 14888
 14888
 14889
 14895
 14895
 14896
 14897
 14899
 14901
 14904
 14904
 14904
 14905
 14905
 14910
 14912
 14913
 14913
 14915
 14915
 14918
 14923
 14926
 14927
 14928
 14929
 14930
 14930
 14931
 14933
 14933
 14933
 14933
 14935
 14936
 14936
 14937
 14941
 14944
 14947
 14948
 14950
 14950
 14953
 14955
 14958
 14958
 14959
 14960
 14962
 14968
 14968
 14971
 14971
 14973
 14973
 14978
 14980
 14983
 14986
 14986
 14993
 14995
 14996
 14996
 14997
 15005
 15009
 15010
 15011
 15016
 15019
 15019
 15019
 15022
 15024
 15026
 15028
 15029
 15030
 15032
 15034
 15037
 15040
 15042
 15043
 15043
 15044
 15048
 15052
 15053
 15054
 15054
 15058
 15065
 15066
 15069
 15073
 15077
 15079
 15085
 15086
 15086
 15090
 15095
 15097
 15100
 15101
 15103
 15104
 15105
 15106
 15108
 15108
 15110
 15111
 15111
 15115
 15116
 15117
 15117
 15122
 15122
 15123
 15124
 15127
 15130
 15130
 15133
 15133
 15133
 15134
 15134
 15139
 15142
 15144
 15146
 15146
 15146
 15147
 15149
 15149
 15149
 15152
 15153
 15155
 15158
 15160
 15161
 15161
 15162
 15163
 15170
 15171
 15171
 15174
 15174
 15177
 15179
 15179
 15181
 15187
 15188
 15190
 15194
 15195
 15195
 15196
 15198
 15199
 15203
 15207
 15207
 15208
 15208
 15209
 15209
 15211
 15213
 15214
 15217
 15220
 15221
 15224
 15229
 15229
 15233
 15233
 15235
 15235
 15239
 15241
 15241
 15242
 15244
 15245
 15246
 15250
 15251
 15251
 15252
 15252
 15254
 15256
 15256
 15260
 15261
 15263
 15263
 15265
 15266
 15268
 15268
 15269
 15269
 15273
 15274
 15275
 15278
 15281
 15282
 15287
 15288
 15297
 15298
 15298
 15299
 15299
 15300
 15304
 15305
 15305
 15306
 15306
 15307
 15308
 15310
 15311
 15312
 15313
 15317
 15319
 15320
 15320
 15321
 15323
 15327
 15327
 15329
 15329
 15330
 15331
 15333
 15333
 15335
 15343
 15344
 15348
 15348
 15352
 15353
 15354
 15354
 15356
 15357
 15358
 15358
 15359
 15361
 15361
 15362
 15363
 15368
 15369
 15370
 15374
 15374
 15375
 15377
 15377
 15378
 15385
 15387
 15389
 15390
 15392
 15394
 15395
 15396
 15398
 15399
 15401
 15405
 15407
 15409
 15413
 15419
 15420
 15423
 15423
 15428
 15430
 15432
 15432
 15433
 15433
 15433
 15438
 15439
 15443
 15444
 15445
 15445
 15446
 15449
 15450
 15450
 15452
 15453
 15453
 15456
 15458
 15461
 15461
 15462
 15462
 15465
 15466
 15468
 15472
 15475
 15475
 15475
 15476
 15478
 15479
 15479
 15479
 15481
 15482
 15483
 15484
 15488
 15490
 15491
 15491
 15498
 15500
 15500
 15500
 15502
 15505
 15507
 15511
 15512
 15512
 15514
 15517
 15518
 15520
 15522
 15524
 15524
 15526
 15527
 15529
 15529
 15530
 15533
 15534
 15534
 15537
 15540
 15541
 15544
 15545
 15546
 15547
 15558
 15561
 15565
 15566
 15567
 15569
 15571
 15576
 15579
 15580
 15581
 15581
 15582
 15584
 15586
 15587
 15590
 15591
 15592
 15592
 15594
 15595
 15596
 15597
 15599
 15600
 15603
 15603
 15604
 15608
 15617
 15618
 15619
 15619
 15622
 15623
 15626
 15627
 15630
 15631
 15636
 15637
 15638
 15642
 15645
 15646
 15652
 15654
 15660
 15661
 15663
 15667
 15670
 15671
 15672
 15675
 15676
 15677
 15678
 15679
 15679
 15680
 15683
 15684
 15693
 15693
 15695
 15695
 15698
 15702
 15702
 15704
 15705
 15709
 15710
 15712
 15714
 15715
 15720
 15720
 15721
 15725
 15727
 15729
 15731
 15732
 15734
 15735
 15737
 15738
 15740
 15740
 15741
 15744
 15745
 15747
 15750
 15752
 15756
 15758
 15759
 15762
 15764
 15764
 15766
 15769
 15769
 15778
 15780
 15781
 15786
 15791
 15792
 15794
 15795
 15799
 15801
 15802
 15802
 15805
 15805
 15808
 15812
 15815
 15817
 15823
 15825
 15826
 15826
 15827
 15828
 15829
 15829
 15829
 15833
 15836
 15839
 15839
 15840
 15840
 15841
 15843
 15844
 15846
 15847
 15850
 15851
 15854
 15854
 15854
 15858
 15862
 15865
 15866
 15867
 15869
 15871
 15873
 15875
 15882
 15884
 15885
 15891
 15891
 15892
 15894
 15900
 15901
 15902
 15907
 15910
 15911
 15911
 15916
 15917
 15919
 15923
 15924
 15924
 15925
 15925
 15926
 15933
 15933
 15937
 15938
 15943
 15945
 15946
 15946
 15949
 15956
 15956
 15956
 15967
 15969
 15979
 15980
 15980
 15985
 15986
 15987
 15988
 15989
 15990
 15993
 15994
 15994
 15994
 15994
 15995
 15997
 15998
 16002
 16003
 16003
 16007
 16008
 16008
 16009
 16010
 16012
 16013
 16013
 16016
 16018
 16024
 16024
 16026
 16027
 16031
 16031
 16033
 16037
 16038
 16041
 16044
 16047
 16047
 16049
 16051
 16053
 16056
 16056
 16057
 16058
 16061
 16061
 16063
 16065
 16066
 16066
 16067
 16067
 16069
 16070
 16070
 16071
 16076
 16079
 16086
 16088
 16090
 16093
 16095
 16096
 16100
 16101
 16101
 16109
 16109
 16113
 16113
 16117
 16117
 16117
 16119
 16124
 16126
 16129
 16130
 16133
 16136
 16137
 16140
 16144
 16146
 16147
 16149
 16151
 16152
 16154
 16158
 16166
 16166
 16167
 16167
 16168
 16173
 16174
 16175
 16178
 16180
 16185
 16186
 16187
 16187
 16190
 16194
 16194
 16195
 16195
 16196
 16201
 16202
 16202
 16203
 16204
 16209
 16210
 16214
 16214
 16215
 16216
 16217
 16228
 16229
 16230
 16233
 16235
 16235
 16237
 16240
 16240
 16240
 16242
 16243
 16245
 16245
 16246
 16248
 16251
 16256
 16257
 16258
 16262
 16264
 16267
 16277
 16278
 16280
 16280
 16289
 16294
 16295
 16295
 16296
 16296
 16297
 16298
 16298
 16301
 16305
 16307
 16307
 16307
 16307
 16308
 16309
 16312
 16312
 16314
 16316
 16318
 16318
 16321
 16321
 16323
 16328
 16329
 16334
 16335
 16336
 16340
 16342
 16343
 16344
 16344
 16345
 16345
 16355
 16357
 16359
 16361
 16363
 16364
 16365
 16368
 16373
 16378
 16378
 16387
 16387
 16389
 16393
 16395
 16400
 16407
 16408
 16412
 16416
 16416
 16417
 16417
 16417
 16422
 16425
 16425
 16425
 16426
 16427
 16429
 16429
 16430
 16434
 16434
 16438
 16442
 16447
 16447
 16448
 16449
 16452
 16452
 16454
 16462
 16462
 16463
 16463
 16465
 16468
 16468
 16468
 16470
 16474
 16479
 16479
 16480
 16481
 16481
 16483
 16485
 16485
 16485
 16486
 16486
 16487
 16492
 16492
 16498
 16503
 16503
 16504
 16506
 16507
 16510
 16511
 16511
 16511
 16512
 16513
 16516
 16517
 16521
 16525
 16525
 16526
 16529
 16531
 16532
 16533
 16534
 16535
 16537
 16540
 16542
 16543
 16543
 16544
 16545
 16545
 16556
 16562
 16562
 16563
 16565
 16570
 16571
 16571
 16574
 16576
 16588
 16589
 16597
 16602
 16603
 16604
 16605
 16605
 16606
 16607
 16610
 16610
 16611
 16614
 16615
 16616
 16618
 16618
 16619
 16620
 16623
 16626
 16627
 16627
 16628
 16629
 16629
 16632
 16634
 16634
 16642
 16643
 16644
 16645
 16646
 16647
 16651
 16651
 16651
 16651
 16653
 16656
 16656
 16657
 16661
 16664
 16666
 16667
 16668
 16671
 16675
 16676
 16676
 16680
 16680
 16680
 16685
 16686
 16687
 16691
 16692
 16693
 16695
 16695
 16705
 16707
 16708
 16708
 16708
 16712
 16714
 16714
 16718
 16718
 16720
 16721
 16729
 16730
 16731
 16733
 16737
 16739
 16740
 16743
 16744
 16744
 16745
 16751
 16753
 16754
 16757
 16759
 16760
 16760
 16766
 16767
 16767
 16771
 16773
 16773
 16774
 16774
 16775
 16775
 16776
 16777
 16778
 16778
 16779
 16780
 16783
 16784
 16792
 16795
 16796
 16797
 16798
 16801
 16802
 16804
 16807
 16811
 16812
 16813
 16817
 16820
 16824
 16827
 16828
 16830
 16830
 16831
 16831
 16833
 16834
 16837
 16841
 16845
 16848
 16849
 16850
 16850
 16851
 16853
 16859
 16862
 16865
 16866
 16867
 16868
 16869
 16877
 16878
 16879
 16883
 16886
 16892
 16894
 16896
 16899
 16900
 16901
 16902
 16902
 16904
 16905
 16906
 16908
 16912
 16917
 16923
 16924
 16924
 16924
 16927
 16929
 16930
 16931
 16932
 16932
 16935
 16936
 16938
 16945
 16951
 16956
 16957
 16958
 16959
 16959
 16962
 16966
 16966
 16978
 16979
 16983
 16988
 16988
 16992
 16992
 16996
 16997
 16999
 17002
 17002
 17003
 17005
 17012
 17014
 17014
 17015
 17017
 17021
 17025
 17026
 17026
 17026
 17029
 17029
 17035
 17037
 17038
 17040
 17045
 17045
 17046
 17047
 17049
 17052
 17052
 17053
 17055
 17055
 17056
 17062
 17062
 17063
 17064
 17067
 17070
 17076
 17079
 17079
 17081
 17081
 17087
 17089
 17094
 17098
 17102
 17102
 17125
 17126
 17127
 17129
 17132
 17137
 17145
 17145
 17147
 17147
 17147
 17149
 17152
 17153
 17153
 17155
 17156
 17160
 17161
 17161
 17162
 17170
 17171
 17174
 17179
 17182
 17184
 17185
 17190
 17191
 17194
 17195
 17197
 17197
 17199
 17199
 17200
 17202
 17203
 17204
 17205
 17207
 17207
 17211
 17216
 17217
 17218
 17218
 17220
 17220
 17221
 17223
 17231
 17232
 17234
 17234
 17235
 17237
 17238
 17239
 17243
 17255
 17256
 17256
 17257
 17258
 17258
 17258
 17259
 17260
 17261
 17262
 17264
 17265
 17267
 17268
 17280
 17280
 17287
 17290
 17290
 17295
 17295
 17302
 17305
 17305
 17308
 17310
 17313
 17314
 17314
 17314
 17315
 17315
 17317
 17319
 17319
 17320
 17326
 17327
 17329
 17329
 17330
 17331
 17332
 17332
 17334
 17336
 17338
 17339
 17339
 17344
 17348
 17348
 17354
 17354
 17359
 17360
 17360
 17362
 17364
 17364
 17366
 17367
 17368
 17369
 17369
 17369
 17371
 17372
 17373
 17377
 17383
 17383
 17385
 17389
 17389
 17389
 17390
 17391
 17392
 17392
 17393
 17399
 17400
 17403
 17404
 17408
 17409
 17414
 17416
 17417
 17421
 17423
 17425
 17425
 17428
 17429
 17430
 17430
 17431
 17432
 17435
 17435
 17439
 17451
 17452
 17455
 17457
 17458
 17459
 17462
 17462
 17464
 17464
 17464
 17466
 17466
 17467
 17468
 17470
 17473
 17477
 17478
 17479
 17482
 17487
 17489
 17489
 17490
 17492
 17492
 17492
 17495
 17496
 17499
 17503
 17506
 17507
 17507
 17507
 17509
 17511
 17512
 17514
 17515
 17515
 17518
 17520
 17524
 17524
 17525
 17533
 17535
 17536
 17537
 17544
 17547
 17549
 17551
 17551
 17552
 17552
 17553
 17553
 17554
 17555
 17555
 17557
 17558
 17559
 17560
 17563
 17565
 17569
 17580
 17583
 17586
 17586
 17588
 17596
 17598
 17598
 17598
 17599
 17600
 17601
 17603
 17605
 17609
 17613
 17616
 17620
 17621
 17625
 17629
 17631
 17631
 17632
 17633
 17633
 17635
 17635
 17636
 17638
 17638
 17641
 17642
 17647
 17647
 17649
 17649
 17651
 17652
 17653
 17654
 17655
 17657
 17665
 17668
 17671
 17671
 17672
 17674
 17674
 17675
 17687
 17688
 17689
 17690
 17690
 17690
 17692
 17695
 17697
 17701
 17702
 17707
 17711
 17712
 17713
 17714
 17717
 17719
 17725
 17728
 17730
 17731
 17731
 17738
 17739
 17739
 17743
 17752
 17756
 17757
 17758
 17762
 17763
 17766
 17766
 17767
 17770
 17773
 17774
 17785
 17786
 17786
 17788
 17789
 17789
 17792
 17797
 17799
 17799
 17801
 17803
 17809
 17814
 17817
 17822
 17826
 17827
 17828
 17829
 17830
 17831
 17832
 17832
 17832
 17835
 17838
 17839
 17840
 17841
 17842
 17843
 17852
 17857
 17857
 17861
 17864
 17866
 17868
 17869
 17870
 17871
 17875
 17875
 17878
 17878
 17880
 17886
 17888
 17890
 17895
 17895
 17898
 17898
 17902
 17902
 17905
 17912
 17915
 17919
 17920
 17923
 17929
 17930
 17933
 17934
 17934
 17937
 17938
 17939
 17940
 17944
 17946
 17946
 17954
 17955
 17958
 17958
 17961
 17964
 17964
 17964
 17968
 17968
 17970
 17971
 17973
 17973
 17973
 17974
 17975
 17975
 17981
 17985
 17986
 17986
 17999
 18004
 18005
 18008
 18013
 18013
 18019
 18021
 18021
 18026
 18028
 18032
 18032
 18034
 18034
 18036
 18042
 18048
 18048
 18050
 18050
 18059
 18060
 18062
 18063
 18065
 18067
 18070
 18073
 18075
 18077
 18079
 18080
 18081
 18083
 18084
 18085
 18087
 18089
 18090
 18091
 18093
 18094
 18094
 18095
 18099
 18100
 18102
 18105
 18110
 18112
 18115
 18118
 18119
 18120
 18122
 18122
 18124
 18124
 18128
 18129
 18130
 18133
 18136
 18138
 18139
 18140
 18144
 18145
 18147
 18148
 18157
 18159
 18162
 18163
 18163
 18165
 18170
 18175
 18177
 18177
 18178
 18185
 18186
 18187
 18191
 18192
 18205
 18207
 18208
 18208
 18212
 18213
 18213
 18214
 18215
 18220
 18221
 18222
 18224
 18227
 18228
 18230
 18231
 18232
 18234
 18236
 18237
 18239
 18241
 18244
 18246
 18246
 18247
 18248
 18252
 18254
 18259
 18264
 18264
 18268
 18268
 18271
 18274
 18277
 18277
 18278
 18279
 18280
 18283
 18283
 18289
 18289
 18290
 18291
 18292
 18293
 18294
 18299
 18300
 18302
 18305
 18305
 18308
 18311
 18313
 18317
 18317
 18319
 18322
 18323
 18325
 18327
 18328
 18332
 18332
 18333
 18338
 18340
 18342
 18348
 18350
 18352
 18358
 18360
 18362
 18362
 18362
 18369
 18373
 18373
 18374
 18375
 18375
 18376
 18380
 18380
 18383
 18395
 18395
 18396
 18396
 18403
 18407
 18408
 18413
 18415
 18424
 18427
 18431
 18431
 18434
 18438
 18439
 18439
 18440
 18445
 18446
 18446
 18446
 18448
 18450
 18451
 18452
 18453
 18453
 18457
 18457
 18461
 18466
 18475
 18476
 18477
 18480
 18486
 18486
 18486
 18486
 18487
 18490
 18494
 18494
 18495
 18495
 18499
 18502
 18505
 18506
 18512
 18514
 18521
 18523
 18528
 18529
 18535
 18536
 18537
 18542
 18544
 18547
 18549
 18554
 18556
 18558
 18559
 18564
 18566
 18568
 18568
 18570
 18570
 18570
 18570
 18570
 18571
 18582
 18584
 18584
 18589
 18589
 18590
 18591
 18593
 18594
 18598
 18598
 18599
 18606
 18607
 18608
 18610
 18611
 18612
 18614
 18617
 18617
 18618
 18621
 18622
 18624
 18625
 18630
 18632
 18636
 18638
 18638
 18640
 18643
 18647
 18648
 18651
 18653
 18655
 18657
 18658
 18664
 18666
 18667
 18670
 18671
 18673
 18673
 18677
 18682
 18682
 18688
 18690
 18694
 18700
 18702
 18705
 18705
 18711
 18715
 18718
 18719
 18723
 18726
 18728
 18731
 18732
 18739
 18746
 18746
 18748
 18750
 18751
 18754
 18762
 18762
 18762
 18768
 18772
 18775
 18775
 18778
 18779
 18784
 18785
 18786
 18794
 18799
 18800
 18804
 18807
 18809
 18812
 18819
 18819
 18828
 18833
 18836
 18837
 18837
 18841
 18842
 18846
 18846
 18849
 18853
 18854
 18859
 18861
 18862
 18864
 18865
 18878
 18880
 18882
 18884
 18884
 18885
 18885
 18885
 18888
 18889
 18892
 18896
 18898
 18899
 18905
 18905
 18906
 18906
 18906
 18909
 18910
 18918
 18920
 18924
 18928
 18930
 18930
 18931
 18931
 18931
 18933
 18934
 18935
 18935
 18936
 18940
 18942
 18947
 18948
 18950
 18950
 18954
 18954
 18956
 18956
 18957
 18958
 18958
 18959
 18960
 18960
 18961
 18964
 18966
 18969
 18973
 18973
 18974
 18975
 18983
 18984
 18987
 18990
 18990
 18997
 18999
 19002
 19004
 19005
 19008
 19009
 19010
 19013
 19015
 19024
 19025
 19031
 19034
 19037
 19038
 19041
 19043
 19046
 19046
 19046
 19055
 19055
 19057
 19066
 19066
 19067
 19067
 19068
 19071
 19072
 19075
 19075
 19078
 19083
 19084
 19086
 19088
 19093
 19094
 19094
 19095
 19098
 19099
 19101
 19103
 19104
 19111
 19115
 19116
 19117
 19121
 19124
 19124
 19127
 19128
 19129
 19132
 19136
 19137
 19143
 19145
 19146
 19146
 19149
 19154
 19155
 19158
 19160
 19162
 19164
 19168
 19169
 19169
 19170
 19172
 19178
 19181
 19186
 19186
 19197
 19202
 19203
 19207
 19208
 19211
 19212
 19214
 19216
 19217
 19217
 19219
 19219
 19220
 19224
 19226
 19228
 19229
 19236
 19238
 19241
 19241
 19250
 19251
 19251
 19252
 19253
 19255
 19258
 19258
 19262
 19262
 19266
 19266
 19267
 19270
 19271
 19272
 19274
 19276
 19276
 19283
 19285
 19286
 19288
 19291
 19292
 19292
 19292
 19293
 19295
 19295
 19299
 19302
 19308
 19311
 19311
 19317
 19318
 19322
 19322
 19329
 19330
 19334
 19336
 19337
 19340
 19344
 19347
 19348
 19353
 19354
 19354
 19356
 19356
 19362
 19362
 19364
 19365
 19366
 19370
 19372
 19376
 19380
 19383
 19388
 19388
 19390
 19390
 19391
 19391
 19392
 19392
 19393
 19394
 19397
 19399
 19401
 19406
 19413
 19414
 19414
 19420
 19421
 19423
 19425
 19430
 19430
 19438
 19442
 19443
 19443
 19444
 19445
 19446
 19449
 19449
 19451
 19452
 19453
 19453
 19454
 19456
 19459
 19460
 19460
 19461
 19463
 19463
 19468
 19472
 19476
 19481
 19482
 19484
 19485
 19486
 19488
 19488
 19490
 19493
 19493
 19494
 19494
 19494
 19495
 19497
 19498
 19498
 19501
 19503
 19504
 19508
 19509
 19516
 19516
 19519
 19520
 19527
 19528
 19539
 19540
 19540
 19541
 19542
 19549
 19563
 19566
 19573
 19573
 19574
 19577
 19577
 19577
 19580
 19580
 19583
 19583
 19583
 19586
 19588
 19589
 19594
 19598
 19600
 19600
 19601
 19604
 19604
 19604
 19606
 19607
 19616
 19616
 19617
 19617
 19623
 19626
 19632
 19632
 19633
 19633
 19638
 19640
 19646
 19647
 19648
 19649
 19654
 19657
 19658
 19659
 19660
 19663
 19663
 19665
 19667
 19667
 19673
 19676
 19677
 19684
 19685
 19686
 19687
 19689
 19689
 19692
 19694
 19699
 19702
 19704
 19709
 19710
 19711
 19718
 19723
 19733
 19741
 19745
 19751
 19756
 19757
 19760
 19760
 19761
 19761
 19765
 19768
 19769
 19770
 19771
 19772
 19774
 19777
 19777
 19778
 19779
 19786
 19786
 19787
 19787
 19795
 19803
 19804
 19805
 19808
 19816
 19823
 19824
 19824
 19828
 19832
 19842
 19843
 19844
 19846
 19846
 19847
 19848
 19848
 19851
 19854
 19857
 19861
 19865
 19868
 19870
 19870
 19875
 19879
 19881
 19885
 19887
 19890
 19891
 19894
 19894
 19898
 19899
 19899
 19900
 19900
 19909
 19924
 19926
 19927
 19929
 19930
 19932
 19933
 19935
 19935
 19939
 19940
 19941
 19942
 19945
 19947
 19952
 19954
 19954
 19956
 19959
 19961
 19962
 19962
 19966
 19972
 19976
 19977
 19978
 19982
 19983
 19984
 19984
 19986
 19987
 19987
 19988
 20002
 20004
 20005
 20006
 20007
 20007
 20009
 20009
 20019
 20025
 20030
 20033
 20036
 20039
 20040
 20042
 20046
 20047
 20054
 20054
 20055
 20060
 20066
 20066
 20069
 20070
 20073
 20081
 20083
 20085
 20090
 20091
 20096
 20096
 20097
 20100
 20102
 20103
 20105
 20106
 20107
 20109
 20111
 20116
 20116
 20119
 20120
 20122
 20125
 20126
 20129
 20132
 20133
 20133
 20135
 20137
 20140
 20149
 20152
 20155
 20159
 20163
 20167
 20168
 20169
 20173
 20174
 20176
 20178
 20179
 20179
 20180
 20180
 20183
 20184
 20188
 20189
 20189
 20190
 20191
 20192
 20195
 20198
 20206
 20207
 20212
 20213
 20214
 20214
 20217
 20220
 20221
 20224
 20230
 20231
 20231
 20234
 20236
 20244
 20246
 20252
 20255
 20257
 20263
 20263
 20263
 20270
 20271
 20274
 20276
 20278
 20283
 20293
 20299
 20305
 20309
 20310
 20314
 20318
 20319
 20319
 20319
 20324
 20325
 20326
 20328
 20330
 20331
 20332
 20333
 20340
 20340
 20340
 20341
 20344
 20347
 20351
 20353
 20353
 20358
 20360
 20364
 20368
 20371
 20377
 20380
 20387
 20391
 20391
 20396
 20396
 20399
 20403
 20409
 20409
 20410
 20410
 20411
 20411
 20411
 20413
 20414
 20419
 20419
 20420
 20422
 20423
 20423
 20423
 20428
 20428
 20432
 20435
 20435
 20438
 20443
 20444
 20444
 20445
 20449
 20455
 20456
 20457
 20458
 20463
 20463
 20464
 20467
 20470
 20474
 20474
 20483
 20484
 20487
 20491
 20492
 20497
 20500
 20501
 20502
 20509
 20510
 20512
 20515
 20515
 20517
 20528
 20530
 20531
 20536
 20538
 20539
 20541
 20547
 20547
 20551
 20553
 20553
 20557
 20560
 20561
 20561
 20566
 20567
 20567
 20568
 20569
 20578
 20583
 20590
 20593
 20597
 20601
 20602
 20604
 20604
 20607
 20612
 20613
 20621
 20624
 20629
 20630
 20639
 20650
 20650
 20652
 20665
 20667
 20668
 20670
 20675
 20677
 20690
 20691
 20692
 20698
 20699
 20700
 20701
 20701
 20703
 20705
 20706
 20709
 20709
 20710
 20711
 20713
 20715
 20716
 20717
 20717
 20719
 20720
 20722
 20727
 20733
 20741
 20745
 20747
 20748
 20749
 20752
 20754
 20761
 20762
 20764
 20768
 20772
 20773
 20773
 20781
 20781
 20783
 20785
 20786
 20789
 20792
 20792
 20793
 20795
 20800
 20805
 20811
 20812
 20813
 20823
 20828
 20830
 20833
 20833
 20833
 20840
 20841
 20842
 20842
 20843
 20845
 20848
 20856
 20858
 20862
 20863
 20865
 20867
 20868
 20869
 20869
 20874
 20875
 20876
 20877
 20883
 20886
 20887
 20889
 20890
 20895
 20910
 20913
 20913
 20916
 20919
 20922
 20922
 20925
 20928
 20928
 20929
 20934
 20942
 20945
 20948
 20950
 20950
 20951
 20959
 20965
 20969
 20971
 20977
 20977
 20982
 20983
 20989
 20989
 20995
 20999
 21012
 21012
 21013
 21013
 21014
 21015
 21016
 21017
 21021
 21023
 21027
 21028
 21041
 21042
 21045
 21047
 21055
 21055
 21058
 21060
 21061
 21061
 21062
 21065
 21065
 21066
 21067
 21069
 21069
 21071
 21076
 21077
 21081
 21088
 21099
 21108
 21109
 21109
 21116
 21123
 21132
 21134
 21136
 21142
 21150
 21150
 21152
 21154
 21156
 21156
 21158
 21162
 21165
 21171
 21171
 21181
 21182
 21183
 21184
 21185
 21197
 21199
 21203
 21208
 21210
 21213
 21213
 21215
 21229
 21234
 21234
 21235
 21237
 21239
 21245
 21246
 21249
 21251
 21252
 21258
 21266
 21269
 21271
 21273
 21273
 21276
 21277
 21281
 21283
 21289
 21294
 21294
 21294
 21297
 21298
 21298
 21308
 21309
 21316
 21319
 21320
 21320
 21323
 21327
 21328
 21329
 21336
 21342
 21345
 21345
 21345
 21346
 21349
 21354
 21354
 21354
 21358
 21361
 21361
 21369
 21372
 21377
 21378
 21380
 21382
 21383
 21383
 21385
 21390
 21390
 21391
 21394
 21395
 21400
 21410
 21415
 21416
 21417
 21417
 21418
 21421
 21424
 21432
 21437
 21441
 21446
 21451
 21452
 21452
 21454
 21458
 21464
 21464
 21468
 21470
 21472
 21474
 21482
 21482
 21484
 21487
 21490
 21492
 21493
 21493
 21495
 21495
 21499
 21514
 21518
 21525
 21529
 21535
 21536
 21538
 21539
 21548
 21550
 21550
 21553
 21556
 21557
 21559
 21563
 21563
 21565
 21573
 21577
 21580
 21580
 21581
 21583
 21595
 21600
 21605
 21606
 21606
 21612
 21617
 21618
 21621
 21624
 21625
 21628
 21635
 21635
 21639
 21643
 21646
 21650
 21650
 21659
 21661
 21671
 21677
 21681
 21681
 21682
 21685
 21695
 21696
 21699
 21699
 21707
 21708
 21716
 21728
 21736
 21746
 21746
 21760
 21762
 21774
 21774
 21776
 21783
 21787
 21790
 21793
 21795
 21795
 21798
 21811
 21811
 21811
 21812
 21816
 21821
 21821
 21824
 21829
 21829
 21833
 21833
 21839
 21840
 21841
 21842
 21846
 21847
 21849
 21860
 21861
 21862
 21863
 21865
 21867
 21873
 21874
 21879
 21883
 21895
 21899
 21902
 21904
 21912
 21912
 21912
 21921
 21927
 21928
 21940
 21942
 21944
 21944
 21949
 21950
 21953
 21966
 21973
 21975
 21979
 21985
 21988
 21990
 21991
 21998
 22008
 22017
 22018
 22018
 22034
 22045
 22050
 22068
 22069
 22075
 22077
 22086
 22097
 22106
 22114
 22123
 22127
 22128
 22135
 22144
 22146
 22149
 22151
 22155
 22157
 22158
 22159
 22160
 22162
 22169
 22172
 22174
 22186
 22189
 22194
 22199
 22203
 22209
 22211
 22219
 22221
 22221
 22226
 22229
 22239
 22241
 22269
 22270
 22273
 22275
 22280
 22287
 22290
 22293
 22295
 22308
 22308
 22309
 22314
 22316
 22317
 22318
 22327
 22327
 22329
 22330
 22335
 22336
 22338
 22340
 22340
 22351
 22352
 22354
 22355
 22363
 22365
 22366
 22366
 22366
 22371
 22375
 22380
 22381
 22386
 22389
 22390
 22397
 22398
 22406
 22407
 22411
 22418
 22420
 22422
 22430
 22437
 22444
 22450
 22456
 22460
 22462
 22472
 22478
 22481
 22483
 22485
 22499
 22503
 22508
 22508
 22509
 22519
 22524
 22535
 22550
 22550
 22552
 22558
 22558
 22560
 22563
 22564
 22565
 22570
 22571
 22572
 22591
 22592
 22603
 22610
 22614
 22620
 22625
 22632
 22636
 22637
 22637
 22643
 22644
 22646
 22651
 22657
 22658
 22660
 22667
 22682
 22685
 22686
 22689
 22689
 22692
 22693
 22704
 22712
 22712
 22718
 22724
 22726
 22745
 22746
 22746
 22750
 22750
 22753
 22754
 22759
 22761
 22776
 22781
 22789
 22791
 22794
 22794
 22802
 22811
 22817
 22819
 22819
 22819
 22822
 22825
 22840
 22841
 22850
 22853
 22857
 22862
 22863
 22864
 22873
 22874
 22876
 22877
 22884
 22886
 22898
 22902
 22908
 22910
 22919
 22921
 22929
 22934
 22934
 22935
 22937
 22940
 22948
 22948
 22949
 22955
 22965
 22966
 22970
 22976
 22979
 22979
 22981
 22986
 22993
 22998
 23006
 23006
 23007
 23011
 23017
 23018
 23021
 23027
 23034
 23040
 23041
 23042
 23043
 23046
 23047
 23053
 23056
 23066
 23072
 23073
 23090
 23104
 23107
 23107
 23110
 23123
 23125
 23128
 23131
 23132
 23135
 23149
 23161
 23161
 23162
 23165
 23166
 23172
 23173
 23179
 23180
 23186
 23190
 23190
 23194
 23205
 23205
 23207
 23208
 23208
 23212
 23214
 23246
 23248
 23249
 23251
 23255
 23257
 23260
 23260
 23261
 23264
 23273
 23282
 23288
 23289
 23289
 23293
 23298
 23300
 23305
 23308
 23317
 23320
 23320
 23330
 23339
 23344
 23344
 23344
 23346
 23350
 23353
 23355
 23362
 23363
 23373
 23375
 23375
 23386
 23387
 23388
 23396
 23405
 23408
 23409
 23417
 23417
 23418
 23425
 23427
 23427
 23433
 23434
 23453
 23456
 23472
 23476
 23495
 23498
 23509
 23511
 23511
 23512
 23516
 23521
 23523
 23527
 23533
 23534
 23536
 23538
 23540
 23554
 23554
 23568
 23569
 23590
 23597
 23598
 23606
 23608
 23628
 23632
 23648
 23663
 23663
 23669
 23672
 23678
 23682
 23689
 23691
 23697
 23700
 23707
 23713
 23718
 23732
 23738
 23742
 23746
 23749
 23761
 23768
 23770
 23773
 23780
 23784
 23786
 23788
 23794
 23795
 23801
 23804
 23806
 23825
 23830
 23830
 23838
 23839
 23851
 23852
 23856
 23856
 23870
 23874
 23875
 23880
 23883
 23885
 23896
 23904
 23909
 23909
 23912
 23921
 23925
 23926
 23926
 23932
 23933
 23951
 23953
 23958
 23959
 23977
 23985
 23985
 23987
 24004
 24012
 24013
 24018
 24041
 24041
 24056
 24059
 24063
 24072
 24075
 24075
 24080
 24081
 24091
 24092
 24102
 24103
 24110
 24117
 24118
 24132
 24140
 24141
 24151
 24151
 24154
 24161
 24177
 24184
 24186
 24194
 24196
 24204
 24208
 24222
 24223
 24236
 24243
 24244
 24247
 24251
 24254
 24255
 24263
 24271
 24272
 24273
 24282
 24282
 24293
 24305
 24310
 24311
 24313
 24320
 24327
 24336
 24341
 24355
 24363
 24369
 24374
 24374
 24376
 24386
 24386
 24387
 24390
 24396
 24397
 24404
 24415
 24418
 24426
 24428
 24441
 24444
 24445
 24458
 24464
 24466
 24468
 24470
 24476
 24496
 24497
 24497
 24504
 24507
 24511
 24512
 24516
 24518
 24519
 24520
 24521
 24524
 24535
 24539
 24539
 24545
 24547
 24553
 24560
 24560
 24569
 24577
 24590
 24597
 24608
 24641
 24655
 24658
 24667
 24671
 24677
 24679
 24684
 24687
 24690
 24706
 24713
 24723
 24725
 24728
 24728
 24730
 24743
 24746
 24758
 24759
 24762
 24804
 24807
 24812
 24824
 24824
 24827
 24827
 24830
 24837
 24842
 24845
 24848
 24855
 24857
 24857
 24873
 24874
 24885
 24891
 24897
 24915
 24915
 24920
 24927
 24936
 24938
 24942
 24960
 24965
 24967
 24967
 24969
 24975
 24989
 25001
 25002
 25008
 25013
 25017
 25019
 25053
 25065
 25075
 25079
 25101
 25132
 25147
 25149
 25159
 25187
 25195
 25196
 25198
 25210
 25230
 25234
 25237
 25248
 25253
 25256
 25263
 25264
 25265
 25272
 25274
 25280
 25281
 25283
 25289
 25295
 25296
 25305
 25305
 25308
 25311
 25317
 25317
 25318
 25320
 25334
 25336
 25355
 25358
 25370
 25372
 25395
 25395
 25396
 25408
 25411
 25411
 25425
 25425
 25436
 25444
 25455
 25460
 25461
 25469
 25475
 25476
 25477
 25487
 25494
 25498
 25499
 25499
 25502
 25505
 25514
 25518
 25520
 25525
 25526
 25531
 25532
 25535
 25545
 25551
 25551
 25562
 25572
 25576
 25577
 25578
 25579
 25597
 25604
 25604
 25605
 25607
 25615
 25620
 25636
 25641
 25644
 25649
 25657
 25658
 25693
 25696
 25696
 25698
 25705
 25710
 25711
 25714
 25726
 25728
 25740
 25745
 25760
 25769
 25787
 25801
 25808
 25815
 25816
 25836
 25842
 25843
 25847
 25853
 25857
 25858
 25860
 25865
 25866
 25872
 25901
 25905
 25907
 25909
 25909
 25916
 25919
 25921
 25932
 25942
 25945
 25962
 25963
 25963
 25967
 25970
 25979
 26017
 26023
 26046
 26056
 26060
 26061
 26065
 26065
 26068
 26068
 26069
 26076
 26105
 26129
 26133
 26136
 26149
 26151
 26162
 26165
 26174
 26191
 26208
 26209
 26231
 26231
 26232
 26244
 26246
 26249
 26252
 26252
 26254
 26262
 26264
 26265
 26266
 26283
 26288
 26305
 26307
 26314
 26321
 26322
 26322
 26323
 26340
 26343
 26343
 26350
 26352
 26378
 26402
 26424
 26427
 26427
 26466
 26466
 26470
 26475
 26478
 26483
 26484
 26487
 26504
 26504
 26506
 26523
 26528
 26540
 26556
 26571
 26573
 26577
 26579
 26603
 26610
 26614
 26618
 26638
 26642
 26657
 26659
 26661
 26664
 26679
 26683
 26683
 26692
 26703
 26710
 26738
 26742
 26743
 26743
 26758
 26784
 26808
 26821
 26824
 26825
 26825
 26825
 26827
 26847
 26852
 26861
 26865
 26874
 26880
 26889
 26940
 26962
 26969
 26977
 26984
 26996
 27000
 27003
 27008
 27009
 27022
 27029
 27076
 27114
 27117
 27147
 27179
 27186
 27190
 27212
 27219
 27220
 27263
 27267
 27267
 27309
 27316
 27324
 27329
 27339
 27350
 27360
 27360
 27380
 27384
 27394
 27419
 27426
 27431
 27440
 27443
 27444
 27486
 27493
 27501
 27518
 27528
 27553
 27560
 27577
 27578
 27579
 27581
 27585
 27594
 27633
 27637
 27641
 27645
 27651
 27657
 27673
 27684
 27711
 27731
 27755
 27786
 27793
 27794
 27806
 27845
 27854
 27867
 27873
 27920
 27923
 27925
 27927
 27937
 27961
 27980
 27988
 28001
 28010
 28039
 28046
 28062
 28064
 28085
 28094
 28109
 28119
 28121
 28128
 28192
 28302
 28318
 28324
 28352
 28367
 28372
 28373
 28388
 28412
 28414
 28471
 28506
 28522
 28528
 28531
 28538
 28551
 28599
 28604
 28692
 28712
 28729
 28740
 28753
 28774
 28776
 28808
 28825
 28828
 28857
 28887
 28904
 28952
 28977
 28994
 29129
 29165
 29269
 29304
 29418
 29455
 29540
 29570
 29585
 29644
 29679
