 22
 231
 264
 299
 309
 447
 451
 486
 548
 616
 650
 714
 751
 777
 783
 787
 809
 830
 831
 847
 930
 946
 955
 998
 1004
 1012
 1020
 1049
 1051
 1066
 1076
 1093
 1109
 1137
 1161
 1211
 1217
 1229
 1237
 1247
 1251
 1273
 1274
 1278
 1284
 1292
 1297
 1304
 1321
 1326
 1352
 1374
 1395
 1407
 1418
 1431
 1458
 1458
 1474
 1474
 1491
 1492
 1501
 1504
 1539
 1542
 1543
 1550
 1555
 1561
 1578
 1583
 1585
 1594
 1604
 1605
 1609
 1616
 1629
 1630
 1636
 1643
 1648
 1658
 1661
 1665
 1667
 1672
 1687
 1695
 1702
 1718
 1719
 1724
 1734
 1737
 1744
 1745
 1751
 1752
 1758
 1764
 1804
 1806
 1810
 1825
 1859
 1880
 1881
 1888
 1898
 1903
 1932
 1982
 1983
 1984
 1986
 2016
 2017
 2049
 2055
 2067
 2072
 2077
 2083
 2083
 2101
 2103
 2123
 2155
 2157
 2171
 2196
 2196
 2197
 2206
 2214
 2226
 2226
 2232
 2237
 2243
 2247
 2256
 2266
 2271
 2275
 2280
 2280
 2288
 2298
 2307
 2310
 2311
 2327
 2333
 2344
 2345
 2352
 2358
 2362
 2363
 2383
 2384
 2395
 2399
 2408
 2425
 2425
 2428
 2432
 2438
 2446
 2452
 2455
 2458
 2468
 2469
 2471
 2472
 2476
 2476
 2479
 2480
 2481
 2482
 2482
 2498
 2508
 2512
 2519
 2523
 2527
 2531
 2533
 2534
 2539
 2542
 2544
 2549
 2564
 2570
 2573
 2579
 2593
 2594
 2601
 2605
 2624
 2625
 2644
 2649
 2657
 2663
 2666
 2667
 2671
 2673
 2673
 2675
 2680
 2685
 2685
 2690
 2693
 2694
 2703
 2707
 2714
 2724
 2728
 2728
 2730
 2737
 2743
 2749
 2759
 2765
 2767
 2769
 2770
 2773
 2791
 2792
 2793
 2800
 2813
 2816
 2817
 2824
 2827
 2839
 2841
 2844
 2847
 2847
 2853
 2855
 2857
 2858
 2862
 2864
 2866
 2871
 2876
 2882
 2883
 2884
 2886
 2887
 2887
 2888
 2890
 2893
 2895
 2902
 2905
 2918
 2919
 2920
 2922
 2925
 2930
 2939
 2949
 2952
 2970
 2971
 2978
 2979
 2984
 2992
 3004
 3020
 3021
 3023
 3035
 3035
 3036
 3040
 3050
 3050
 3051
 3055
 3057
 3069
 3070
 3072
 3077
 3079
 3083
 3086
 3089
 3091
 3100
 3107
 3115
 3121
 3125
 3129
 3132
 3137
 3141
 3147
 3148
 3156
 3163
 3169
 3174
 3175
 3176
 3179
 3182
 3188
 3191
 3195
 3199
 3203
 3207
 3211
 3212
 3217
 3221
 3222
 3223
 3227
 3239
 3240
 3247
 3250
 3265
 3273
 3278
 3282
 3293
 3302
 3307
 3311
 3319
 3326
 3328
 3343
 3348
 3350
 3356
 3360
 3360
 3364
 3368
 3380
 3393
 3403
 3407
 3411
 3414
 3422
 3422
 3424
 3429
 3434
 3450
 3450
 3455
 3462
 3462
 3463
 3464
 3465
 3474
 3476
 3476
 3479
 3485
 3488
 3491
 3493
 3494
 3495
 3499
 3502
 3506
 3507
 3509
 3509
 3511
 3527
 3529
 3534
 3541
 3549
 3555
 3556
 3557
 3572
 3582
 3583
 3589
 3589
 3604
 3610
 3615
 3615
 3618
 3624
 3631
 3650
 3653
 3661
 3661
 3666
 3668
 3671
 3676
 3676
 3683
 3683
 3684
 3684
 3687
 3691
 3693
 3694
 3695
 3705
 3708
 3722
 3722
 3723
 3727
 3740
 3748
 3750
 3752
 3752
 3754
 3755
 3756
 3764
 3766
 3780
 3782
 3813
 3813
 3822
 3824
 3825
 3830
 3833
 3836
 3844
 3845
 3850
 3853
 3858
 3876
 3877
 3879
 3879
 3885
 3890
 3890
 3890
 3904
 3916
 3932
 3933
 3935
 3943
 3949
 3951
 3953
 3964
 3967
 3971
 3977
 3978
 3984
 3995
 4002
 4005
 4006
 4011
 4015
 4015
 4027
 4027
 4029
 4033
 4042
 4042
 4044
 4045
 4046
 4055
 4057
 4062
 4064
 4071
 4075
 4090
 4096
 4096
 4097
 4098
 4103
 4107
 4108
 4110
 4114
 4115
 4120
 4122
 4123
 4123
 4124
 4126
 4136
 4140
 4141
 4146
 4148
 4151
 4159
 4159
 4162
 4168
 4176
 4181
 4183
 4183
 4184
 4186
 4189
 4192
 4202
 4206
 4207
 4209
 4209
 4211
 4214
 4222
 4227
 4229
 4231
 4234
 4236
 4238
 4239
 4262
 4282
 4282
 4285
 4286
 4289
 4293
 4293
 4295
 4296
 4297
 4298
 4298
 4305
 4309
 4319
 4323
 4330
 4331
 4331
 4335
 4338
 4339
 4343
 4343
 4345
 4345
 4347
 4354
 4359
 4362
 4364
 4374
 4378
 4380
 4380
 4384
 4384
 4387
 4388
 4388
 4389
 4397
 4397
 4398
 4402
 4402
 4404
 4413
 4415
 4423
 4425
 4428
 4429
 4431
 4442
 4444
 4444
 4445
 4446
 4448
 4454
 4454
 4458
 4458
 4461
 4464
 4465
 4465
 4466
 4467
 4470
 4470
 4473
 4473
 4475
 4477
 4483
 4483
 4493
 4494
 4506
 4508
 4509
 4512
 4517
 4517
 4527
 4528
 4530
 4534
 4534
 4537
 4557
 4564
 4567
 4568
 4570
 4572
 4577
 4578
 4579
 4582
 4586
 4588
 4602
 4606
 4607
 4608
 4612
 4616
 4616
 4617
 4618
 4618
 4621
 4625
 4628
 4631
 4649
 4649
 4655
 4656
 4661
 4664
 4664
 4666
 4671
 4678
 4681
 4684
 4690
 4691
 4699
 4700
 4700
 4705
 4707
 4710
 4711
 4712
 4715
 4720
 4724
 4728
 4731
 4731
 4737
 4738
 4740
 4742
 4749
 4749
 4753
 4755
 4755
 4767
 4767
 4776
 4787
 4790
 4793
 4800
 4801
 4801
 4814
 4818
 4819
 4821
 4824
 4828
 4831
 4833
 4839
 4842
 4842
 4843
 4844
 4844
 4845
 4847
 4853
 4853
 4857
 4859
 4862
 4869
 4870
 4872
 4881
 4888
 4889
 4891
 4892
 4895
 4897
 4899
 4899
 4902
 4902
 4905
 4907
 4912
 4916
 4918
 4920
 4922
 4925
 4928
 4928
 4938
 4939
 4940
 4940
 4941
 4942
 4942
 4943
 4944
 4947
 4949
 4953
 4953
 4958
 4963
 4964
 4966
 4970
 4970
 4972
 4973
 4976
 4980
 4980
 4982
 4984
 4985
 4990
 4992
 4996
 4998
 5005
 5006
 5008
 5010
 5015
 5019
 5023
 5029
 5033
 5033
 5038
 5044
 5048
 5048
 5052
 5053
 5058
 5063
 5069
 5072
 5085
 5103
 5108
 5109
 5110
 5115
 5116
 5124
 5130
 5139
 5143
 5146
 5148
 5151
 5156
 5173
 5174
 5175
 5180
 5180
 5185
 5186
 5187
 5187
 5188
 5189
 5194
 5196
 5197
 5197
 5199
 5203
 5208
 5209
 5212
 5234
 5236
 5241
 5242
 5246
 5250
 5251
 5255
 5258
 5261
 5268
 5274
 5276
 5277
 5278
 5279
 5282
 5286
 5292
 5295
 5301
 5303
 5303
 5304
 5309
 5312
 5315
 5315
 5329
 5337
 5343
 5343
 5345
 5345
 5347
 5357
 5358
 5359
 5363
 5365
 5371
 5378
 5378
 5383
 5385
 5385
 5386
 5387
 5391
 5392
 5393
 5394
 5396
 5404
 5406
 5407
 5410
 5415
 5416
 5420
 5425
 5427
 5429
 5430
 5433
 5439
 5445
 5448
 5448
 5457
 5457
 5457
 5458
 5467
 5470
 5472
 5473
 5473
 5475
 5477
 5477
 5480
 5483
 5491
 5491
 5498
 5502
 5505
 5505
 5506
 5509
 5511
 5512
 5514
 5521
 5521
 5524
 5525
 5527
 5535
 5536
 5536
 5538
 5540
 5543
 5543
 5546
 5550
 5553
 5556
 5562
 5567
 5567
 5580
 5580
 5581
 5583
 5585
 5585
 5588
 5592
 5595
 5598
 5599
 5605
 5608
 5608
 5609
 5611
 5612
 5612
 5613
 5618
 5620
 5620
 5622
 5624
 5627
 5630
 5633
 5640
 5641
 5642
 5644
 5648
 5651
 5658
 5659
 5660
 5665
 5668
 5668
 5669
 5669
 5670
 5673
 5675
 5676
 5680
 5681
 5683
 5683
 5685
 5690
 5698
 5702
 5703
 5704
 5704
 5706
 5720
 5721
 5727
 5730
 5734
 5734
 5735
 5735
 5736
 5740
 5740
 5747
 5747
 5750
 5750
 5760
 5763
 5763
 5765
 5767
 5768
 5773
 5774
 5776
 5779
 5782
 5784
 5784
 5784
 5786
 5791
 5795
 5797
 5803
 5803
 5804
 5805
 5807
 5811
 5813
 5819
 5819
 5823
 5823
 5825
 5825
 5827
 5829
 5834
 5838
 5839
 5840
 5841
 5846
 5851
 5851
 5852
 5861
 5867
 5868
 5872
 5873
 5874
 5875
 5877
 5878
 5887
 5888
 5894
 5897
 5910
 5913
 5917
 5917
 5920
 5921
 5925
 5935
 5936
 5938
 5941
 5941
 5944
 5945
 5945
 5945
 5951
 5951
 5952
 5953
 5961
 5964
 5971
 5975
 5980
 5982
 5988
 5996
 5996
 5997
 6000
 6003
 6006
 6006
 6007
 6007
 6012
 6018
 6020
 6032
 6033
 6039
 6041
 6045
 6047
 6049
 6052
 6052
 6053
 6054
 6056
 6066
 6083
 6085
 6089
 6092
 6094
 6103
 6104
 6106
 6106
 6110
 6112
 6113
 6113
 6117
 6117
 6121
 6132
 6134
 6135
 6136
 6137
 6139
 6139
 6143
 6145
 6149
 6150
 6151
 6155
 6156
 6162
 6166
 6167
 6170
 6170
 6173
 6175
 6175
 6177
 6178
 6179
 6180
 6181
 6186
 6187
 6189
 6191
 6192
 6192
 6195
 6197
 6199
 6207
 6208
 6208
 6209
 6209
 6215
 6218
 6220
 6221
 6222
 6223
 6225
 6228
 6229
 6232
 6232
 6234
 6246
 6248
 6249
 6251
 6253
 6262
 6269
 6269
 6278
 6280
 6282
 6284
 6288
 6295
 6296
 6298
 6300
 6303
 6303
 6305
 6308
 6309
 6310
 6313
 6316
 6318
 6318
 6323
 6326
 6332
 6335
 6337
 6338
 6339
 6339
 6339
 6341
 6341
 6343
 6346
 6346
 6350
 6351
 6353
 6359
 6361
 6361
 6364
 6365
 6366
 6366
 6368
 6369
 6375
 6380
 6380
 6381
 6382
 6384
 6386
 6392
 6399
 6408
 6408
 6410
 6411
 6412
 6413
 6414
 6416
 6420
 6422
 6425
 6429
 6434
 6434
 6441
 6442
 6444
 6444
 6444
 6445
 6447
 6452
 6453
 6453
 6454
 6455
 6455
 6460
 6463
 6463
 6467
 6467
 6470
 6471
 6474
 6481
 6481
 6481
 6483
 6484
 6489
 6492
 6492
 6501
 6504
 6505
 6508
 6509
 6511
 6531
 6531
 6534
 6534
 6536
 6540
 6541
 6549
 6558
 6559
 6560
 6563
 6567
 6567
 6570
 6573
 6575
 6576
 6578
 6584
 6584
 6587
 6589
 6589
 6592
 6597
 6598
 6611
 6613
 6617
 6620
 6625
 6625
 6632
 6636
 6636
 6637
 6637
 6638
 6642
 6642
 6648
 6650
 6655
 6668
 6676
 6680
 6681
 6684
 6686
 6687
 6689
 6696
 6699
 6704
 6705
 6705
 6706
 6706
 6706
 6709
 6711
 6716
 6717
 6717
 6717
 6718
 6719
 6720
 6720
 6721
 6727
 6727
 6733
 6736
 6737
 6738
 6739
 6741
 6745
 6746
 6756
 6762
 6766
 6773
 6778
 6778
 6782
 6784
 6784
 6786
 6802
 6805
 6806
 6807
 6815
 6815
 6817
 6820
 6825
 6826
 6826
 6835
 6836
 6838
 6838
 6839
 6840
 6842
 6849
 6852
 6857
 6859
 6859
 6863
 6866
 6867
 6870
 6871
 6875
 6878
 6878
 6878
 6879
 6880
 6883
 6885
 6885
 6888
 6891
 6892
 6897
 6904
 6907
 6907
 6907
 6909
 6910
 6911
 6912
 6915
 6918
 6919
 6921
 6925
 6926
 6932
 6933
 6933
 6934
 6937
 6944
 6946
 6946
 6947
 6949
 6950
 6951
 6952
 6953
 6953
 6954
 6955
 6960
 6961
 6966
 6967
 6971
 6973
 6974
 6978
 6979
 6979
 6987
 6996
 6997
 6999
 7002
 7002
 7003
 7006
 7007
 7007
 7014
 7015
 7016
 7022
 7023
 7027
 7028
 7030
 7033
 7034
 7036
 7039
 7040
 7041
 7041
 7041
 7044
 7048
 7050
 7054
 7054
 7060
 7062
 7067
 7071
 7075
 7075
 7075
 7077
 7078
 7083
 7083
 7084
 7087
 7089
 7089
 7090
 7095
 7096
 7098
 7112
 7113
 7117
 7117
 7119
 7121
 7124
 7128
 7128
 7128
 7130
 7134
 7134
 7140
 7144
 7145
 7147
 7152
 7158
 7158
 7162
 7165
 7166
 7167
 7167
 7170
 7170
 7171
 7174
 7176
 7177
 7177
 7178
 7188
 7190
 7190
 7191
 7192
 7194
 7198
 7200
 7201
 7202
 7204
 7205
 7209
 7214
 7217
 7218
 7218
 7221
 7221
 7229
 7229
 7230
 7230
 7230
 7231
 7233
 7234
 7238
 7244
 7250
 7252
 7257
 7257
 7267
 7267
 7267
 7267
 7268
 7268
 7273
 7277
 7278
 7279
 7282
 7285
 7298
 7303
 7308
 7314
 7315
 7316
 7317
 7319
 7320
 7324
 7327
 7329
 7333
 7334
 7336
 7337
 7344
 7346
 7348
 7348
 7351
 7353
 7359
 7361
 7362
 7367
 7367
 7376
 7378
 7382
 7383
 7383
 7385
 7387
 7387
 7389
 7390
 7390
 7391
 7394
 7397
 7397
 7401
 7403
 7410
 7412
 7417
 7418
 7420
 7429
 7429
 7433
 7433
 7442
 7445
 7447
 7449
 7450
 7451
 7453
 7454
 7455
 7457
 7457
 7460
 7461
 7461
 7462
 7463
 7474
 7481
 7483
 7484
 7485
 7486
 7487
 7494
 7495
 7495
 7496
 7498
 7499
 7499
 7501
 7503
 7504
 7504
 7505
 7507
 7507
 7509
 7511
 7514
 7515
 7518
 7519
 7525
 7527
 7528
 7529
 7530
 7530
 7531
 7532
 7534
 7535
 7536
 7538
 7540
 7546
 7552
 7554
 7554
 7554
 7555
 7556
 7556
 7558
 7564
 7565
 7569
 7570
 7570
 7571
 7572
 7579
 7582
 7583
 7584
 7584
 7586
 7588
 7590
 7597
 7598
 7601
 7604
 7607
 7610
 7615
 7616
 7619
 7619
 7619
 7622
 7625
 7628
 7630
 7631
 7633
 7635
 7637
 7638
 7640
 7640
 7644
 7645
 7646
 7647
 7649
 7651
 7653
 7654
 7655
 7655
 7656
 7657
 7659
 7659
 7662
 7665
 7666
 7666
 7670
 7677
 7678
 7678
 7680
 7684
 7688
 7688
 7690
 7691
 7693
 7697
 7698
 7702
 7708
 7708
 7708
 7710
 7714
 7719
 7721
 7722
 7722
 7724
 7724
 7727
 7727
 7731
 7732
 7735
 7736
 7737
 7738
 7741
 7741
 7745
 7746
 7754
 7757
 7759
 7761
 7763
 7767
 7767
 7767
 7769
 7771
 7772
 7772
 7773
 7780
 7787
 7789
 7796
 7797
 7799
 7800
 7801
 7802
 7807
 7808
 7810
 7810
 7816
 7818
 7822
 7824
 7824
 7825
 7831
 7833
 7833
 7835
 7837
 7837
 7838
 7842
 7846
 7846
 7847
 7848
 7852
 7853
 7856
 7856
 7857
 7857
 7862
 7864
 7864
 7865
 7869
 7870
 7878
 7881
 7885
 7886
 7886
 7886
 7887
 7887
 7888
 7888
 7888
 7891
 7895
 7898
 7898
 7899
 7899
 7904
 7906
 7911
 7912
 7918
 7921
 7922
 7925
 7925
 7928
 7931
 7933
 7937
 7938
 7940
 7942
 7942
 7949
 7950
 7953
 7953
 7954
 7958
 7959
 7959
 7961
 7961
 7961
 7963
 7965
 7967
 7969
 7974
 7978
 7978
 7980
 7982
 7985
 7986
 7988
 7991
 7992
 7995
 7995
 7998
 8000
 8003
 8004
 8004
 8005
 8005
 8010
 8011
 8011
 8013
 8015
 8017
 8020
 8022
 8023
 8025
 8025
 8028
 8031
 8033
 8034
 8039
 8042
 8045
 8046
 8052
 8053
 8055
 8063
 8064
 8069
 8072
 8073
 8074
 8078
 8082
 8083
 8085
 8088
 8088
 8088
 8088
 8088
 8089
 8092
 8094
 8095
 8096
 8096
 8098
 8098
 8099
 8100
 8105
 8107
 8108
 8108
 8109
 8113
 8115
 8116
 8117
 8119
 8124
 8129
 8134
 8137
 8137
 8138
 8139
 8139
 8141
 8141
 8142
 8144
 8146
 8147
 8149
 8149
 8153
 8157
 8163
 8165
 8168
 8169
 8170
 8172
 8174
 8175
 8176
 8177
 8181
 8182
 8184
 8188
 8188
 8191
 8192
 8192
 8199
 8200
 8203
 8205
 8206
 8209
 8211
 8213
 8217
 8217
 8217
 8221
 8223
 8223
 8227
 8230
 8230
 8233
 8235
 8239
 8239
 8240
 8240
 8240
 8242
 8244
 8244
 8245
 8250
 8253
 8255
 8257
 8258
 8259
 8259
 8259
 8265
 8266
 8269
 8271
 8272
 8273
 8275
 8275
 8278
 8283
 8283
 8290
 8290
 8293
 8293
 8294
 8294
 8294
 8295
 8298
 8298
 8301
 8302
 8303
 8305
 8308
 8311
 8316
 8318
 8319
 8320
 8320
 8321
 8321
 8321
 8323
 8325
 8327
 8327
 8328
 8329
 8333
 8335
 8337
 8337
 8347
 8349
 8350
 8351
 8351
 8352
 8352
 8354
 8362
 8366
 8368
 8371
 8373
 8375
 8378
 8380
 8392
 8392
 8392
 8397
 8399
 8400
 8403
 8405
 8409
 8409
 8410
 8418
 8421
 8422
 8423
 8426
 8427
 8431
 8433
 8433
 8433
 8435
 8435
 8439
 8439
 8439
 8443
 8445
 8446
 8446
 8448
 8449
 8451
 8453
 8453
 8453
 8453
 8457
 8457
 8462
 8465
 8466
 8467
 8469
 8471
 8472
 8474
 8474
 8475
 8476
 8480
 8481
 8481
 8484
 8485
 8485
 8485
 8488
 8488
 8489
 8489
 8491
 8493
 8494
 8498
 8499
 8499
 8501
 8504
 8507
 8509
 8511
 8515
 8515
 8518
 8525
 8527
 8527
 8534
 8538
 8540
 8543
 8545
 8547
 8550
 8551
 8551
 8552
 8554
 8554
 8556
 8561
 8562
 8562
 8563
 8563
 8563
 8563
 8568
 8573
 8573
 8574
 8576
 8582
 8587
 8594
 8595
 8598
 8600
 8601
 8604
 8606
 8606
 8607
 8609
 8614
 8614
 8616
 8617
 8619
 8619
 8620
 8620
 8621
 8624
 8624
 8624
 8626
 8627
 8628
 8631
 8631
 8633
 8634
 8636
 8636
 8637
 8637
 8639
 8640
 8643
 8643
 8644
 8645
 8657
 8658
 8658
 8659
 8663
 8668
 8668
 8669
 8672
 8673
 8675
 8677
 8679
 8680
 8680
 8681
 8683
 8686
 8688
 8693
 8693
 8694
 8694
 8694
 8695
 8697
 8697
 8698
 8698
 8699
 8700
 8700
 8701
 8702
 8703
 8703
 8703
 8705
 8710
 8710
 8716
 8720
 8723
 8723
 8725
 8729
 8735
 8737
 8737
 8738
 8739
 8740
 8740
 8741
 8745
 8749
 8749
 8750
 8751
 8753
 8753
 8757
 8761
 8763
 8764
 8764
 8765
 8767
 8767
 8768
 8768
 8771
 8774
 8778
 8778
 8781
 8783
 8783
 8787
 8789
 8790
 8790
 8794
 8795
 8795
 8797
 8798
 8800
 8802
 8803
 8804
 8804
 8806
 8806
 8808
 8812
 8815
 8816
 8821
 8821
 8825
 8832
 8835
 8840
 8840
 8841
 8844
 8844
 8846
 8848
 8852
 8855
 8856
 8857
 8859
 8860
 8864
 8865
 8872
 8876
 8880
 8881
 8885
 8885
 8887
 8887
 8888
 8889
 8890
 8892
 8896
 8899
 8902
 8903
 8916
 8919
 8924
 8926
 8929
 8930
 8933
 8936
 8940
 8941
 8942
 8944
 8944
 8945
 8953
 8954
 8957
 8961
 8961
 8964
 8966
 8967
 8967
 8968
 8968
 8969
 8971
 8973
 8974
 8974
 8974
 8974
 8974
 8975
 8976
 8980
 8980
 8982
 8986
 8987
 8990
 8991
 8992
 8994
 8996
 8996
 8997
 8999
 8999
 9002
 9003
 9006
 9009
 9009
 9010
 9018
 9018
 9020
 9021
 9026
 9028
 9030
 9031
 9034
 9038
 9038
 9040
 9041
 9042
 9043
 9043
 9045
 9052
 9053
 9054
 9055
 9057
 9059
 9060
 9060
 9060
 9061
 9062
 9065
 9068
 9068
 9069
 9069
 9070
 9071
 9073
 9074
 9077
 9077
 9078
 9078
 9082
 9087
 9087
 9088
 9090
 9093
 9094
 9096
 9099
 9100
 9101
 9104
 9106
 9109
 9112
 9112
 9113
 9114
 9116
 9118
 9122
 9125
 9130
 9131
 9134
 9134
 9134
 9135
 9135
 9137
 9139
 9142
 9143
 9143
 9144
 9144
 9147
 9148
 9149
 9149
 9150
 9152
 9152
 9154
 9155
 9157
 9157
 9157
 9159
 9165
 9165
 9169
 9169
 9172
 9181
 9181
 9181
 9184
 9185
 9191
 9194
 9195
 9196
 9198
 9202
 9203
 9206
 9207
 9209
 9214
 9216
 9216
 9219
 9219
 9225
 9226
 9228
 9238
 9238
 9239
 9239
 9240
 9240
 9246
 9248
 9249
 9253
 9257
 9258
 9258
 9262
 9263
 9265
 9266
 9268
 9268
 9270
 9272
 9273
 9273
 9277
 9277
 9278
 9278
 9279
 9279
 9280
 9280
 9281
 9282
 9283
 9284
 9287
 9288
 9290
 9292
 9292
 9293
 9293
 9294
 9294
 9294
 9297
 9300
 9300
 9302
 9302
 9304
 9305
 9306
 9309
 9310
 9313
 9314
 9314
 9315
 9315
 9316
 9316
 9316
 9316
 9317
 9317
 9317
 9318
 9320
 9322
 9322
 9322
 9323
 9326
 9327
 9328
 9330
 9332
 9332
 9333
 9335
 9336
 9337
 9338
 9338
 9339
 9339
 9341
 9343
 9346
 9349
 9350
 9350
 9352
 9352
 9353
 9354
 9363
 9366
 9367
 9368
 9370
 9373
 9374
 9374
 9375
 9379
 9379
 9379
 9381
 9382
 9382
 9384
 9384
 9385
 9387
 9388
 9393
 9396
 9398
 9398
 9402
 9403
 9405
 9408
 9409
 9410
 9415
 9416
 9420
 9422
 9425
 9425
 9426
 9426
 9428
 9431
 9433
 9434
 9435
 9435
 9437
 9442
 9443
 9446
 9446
 9446
 9446
 9448
 9448
 9450
 9451
 9454
 9454
 9459
 9460
 9462
 9467
 9467
 9467
 9472
 9474
 9479
 9479
 9481
 9482
 9486
 9487
 9488
 9488
 9489
 9489
 9490
 9492
 9493
 9496
 9496
 9499
 9499
 9500
 9504
 9506
 9507
 9509
 9511
 9513
 9516
 9517
 9522
 9522
 9522
 9523
 9525
 9525
 9526
 9528
 9529
 9530
 9530
 9532
 9536
 9537
 9537
 9538
 9538
 9539
 9540
 9541
 9542
 9546
 9548
 9548
 9548
 9549
 9549
 9549
 9551
 9553
 9555
 9556
 9559
 9559
 9560
 9560
 9561
 9563
 9564
 9565
 9566
 9569
 9570
 9571
 9575
 9579
 9580
 9582
 9585
 9587
 9588
 9589
 9590
 9596
 9600
 9604
 9605
 9605
 9606
 9609
 9609
 9613
 9615
 9615
 9616
 9617
 9619
 9622
 9623
 9623
 9626
 9628
 9628
 9628
 9629
 9629
 9630
 9631
 9632
 9632
 9634
 9637
 9639
 9642
 9642
 9643
 9644
 9645
 9648
 9650
 9653
 9654
 9654
 9657
 9658
 9658
 9660
 9661
 9663
 9664
 9664
 9669
 9669
 9670
 9670
 9673
 9673
 9676
 9676
 9677
 9678
 9679
 9679
 9680
 9683
 9684
 9684
 9686
 9687
 9687
 9688
 9691
 9691
 9692
 9692
 9700
 9701
 9705
 9706
 9715
 9715
 9717
 9724
 9724
 9726
 9727
 9727
 9728
 9730
 9730
 9731
 9731
 9732
 9732
 9733
 9734
 9735
 9735
 9735
 9736
 9736
 9736
 9739
 9740
 9743
 9743
 9744
 9744
 9746
 9758
 9758
 9760
 9763
 9765
 9765
 9765
 9767
 9767
 9771
 9774
 9776
 9777
 9779
 9782
 9782
 9785
 9786
 9788
 9790
 9791
 9791
 9792
 9792
 9793
 9793
 9794
 9794
 9795
 9798
 9798
 9800
 9801
 9801
 9805
 9806
 9806
 9808
 9809
 9809
 9810
 9813
 9814
 9814
 9815
 9819
 9820
 9820
 9822
 9822
 9824
 9824
 9825
 9827
 9831
 9832
 9835
 9836
 9841
 9842
 9843
 9846
 9847
 9848
 9848
 9849
 9850
 9860
 9862
 9863
 9866
 9867
 9867
 9870
 9870
 9870
 9873
 9876
 9877
 9885
 9890
 9900
 9903
 9903
 9908
 9909
 9911
 9912
 9913
 9914
 9918
 9918
 9918
 9920
 9922
 9924
 9925
 9926
 9928
 9928
 9929
 9930
 9930
 9931
 9934
 9935
 9935
 9935
 9936
 9936
 9942
 9944
 9945
 9945
 9953
 9955
 9955
 9955
 9955
 9956
 9958
 9960
 9961
 9961
 9962
 9963
 9965
 9968
 9973
 9973
 9976
 9979
 9980
 9984
 9985
 9985
 9989
 9990
 9990
 9992
 9994
 9997
 9997
 9998
 9999
 10000
 10001
 10003
 10003
 10005
 10005
 10005
 10007
 10012
 10013
 10013
 10015
 10016
 10017
 10019
 10020
 10022
 10025
 10025
 10028
 10034
 10038
 10040
 10043
 10045
 10046
 10046
 10046
 10047
 10050
 10053
 10055
 10056
 10058
 10060
 10061
 10063
 10065
 10065
 10067
 10067
 10071
 10073
 10073
 10074
 10075
 10075
 10077
 10077
 10078
 10078
 10080
 10080
 10083
 10084
 10086
 10086
 10088
 10096
 10099
 10102
 10106
 10107
 10112
 10115
 10117
 10117
 10121
 10122
 10122
 10123
 10125
 10129
 10130
 10130
 10132
 10133
 10135
 10135
 10139
 10141
 10143
 10146
 10146
 10149
 10150
 10150
 10150
 10151
 10152
 10155
 10155
 10157
 10159
 10160
 10166
 10167
 10169
 10170
 10171
 10171
 10175
 10176
 10178
 10178
 10178
 10179
 10181
 10183
 10184
 10185
 10185
 10185
 10189
 10189
 10191
 10194
 10194
 10194
 10196
 10196
 10197
 10198
 10198
 10201
 10201
 10205
 10205
 10209
 10214
 10221
 10224
 10224
 10225
 10225
 10225
 10226
 10230
 10237
 10241
 10241
 10242
 10243
 10245
 10245
 10246
 10246
 10248
 10249
 10251
 10253
 10254
 10256
 10257
 10257
 10261
 10263
 10263
 10266
 10266
 10266
 10268
 10269
 10271
 10273
 10273
 10276
 10279
 10280
 10280
 10281
 10283
 10284
 10285
 10286
 10287
 10288
 10289
 10291
 10291
 10291
 10293
 10293
 10295
 10298
 10299
 10303
 10304
 10307
 10308
 10308
 10309
 10311
 10312
 10313
 10315
 10315
 10321
 10321
 10321
 10322
 10324
 10327
 10327
 10335
 10339
 10343
 10345
 10346
 10346
 10352
 10354
 10355
 10355
 10359
 10363
 10364
 10365
 10366
 10368
 10369
 10369
 10369
 10372
 10374
 10375
 10376
 10380
 10381
 10381
 10386
 10387
 10387
 10389
 10392
 10393
 10394
 10394
 10394
 10395
 10399
 10400
 10400
 10401
 10401
 10402
 10407
 10407
 10408
 10408
 10409
 10410
 10410
 10410
 10410
 10411
 10412
 10412
 10412
 10413
 10415
 10417
 10417
 10418
 10418
 10419
 10420
 10423
 10423
 10424
 10424
 10429
 10432
 10432
 10436
 10438
 10440
 10440
 10440
 10441
 10446
 10448
 10463
 10468
 10469
 10469
 10477
 10478
 10478
 10478
 10479
 10482
 10482
 10482
 10485
 10485
 10494
 10494
 10494
 10496
 10496
 10498
 10499
 10499
 10501
 10502
 10504
 10504
 10508
 10509
 10509
 10509
 10511
 10511
 10512
 10514
 10516
 10517
 10518
 10518
 10519
 10519
 10520
 10521
 10522
 10524
 10526
 10526
 10527
 10529
 10530
 10530
 10530
 10531
 10533
 10534
 10534
 10536
 10539
 10541
 10545
 10547
 10547
 10550
 10558
 10563
 10573
 10573
 10576
 10576
 10577
 10580
 10582
 10582
 10586
 10586
 10586
 10587
 10587
 10588
 10592
 10592
 10595
 10596
 10596
 10598
 10600
 10600
 10601
 10604
 10604
 10604
 10605
 10608
 10610
 10610
 10611
 10612
 10612
 10613
 10616
 10617
 10619
 10620
 10621
 10622
 10626
 10627
 10629
 10631
 10633
 10635
 10637
 10640
 10641
 10643
 10644
 10645
 10646
 10647
 10649
 10652
 10655
 10655
 10657
 10660
 10661
 10662
 10667
 10673
 10676
 10678
 10678
 10679
 10681
 10682
 10684
 10685
 10685
 10690
 10692
 10695
 10696
 10697
 10697
 10701
 10702
 10703
 10703
 10703
 10705
 10706
 10708
 10709
 10710
 10711
 10712
 10712
 10714
 10715
 10715
 10720
 10722
 10723
 10724
 10725
 10725
 10726
 10729
 10731
 10731
 10732
 10732
 10733
 10734
 10742
 10743
 10744
 10744
 10748
 10748
 10750
 10750
 10751
 10751
 10760
 10763
 10764
 10767
 10767
 10768
 10768
 10769
 10771
 10772
 10773
 10775
 10777
 10777
 10778
 10779
 10780
 10780
 10780
 10782
 10783
 10787
 10788
 10791
 10791
 10791
 10796
 10798
 10798
 10799
 10799
 10802
 10802
 10804
 10805
 10805
 10806
 10809
 10810
 10810
 10810
 10811
 10813
 10815
 10818
 10822
 10823
 10825
 10825
 10827
 10829
 10830
 10833
 10835
 10835
 10836
 10837
 10838
 10839
 10840
 10841
 10842
 10842
 10843
 10843
 10845
 10846
 10847
 10847
 10848
 10849
 10850
 10852
 10854
 10859
 10859
 10861
 10861
 10864
 10866
 10866
 10868
 10870
 10874
 10876
 10876
 10879
 10880
 10880
 10881
 10882
 10883
 10884
 10886
 10887
 10889
 10890
 10891
 10891
 10891
 10893
 10895
 10898
 10900
 10900
 10901
 10903
 10903
 10909
 10910
 10910
 10911
 10916
 10918
 10919
 10920
 10920
 10921
 10921
 10925
 10925
 10926
 10927
 10940
 10941
 10942
 10942
 10949
 10951
 10952
 10953
 10955
 10959
 10959
 10963
 10966
 10974
 10974
 10976
 10976
 10976
 10980
 10981
 10981
 10982
 10986
 10986
 10991
 10992
 10993
 10996
 10997
 10998
 10999
 10999
 10999
 11002
 11006
 11008
 11009
 11009
 11013
 11015
 11016
 11017
 11019
 11022
 11023
 11023
 11025
 11028
 11029
 11030
 11030
 11036
 11036
 11037
 11037
 11038
 11038
 11039
 11039
 11039
 11039
 11040
 11040
 11044
 11045
 11045
 11046
 11048
 11049
 11051
 11051
 11052
 11054
 11060
 11060
 11061
 11064
 11065
 11067
 11070
 11070
 11072
 11072
 11073
 11073
 11073
 11073
 11074
 11084
 11085
 11087
 11092
 11092
 11096
 11097
 11100
 11101
 11102
 11102
 11104
 11105
 11106
 11107
 11107
 11109
 11110
 11110
 11111
 11112
 11114
 11119
 11120
 11120
 11121
 11121
 11123
 11123
 11124
 11124
 11127
 11128
 11129
 11129
 11130
 11130
 11131
 11132
 11136
 11137
 11138
 11139
 11142
 11142
 11143
 11147
 11148
 11149
 11150
 11151
 11154
 11156
 11158
 11158
 11159
 11159
 11162
 11162
 11163
 11163
 11165
 11167
 11168
 11169
 11171
 11171
 11178
 11178
 11181
 11191
 11191
 11193
 11195
 11196
 11199
 11201
 11202
 11203
 11204
 11205
 11206
 11206
 11207
 11209
 11212
 11214
 11214
 11215
 11219
 11222
 11224
 11228
 11230
 11231
 11233
 11234
 11235
 11236
 11238
 11239
 11241
 11243
 11245
 11246
 11249
 11250
 11251
 11252
 11254
 11254
 11256
 11257
 11265
 11265
 11267
 11267
 11268
 11271
 11273
 11274
 11275
 11276
 11276
 11277
 11278
 11281
 11281
 11283
 11291
 11293
 11294
 11296
 11298
 11299
 11300
 11300
 11301
 11303
 11308
 11308
 11309
 11316
 11316
 11319
 11320
 11320
 11320
 11323
 11326
 11330
 11333
 11333
 11333
 11334
 11336
 11337
 11337
 11338
 11340
 11342
 11344
 11345
 11346
 11346
 11346
 11346
 11347
 11348
 11349
 11350
 11352
 11356
 11358
 11360
 11363
 11363
 11364
 11364
 11365
 11365
 11366
 11367
 11371
 11375
 11376
 11377
 11385
 11385
 11388
 11391
 11391
 11392
 11392
 11393
 11394
 11397
 11400
 11401
 11407
 11409
 11410
 11412
 11413
 11417
 11424
 11425
 11426
 11429
 11429
 11434
 11436
 11438
 11440
 11443
 11443
 11446
 11452
 11454
 11458
 11462
 11467
 11468
 11469
 11469
 11470
 11470
 11472
 11472
 11474
 11475
 11476
 11477
 11480
 11480
 11482
 11484
 11486
 11487
 11488
 11488
 11491
 11493
 11494
 11496
 11499
 11502
 11505
 11510
 11511
 11516
 11520
 11521
 11522
 11522
 11522
 11526
 11527
 11528
 11529
 11529
 11530
 11531
 11531
 11532
 11534
 11535
 11537
 11538
 11543
 11544
 11551
 11551
 11553
 11554
 11555
 11555
 11556
 11561
 11565
 11568
 11574
 11575
 11577
 11580
 11583
 11584
 11587
 11587
 11591
 11597
 11599
 11601
 11601
 11607
 11608
 11608
 11609
 11610
 11611
 11612
 11613
 11613
 11614
 11616
 11627
 11627
 11630
 11630
 11631
 11631
 11633
 11634
 11635
 11636
 11639
 11642
 11644
 11644
 11649
 11650
 11651
 11651
 11651
 11653
 11656
 11658
 11658
 11660
 11661
 11662
 11667
 11668
 11669
 11672
 11678
 11679
 11679
 11679
 11680
 11680
 11682
 11682
 11683
 11684
 11686
 11686
 11686
 11689
 11690
 11691
 11695
 11695
 11695
 11696
 11699
 11701
 11702
 11704
 11704
 11704
 11705
 11706
 11706
 11708
 11709
 11709
 11711
 11712
 11713
 11717
 11719
 11725
 11726
 11726
 11727
 11728
 11729
 11730
 11730
 11731
 11733
 11737
 11742
 11743
 11743
 11744
 11745
 11752
 11757
 11760
 11760
 11761
 11762
 11762
 11766
 11768
 11769
 11770
 11770
 11772
 11774
 11774
 11778
 11778
 11778
 11780
 11780
 11783
 11787
 11787
 11788
 11788
 11789
 11790
 11792
 11792
 11793
 11799
 11800
 11800
 11803
 11804
 11805
 11805
 11808
 11810
 11812
 11816
 11817
 11817
 11818
 11822
 11823
 11824
 11825
 11828
 11829
 11830
 11830
 11831
 11832
 11834
 11835
 11837
 11839
 11841
 11841
 11842
 11844
 11847
 11849
 11849
 11858
 11858
 11858
 11859
 11860
 11867
 11869
 11872
 11874
 11874
 11877
 11877
 11882
 11886
 11886
 11887
 11889
 11890
 11891
 11893
 11900
 11907
 11909
 11910
 11911
 11913
 11913
 11914
 11915
 11917
 11918
 11920
 11926
 11928
 11929
 11935
 11935
 11937
 11938
 11938
 11940
 11944
 11944
 11944
 11946
 11946
 11948
 11950
 11951
 11952
 11952
 11954
 11955
 11957
 11963
 11965
 11966
 11967
 11972
 11975
 11977
 11979
 11985
 11986
 11988
 11988
 11988
 11989
 11989
 11990
 11993
 11999
 12002
 12004
 12005
 12006
 12008
 12008
 12010
 12013
 12018
 12019
 12020
 12021
 12023
 12025
 12027
 12027
 12030
 12031
 12033
 12033
 12034
 12035
 12036
 12038
 12039
 12039
 12045
 12045
 12046
 12049
 12049
 12053
 12054
 12056
 12056
 12057
 12059
 12061
 12064
 12065
 12067
 12068
 12072
 12074
 12076
 12077
 12079
 12079
 12079
 12080
 12080
 12082
 12083
 12083
 12086
 12086
 12087
 12088
 12090
 12091
 12091
 12095
 12097
 12098
 12102
 12103
 12104
 12104
 12105
 12110
 12111
 12112
 12113
 12116
 12116
 12118
 12118
 12118
 12121
 12122
 12127
 12129
 12130
 12130
 12136
 12138
 12138
 12140
 12143
 12143
 12146
 12150
 12154
 12158
 12159
 12159
 12160
 12162
 12166
 12169
 12176
 12176
 12177
 12179
 12182
 12185
 12188
 12188
 12189
 12196
 12198
 12199
 12206
 12208
 12211
 12213
 12215
 12215
 12217
 12225
 12226
 12232
 12233
 12233
 12240
 12253
 12255
 12255
 12256
 12257
 12259
 12260
 12261
 12262
 12263
 12263
 12266
 12268
 12270
 12270
 12272
 12272
 12272
 12274
 12275
 12277
 12279
 12280
 12282
 12283
 12286
 12291
 12292
 12294
 12295
 12297
 12301
 12302
 12304
 12307
 12309
 12312
 12313
 12313
 12315
 12316
 12316
 12318
 12321
 12323
 12323
 12325
 12326
 12326
 12327
 12327
 12327
 12327
 12329
 12330
 12332
 12333
 12334
 12334
 12335
 12338
 12339
 12341
 12341
 12342
 12342
 12343
 12346
 12346
 12347
 12350
 12350
 12352
 12354
 12355
 12358
 12359
 12361
 12363
 12364
 12364
 12371
 12371
 12373
 12373
 12376
 12377
 12377
 12378
 12379
 12379
 12381
 12382
 12383
 12384
 12384
 12390
 12391
 12392
 12392
 12393
 12401
 12405
 12405
 12406
 12406
 12409
 12412
 12413
 12417
 12420
 12425
 12430
 12432
 12433
 12435
 12436
 12436
 12437
 12438
 12439
 12445
 12448
 12449
 12450
 12451
 12454
 12456
 12457
 12458
 12459
 12459
 12462
 12463
 12465
 12466
 12467
 12474
 12474
 12475
 12475
 12476
 12481
 12482
 12483
 12484
 12484
 12485
 12487
 12488
 12488
 12490
 12490
 12492
 12492
 12492
 12494
 12495
 12503
 12504
 12511
 12512
 12512
 12513
 12521
 12522
 12523
 12526
 12529
 12530
 12530
 12531
 12533
 12533
 12536
 12536
 12537
 12546
 12547
 12549
 12549
 12550
 12554
 12554
 12557
 12568
 12569
 12571
 12575
 12575
 12579
 12581
 12581
 12582
 12582
 12584
 12589
 12590
 12593
 12595
 12596
 12597
 12600
 12600
 12601
 12602
 12604
 12605
 12609
 12609
 12610
 12613
 12613
 12614
 12616
 12619
 12621
 12622
 12623
 12624
 12625
 12626
 12626
 12626
 12626
 12626
 12627
 12627
 12628
 12630
 12630
 12632
 12632
 12636
 12636
 12638
 12641
 12645
 12653
 12654
 12654
 12655
 12658
 12659
 12660
 12661
 12663
 12667
 12667
 12668
 12674
 12675
 12676
 12679
 12687
 12687
 12688
 12689
 12691
 12693
 12693
 12697
 12698
 12699
 12701
 12702
 12708
 12710
 12712
 12712
 12712
 12712
 12713
 12715
 12717
 12718
 12724
 12726
 12728
 12733
 12735
 12735
 12738
 12739
 12739
 12740
 12744
 12746
 12747
 12750
 12751
 12757
 12757
 12758
 12758
 12758
 12763
 12768
 12772
 12773
 12773
 12774
 12778
 12778
 12783
 12786
 12787
 12788
 12794
 12794
 12794
 12796
 12798
 12799
 12800
 12802
 12803
 12804
 12815
 12819
 12820
 12820
 12820
 12823
 12827
 12829
 12832
 12832
 12833
 12834
 12836
 12836
 12841
 12845
 12850
 12850
 12850
 12857
 12862
 12864
 12866
 12867
 12867
 12868
 12870
 12870
 12871
 12871
 12873
 12873
 12875
 12876
 12876
 12880
 12881
 12883
 12884
 12887
 12888
 12888
 12889
 12889
 12890
 12891
 12894
 12895
 12895
 12895
 12896
 12898
 12900
 12908
 12912
 12912
 12914
 12922
 12924
 12925
 12926
 12932
 12935
 12936
 12936
 12939
 12942
 12944
 12944
 12947
 12950
 12950
 12950
 12950
 12951
 12953
 12953
 12954
 12954
 12955
 12956
 12957
 12959
 12968
 12970
 12970
 12972
 12976
 12977
 12978
 12978
 12979
 12983
 12984
 12985
 12986
 12988
 12988
 12988
 12990
 12992
 12994
 12995
 13001
 13003
 13007
 13007
 13007
 13008
 13010
 13011
 13013
 13014
 13016
 13016
 13021
 13021
 13021
 13023
 13023
 13026
 13029
 13030
 13031
 13031
 13032
 13032
 13034
 13034
 13035
 13038
 13040
 13043
 13043
 13052
 13055
 13055
 13056
 13057
 13058
 13058
 13059
 13061
 13062
 13069
 13070
 13073
 13074
 13074
 13078
 13080
 13080
 13080
 13089
 13095
 13097
 13098
 13101
 13101
 13102
 13102
 13104
 13104
 13105
 13106
 13106
 13112
 13114
 13114
 13119
 13126
 13127
 13135
 13136
 13136
 13136
 13137
 13143
 13146
 13146
 13147
 13148
 13150
 13151
 13151
 13152
 13152
 13153
 13153
 13154
 13154
 13154
 13158
 13160
 13160
 13162
 13164
 13167
 13167
 13168
 13172
 13173
 13180
 13182
 13186
 13189
 13190
 13190
 13191
 13198
 13198
 13199
 13199
 13201
 13201
 13209
 13215
 13219
 13220
 13223
 13224
 13225
 13226
 13226
 13226
 13227
 13229
 13230
 13231
 13233
 13234
 13234
 13236
 13242
 13242
 13243
 13249
 13250
 13251
 13251
 13251
 13254
 13254
 13256
 13258
 13260
 13260
 13261
 13261
 13265
 13271
 13273
 13275
 13275
 13275
 13277
 13279
 13280
 13281
 13281
 13284
 13284
 13285
 13285
 13286
 13286
 13287
 13287
 13292
 13292
 13294
 13296
 13297
 13298
 13299
 13300
 13300
 13307
 13307
 13308
 13310
 13310
 13314
 13314
 13315
 13316
 13318
 13322
 13323
 13324
 13325
 13325
 13340
 13340
 13342
 13342
 13342
 13346
 13349
 13349
 13351
 13352
 13353
 13355
 13355
 13356
 13356
 13357
 13359
 13359
 13359
 13360
 13361
 13362
 13363
 13365
 13366
 13368
 13370
 13371
 13371
 13372
 13373
 13374
 13376
 13376
 13383
 13385
 13389
 13391
 13394
 13395
 13398
 13399
 13399
 13400
 13400
 13402
 13409
 13411
 13411
 13412
 13414
 13414
 13414
 13415
 13417
 13420
 13421
 13431
 13436
 13437
 13441
 13441
 13443
 13443
 13443
 13444
 13444
 13445
 13446
 13447
 13447
 13449
 13452
 13457
 13459
 13463
 13463
 13463
 13464
 13464
 13465
 13465
 13470
 13471
 13472
 13473
 13475
 13475
 13476
 13477
 13479
 13481
 13481
 13484
 13486
 13487
 13487
 13488
 13489
 13494
 13495
 13497
 13497
 13499
 13499
 13500
 13504
 13505
 13506
 13508
 13511
 13513
 13516
 13517
 13517
 13518
 13519
 13519
 13520
 13524
 13529
 13536
 13538
 13540
 13541
 13541
 13543
 13550
 13552
 13552
 13554
 13555
 13555
 13557
 13557
 13558
 13558
 13558
 13560
 13560
 13563
 13563
 13563
 13568
 13569
 13571
 13571
 13571
 13575
 13575
 13576
 13581
 13583
 13585
 13586
 13586
 13586
 13588
 13592
 13592
 13595
 13595
 13598
 13598
 13601
 13601
 13603
 13604
 13606
 13608
 13609
 13609
 13611
 13614
 13615
 13617
 13618
 13623
 13628
 13630
 13634
 13635
 13640
 13643
 13646
 13649
 13650
 13650
 13652
 13653
 13653
 13656
 13657
 13658
 13662
 13663
 13666
 13666
 13670
 13672
 13672
 13674
 13678
 13679
 13680
 13682
 13682
 13682
 13687
 13689
 13690
 13690
 13691
 13692
 13695
 13698
 13699
 13700
 13701
 13702
 13703
 13704
 13706
 13713
 13716
 13716
 13717
 13719
 13719
 13719
 13720
 13720
 13722
 13725
 13727
 13729
 13733
 13734
 13734
 13739
 13741
 13742
 13744
 13744
 13746
 13747
 13747
 13749
 13750
 13754
 13757
 13757
 13764
 13764
 13766
 13767
 13768
 13770
 13772
 13772
 13776
 13781
 13785
 13791
 13792
 13794
 13795
 13795
 13800
 13801
 13802
 13804
 13804
 13805
 13805
 13809
 13812
 13812
 13812
 13819
 13819
 13820
 13825
 13825
 13826
 13829
 13831
 13832
 13833
 13833
 13837
 13840
 13840
 13841
 13841
 13842
 13844
 13848
 13852
 13860
 13863
 13864
 13865
 13867
 13868
 13868
 13869
 13870
 13877
 13879
 13879
 13883
 13884
 13890
 13891
 13891
 13892
 13892
 13893
 13894
 13904
 13904
 13906
 13907
 13907
 13909
 13917
 13921
 13926
 13927
 13930
 13932
 13938
 13938
 13938
 13939
 13940
 13943
 13945
 13947
 13948
 13950
 13954
 13954
 13957
 13959
 13963
 13964
 13967
 13968
 13969
 13973
 13978
 13978
 13978
 13979
 13979
 13982
 13987
 13987
 13987
 13990
 13991
 13992
 13994
 13997
 13999
 13999
 14000
 14001
 14003
 14005
 14005
 14006
 14006
 14008
 14008
 14009
 14009
 14010
 14015
 14015
 14018
 14018
 14019
 14021
 14025
 14028
 14029
 14030
 14031
 14035
 14037
 14038
 14045
 14045
 14053
 14055
 14055
 14057
 14059
 14060
 14061
 14062
 14064
 14064
 14066
 14069
 14069
 14070
 14071
 14072
 14073
 14078
 14078
 14080
 14085
 14086
 14086
 14087
 14089
 14090
 14090
 14091
 14096
 14098
 14102
 14104
 14109
 14110
 14110
 14111
 14118
 14119
 14121
 14121
 14121
 14121
 14128
 14129
 14132
 14132
 14135
 14135
 14141
 14143
 14145
 14146
 14146
 14147
 14148
 14150
 14151
 14151
 14152
 14152
 14156
 14156
 14161
 14163
 14164
 14164
 14164
 14164
 14165
 14166
 14173
 14174
 14176
 14179
 14180
 14180
 14187
 14193
 14197
 14198
 14198
 14199
 14200
 14201
 14207
 14207
 14208
 14209
 14212
 14212
 14215
 14215
 14219
 14221
 14223
 14223
 14227
 14228
 14229
 14229
 14231
 14235
 14236
 14237
 14238
 14241
 14246
 14246
 14247
 14247
 14252
 14256
 14258
 14261
 14262
 14264
 14265
 14268
 14269
 14269
 14274
 14276
 14278
 14278
 14279
 14280
 14281
 14282
 14283
 14284
 14284
 14286
 14297
 14300
 14301
 14302
 14302
 14302
 14308
 14309
 14312
 14313
 14314
 14315
 14317
 14319
 14320
 14320
 14321
 14321
 14322
 14322
 14323
 14324
 14327
 14328
 14333
 14333
 14333
 14333
 14337
 14341
 14346
 14346
 14354
 14356
 14357
 14357
 14362
 14363
 14363
 14364
 14364
 14367
 14367
 14369
 14374
 14375
 14375
 14376
 14377
 14380
 14380
 14383
 14386
 14392
 14395
 14398
 14398
 14402
 14406
 14407
 14410
 14412
 14413
 14417
 14418
 14420
 14423
 14425
 14425
 14426
 14429
 14432
 14433
 14435
 14436
 14438
 14439
 14439
 14450
 14453
 14454
 14455
 14455
 14457
 14457
 14459
 14460
 14460
 14462
 14467
 14468
 14471
 14474
 14476
 14479
 14482
 14483
 14484
 14485
 14486
 14489
 14490
 14494
 14498
 14499
 14499
 14499
 14501
 14505
 14505
 14506
 14507
 14514
 14517
 14522
 14522
 14523
 14524
 14525
 14528
 14528
 14531
 14532
 14533
 14534
 14535
 14536
 14537
 14538
 14538
 14540
 14541
 14545
 14546
 14547
 14548
 14548
 14548
 14548
 14548
 14549
 14551
 14552
 14553
 14554
 14554
 14560
 14561
 14561
 14562
 14563
 14565
 14565
 14565
 14566
 14566
 14574
 14574
 14575
 14576
 14577
 14578
 14578
 14582
 14585
 14586
 14586
 14587
 14589
 14589
 14592
 14595
 14599
 14599
 14601
 14601
 14602
 14604
 14605
 14607
 14608
 14610
 14612
 14613
 14616
 14620
 14620
 14622
 14624
 14627
 14627
 14636
 14640
 14641
 14642
 14642
 14645
 14651
 14652
 14654
 14655
 14657
 14657
 14660
 14661
 14664
 14665
 14666
 14666
 14667
 14668
 14668
 14668
 14672
 14672
 14673
 14675
 14676
 14676
 14676
 14676
 14684
 14684
 14684
 14686
 14689
 14690
 14691
 14696
 14699
 14700
 14700
 14700
 14701
 14703
 14703
 14704
 14705
 14706
 14711
 14712
 14713
 14713
 14714
 14718
 14719
 14720
 14721
 14721
 14723
 14724
 14725
 14725
 14726
 14727
 14728
 14729
 14730
 14730
 14732
 14732
 14734
 14734
 14734
 14734
 14735
 14736
 14738
 14742
 14742
 14743
 14747
 14748
 14748
 14751
 14752
 14753
 14756
 14757
 14757
 14759
 14759
 14760
 14761
 14763
 14764
 14768
 14772
 14773
 14777
 14778
 14779
 14779
 14780
 14781
 14782
 14782
 14782
 14782
 14784
 14784
 14784
 14785
 14786
 14793
 14793
 14796
 14798
 14802
 14805
 14807
 14814
 14814
 14814
 14815
 14815
 14816
 14817
 14825
 14825
 14826
 14828
 14829
 14832
 14835
 14837
 14841
 14842
 14843
 14843
 14845
 14847
 14847
 14851
 14856
 14860
 14861
 14866
 14866
 14866
 14874
 14879
 14883
 14887
 14887
 14890
 14893
 14896
 14897
 14897
 14898
 14898
 14901
 14904
 14908
 14909
 14911
 14912
 14912
 14914
 14917
 14919
 14919
 14919
 14921
 14922
 14922
 14922
 14922
 14924
 14926
 14928
 14929
 14929
 14932
 14932
 14932
 14933
 14934
 14935
 14935
 14936
 14937
 14938
 14939
 14943
 14945
 14946
 14946
 14947
 14947
 14950
 14950
 14952
 14952
 14953
 14956
 14957
 14957
 14959
 14960
 14960
 14964
 14965
 14965
 14967
 14967
 14969
 14969
 14969
 14970
 14970
 14974
 14976
 14977
 14979
 14982
 14988
 14991
 14994
 14997
 15000
 15003
 15005
 15007
 15008
 15009
 15012
 15013
 15016
 15016
 15019
 15019
 15020
 15022
 15022
 15023
 15030
 15035
 15036
 15037
 15039
 15040
 15042
 15043
 15045
 15045
 15045
 15049
 15054
 15055
 15057
 15058
 15059
 15059
 15060
 15064
 15068
 15073
 15075
 15075
 15078
 15080
 15083
 15084
 15085
 15087
 15089
 15091
 15092
 15093
 15093
 15094
 15095
 15096
 15097
 15102
 15103
 15104
 15105
 15108
 15108
 15110
 15110
 15111
 15116
 15117
 15119
 15119
 15121
 15123
 15123
 15125
 15129
 15133
 15134
 15139
 15143
 15147
 15147
 15147
 15148
 15149
 15150
 15152
 15154
 15156
 15157
 15157
 15165
 15168
 15168
 15169
 15171
 15173
 15174
 15174
 15174
 15177
 15177
 15177
 15182
 15183
 15183
 15184
 15185
 15185
 15187
 15187
 15190
 15190
 15193
 15194
 15196
 15199
 15200
 15202
 15204
 15205
 15205
 15206
 15209
 15210
 15213
 15213
 15213
 15215
 15216
 15218
 15220
 15221
 15230
 15230
 15240
 15240
 15245
 15249
 15253
 15255
 15257
 15261
 15263
 15263
 15263
 15264
 15265
 15265
 15266
 15268
 15270
 15271
 15272
 15274
 15275
 15276
 15276
 15277
 15280
 15284
 15289
 15290
 15292
 15294
 15294
 15301
 15306
 15307
 15309
 15311
 15311
 15312
 15315
 15316
 15316
 15320
 15322
 15323
 15329
 15330
 15334
 15335
 15339
 15344
 15345
 15346
 15347
 15349
 15351
 15351
 15351
 15356
 15356
 15361
 15367
 15368
 15372
 15373
 15373
 15376
 15377
 15379
 15382
 15385
 15386
 15391
 15395
 15396
 15403
 15404
 15407
 15409
 15409
 15410
 15410
 15414
 15417
 15420
 15421
 15423
 15426
 15428
 15429
 15429
 15431
 15431
 15432
 15436
 15436
 15437
 15437
 15439
 15441
 15448
 15453
 15454
 15456
 15457
 15458
 15458
 15459
 15461
 15466
 15466
 15468
 15471
 15475
 15476
 15479
 15480
 15481
 15482
 15482
 15482
 15483
 15484
 15484
 15485
 15486
 15487
 15501
 15501
 15502
 15503
 15503
 15504
 15504
 15506
 15506
 15507
 15509
 15509
 15510
 15512
 15515
 15517
 15518
 15520
 15523
 15528
 15531
 15531
 15531
 15532
 15534
 15536
 15541
 15541
 15544
 15544
 15545
 15547
 15550
 15550
 15554
 15554
 15554
 15555
 15556
 15558
 15559
 15562
 15567
 15567
 15569
 15570
 15572
 15572
 15574
 15578
 15582
 15582
 15584
 15585
 15586
 15589
 15589
 15589
 15592
 15593
 15593
 15594
 15595
 15597
 15601
 15602
 15603
 15605
 15606
 15610
 15611
 15612
 15615
 15616
 15617
 15619
 15620
 15622
 15622
 15622
 15626
 15627
 15627
 15633
 15634
 15634
 15635
 15637
 15639
 15639
 15640
 15643
 15644
 15647
 15648
 15651
 15652
 15652
 15652
 15659
 15661
 15663
 15665
 15667
 15669
 15669
 15673
 15674
 15674
 15676
 15677
 15680
 15684
 15688
 15698
 15702
 15702
 15702
 15703
 15704
 15707
 15710
 15713
 15714
 15715
 15716
 15717
 15718
 15723
 15723
 15728
 15732
 15732
 15732
 15734
 15735
 15735
 15736
 15740
 15743
 15743
 15744
 15744
 15745
 15745
 15745
 15749
 15749
 15752
 15752
 15753
 15756
 15762
 15767
 15768
 15769
 15770
 15770
 15772
 15772
 15775
 15776
 15776
 15778
 15783
 15785
 15787
 15793
 15795
 15796
 15799
 15799
 15802
 15804
 15804
 15805
 15807
 15808
 15810
 15811
 15819
 15820
 15821
 15822
 15825
 15825
 15826
 15829
 15829
 15834
 15835
 15837
 15837
 15844
 15845
 15849
 15850
 15853
 15853
 15855
 15862
 15864
 15865
 15865
 15867
 15868
 15870
 15870
 15871
 15876
 15876
 15878
 15878
 15881
 15882
 15885
 15886
 15888
 15892
 15892
 15895
 15895
 15896
 15897
 15902
 15903
 15903
 15904
 15906
 15907
 15907
 15909
 15909
 15913
 15916
 15919
 15920
 15921
 15921
 15922
 15925
 15929
 15932
 15933
 15936
 15937
 15938
 15938
 15941
 15945
 15946
 15948
 15949
 15949
 15953
 15956
 15958
 15961
 15962
 15962
 15963
 15964
 15964
 15965
 15965
 15968
 15975
 15977
 15979
 15983
 15988
 15989
 15992
 15995
 16001
 16002
 16003
 16007
 16011
 16012
 16017
 16019
 16020
 16021
 16022
 16023
 16026
 16026
 16029
 16030
 16030
 16030
 16033
 16035
 16036
 16040
 16043
 16045
 16050
 16050
 16059
 16059
 16061
 16063
 16064
 16065
 16066
 16067
 16068
 16071
 16075
 16076
 16076
 16076
 16077
 16078
 16078
 16083
 16083
 16087
 16096
 16099
 16101
 16104
 16106
 16106
 16106
 16107
 16108
 16109
 16109
 16113
 16116
 16117
 16119
 16120
 16120
 16122
 16122
 16122
 16123
 16124
 16131
 16132
 16140
 16142
 16144
 16147
 16148
 16149
 16149
 16150
 16150
 16151
 16155
 16156
 16157
 16158
 16158
 16158
 16161
 16168
 16173
 16174
 16181
 16185
 16186
 16186
 16187
 16188
 16193
 16193
 16195
 16201
 16205
 16212
 16212
 16213
 16218
 16221
 16224
 16224
 16225
 16227
 16228
 16229
 16231
 16232
 16233
 16235
 16240
 16241
 16242
 16244
 16247
 16250
 16251
 16252
 16252
 16254
 16258
 16259
 16262
 16263
 16263
 16265
 16266
 16266
 16268
 16274
 16276
 16279
 16282
 16286
 16290
 16291
 16292
 16298
 16299
 16299
 16300
 16301
 16311
 16313
 16316
 16316
 16319
 16320
 16325
 16325
 16326
 16328
 16329
 16330
 16330
 16331
 16332
 16335
 16338
 16339
 16340
 16342
 16344
 16345
 16351
 16359
 16360
 16361
 16361
 16362
 16363
 16367
 16371
 16372
 16375
 16376
 16377
 16377
 16379
 16379
 16384
 16386
 16387
 16388
 16389
 16393
 16398
 16403
 16407
 16407
 16407
 16410
 16417
 16424
 16424
 16425
 16425
 16429
 16433
 16437
 16437
 16438
 16453
 16453
 16457
 16459
 16459
 16462
 16468
 16469
 16472
 16475
 16478
 16483
 16486
 16488
 16490
 16492
 16493
 16493
 16495
 16496
 16499
 16499
 16503
 16504
 16505
 16507
 16507
 16508
 16511
 16512
 16516
 16516
 16520
 16520
 16522
 16524
 16526
 16526
 16526
 16529
 16530
 16534
 16539
 16541
 16541
 16546
 16551
 16552
 16553
 16554
 16555
 16555
 16555
 16555
 16556
 16556
 16558
 16559
 16560
 16561
 16563
 16564
 16564
 16571
 16575
 16577
 16580
 16584
 16596
 16598
 16601
 16605
 16606
 16606
 16607
 16608
 16610
 16611
 16613
 16617
 16617
 16620
 16621
 16621
 16626
 16626
 16632
 16636
 16637
 16639
 16640
 16649
 16652
 16654
 16654
 16655
 16658
 16659
 16660
 16661
 16663
 16664
 16664
 16664
 16665
 16673
 16674
 16676
 16676
 16679
 16681
 16686
 16690
 16691
 16692
 16693
 16695
 16696
 16698
 16701
 16702
 16703
 16703
 16710
 16711
 16712
 16712
 16713
 16715
 16716
 16725
 16726
 16727
 16727
 16729
 16732
 16735
 16735
 16738
 16740
 16741
 16743
 16747
 16751
 16752
 16753
 16753
 16754
 16754
 16755
 16755
 16757
 16759
 16760
 16762
 16765
 16766
 16768
 16773
 16774
 16775
 16777
 16782
 16783
 16792
 16793
 16795
 16795
 16796
 16797
 16797
 16798
 16802
 16803
 16805
 16806
 16806
 16814
 16816
 16822
 16822
 16822
 16827
 16828
 16829
 16829
 16839
 16839
 16841
 16843
 16847
 16848
 16850
 16850
 16852
 16854
 16854
 16856
 16859
 16861
 16864
 16869
 16869
 16871
 16871
 16873
 16878
 16887
 16887
 16891
 16891
 16891
 16897
 16901
 16903
 16910
 16917
 16918
 16918
 16922
 16924
 16925
 16925
 16925
 16931
 16931
 16938
 16940
 16941
 16944
 16945
 16946
 16948
 16950
 16952
 16953
 16954
 16955
 16955
 16956
 16958
 16959
 16960
 16967
 16971
 16980
 16982
 16985
 16985
 16986
 16991
 16993
 16997
 17000
 17001
 17002
 17004
 17008
 17008
 17009
 17013
 17015
 17017
 17020
 17021
 17021
 17027
 17028
 17032
 17033
 17036
 17040
 17043
 17046
 17048
 17052
 17053
 17053
 17053
 17055
 17056
 17057
 17057
 17061
 17066
 17066
 17069
 17072
 17072
 17073
 17075
 17075
 17084
 17084
 17085
 17087
 17090
 17094
 17094
 17103
 17105
 17106
 17109
 17111
 17115
 17115
 17117
 17119
 17124
 17126
 17129
 17131
 17132
 17136
 17138
 17139
 17141
 17143
 17145
 17145
 17148
 17148
 17150
 17151
 17155
 17163
 17165
 17171
 17172
 17175
 17175
 17185
 17186
 17186
 17197
 17198
 17198
 17199
 17199
 17200
 17202
 17203
 17205
 17208
 17209
 17209
 17211
 17212
 17213
 17215
 17218
 17218
 17218
 17219
 17221
 17221
 17227
 17227
 17227
 17232
 17232
 17232
 17236
 17237
 17239
 17242
 17245
 17247
 17249
 17249
 17256
 17258
 17260
 17268
 17273
 17274
 17274
 17274
 17275
 17275
 17279
 17279
 17279
 17280
 17280
 17282
 17283
 17285
 17288
 17291
 17292
 17293
 17296
 17296
 17299
 17300
 17301
 17307
 17312
 17314
 17317
 17323
 17324
 17324
 17327
 17332
 17336
 17338
 17340
 17340
 17347
 17347
 17348
 17350
 17351
 17356
 17357
 17357
 17358
 17360
 17362
 17366
 17369
 17380
 17383
 17387
 17387
 17388
 17391
 17392
 17396
 17396
 17396
 17397
 17399
 17406
 17410
 17410
 17411
 17412
 17415
 17416
 17417
 17418
 17425
 17427
 17430
 17431
 17431
 17435
 17437
 17437
 17439
 17440
 17444
 17445
 17451
 17453
 17454
 17454
 17459
 17460
 17460
 17461
 17464
 17469
 17469
 17475
 17476
 17476
 17482
 17485
 17485
 17488
 17489
 17489
 17490
 17490
 17491
 17492
 17493
 17495
 17499
 17501
 17504
 17509
 17510
 17510
 17513
 17513
 17519
 17524
 17524
 17524
 17525
 17525
 17531
 17532
 17544
 17544
 17545
 17545
 17547
 17553
 17555
 17556
 17556
 17562
 17564
 17565
 17566
 17568
 17574
 17576
 17578
 17582
 17588
 17589
 17590
 17590
 17590
 17591
 17592
 17592
 17595
 17597
 17598
 17599
 17602
 17603
 17605
 17606
 17607
 17607
 17608
 17610
 17612
 17612
 17613
 17615
 17626
 17628
 17629
 17629
 17631
 17632
 17632
 17633
 17633
 17640
 17640
 17642
 17642
 17643
 17645
 17645
 17646
 17647
 17647
 17649
 17651
 17654
 17656
 17658
 17659
 17664
 17664
 17667
 17668
 17673
 17673
 17675
 17680
 17681
 17682
 17683
 17683
 17683
 17685
 17689
 17695
 17696
 17697
 17700
 17701
 17702
 17706
 17711
 17712
 17713
 17714
 17717
 17719
 17722
 17723
 17723
 17727
 17728
 17729
 17729
 17730
 17731
 17733
 17735
 17735
 17741
 17742
 17742
 17743
 17746
 17749
 17750
 17751
 17756
 17758
 17759
 17760
 17762
 17763
 17767
 17768
 17768
 17770
 17774
 17775
 17778
 17780
 17781
 17784
 17784
 17787
 17791
 17793
 17794
 17797
 17801
 17801
 17804
 17804
 17808
 17809
 17813
 17814
 17820
 17824
 17827
 17831
 17833
 17835
 17837
 17838
 17838
 17840
 17846
 17851
 17852
 17853
 17853
 17859
 17859
 17865
 17866
 17870
 17874
 17878
 17886
 17887
 17890
 17893
 17895
 17895
 17896
 17896
 17897
 17897
 17901
 17901
 17902
 17908
 17909
 17911
 17912
 17913
 17918
 17920
 17923
 17924
 17926
 17927
 17928
 17928
 17932
 17941
 17942
 17942
 17943
 17944
 17944
 17945
 17947
 17951
 17953
 17965
 17968
 17969
 17977
 17977
 17979
 17990
 17991
 17993
 17993
 17994
 17995
 18001
 18001
 18006
 18006
 18009
 18013
 18015
 18017
 18018
 18019
 18024
 18024
 18025
 18029
 18030
 18030
 18031
 18035
 18036
 18037
 18038
 18041
 18043
 18046
 18047
 18048
 18051
 18057
 18061
 18061
 18062
 18062
 18064
 18065
 18071
 18073
 18075
 18081
 18082
 18083
 18088
 18088
 18089
 18097
 18098
 18098
 18102
 18104
 18104
 18107
 18108
 18109
 18116
 18118
 18119
 18123
 18130
 18131
 18134
 18134
 18134
 18135
 18135
 18135
 18144
 18145
 18148
 18152
 18153
 18158
 18159
 18161
 18161
 18161
 18164
 18166
 18170
 18172
 18174
 18175
 18183
 18183
 18186
 18189
 18191
 18193
 18194
 18194
 18195
 18198
 18200
 18204
 18205
 18206
 18210
 18211
 18213
 18214
 18215
 18215
 18217
 18224
 18225
 18226
 18227
 18231
 18233
 18233
 18233
 18236
 18237
 18241
 18241
 18243
 18243
 18245
 18245
 18252
 18254
 18255
 18257
 18258
 18261
 18262
 18264
 18266
 18267
 18271
 18271
 18272
 18273
 18274
 18281
 18281
 18282
 18286
 18288
 18289
 18289
 18292
 18293
 18295
 18296
 18305
 18308
 18309
 18314
 18315
 18320
 18323
 18324
 18328
 18329
 18331
 18333
 18340
 18344
 18344
 18345
 18348
 18355
 18357
 18360
 18360
 18364
 18367
 18369
 18379
 18382
 18385
 18389
 18390
 18392
 18392
 18392
 18395
 18396
 18396
 18396
 18396
 18399
 18400
 18401
 18402
 18403
 18407
 18411
 18412
 18417
 18418
 18421
 18422
 18423
 18426
 18427
 18427
 18428
 18429
 18432
 18434
 18438
 18439
 18440
 18442
 18442
 18443
 18447
 18448
 18451
 18451
 18452
 18455
 18457
 18457
 18461
 18464
 18470
 18473
 18474
 18483
 18484
 18485
 18485
 18497
 18497
 18501
 18501
 18503
 18505
 18507
 18508
 18508
 18509
 18521
 18521
 18524
 18526
 18531
 18531
 18536
 18538
 18538
 18540
 18544
 18546
 18551
 18559
 18566
 18567
 18567
 18568
 18570
 18572
 18573
 18573
 18575
 18576
 18577
 18577
 18577
 18578
 18579
 18580
 18585
 18588
 18589
 18595
 18596
 18597
 18599
 18604
 18609
 18611
 18618
 18620
 18621
 18622
 18622
 18623
 18626
 18626
 18627
 18627
 18632
 18633
 18633
 18633
 18634
 18634
 18634
 18635
 18636
 18637
 18643
 18643
 18647
 18649
 18654
 18657
 18660
 18661
 18662
 18663
 18665
 18666
 18667
 18667
 18669
 18671
 18676
 18680
 18680
 18684
 18685
 18686
 18693
 18694
 18694
 18695
 18696
 18698
 18698
 18706
 18706
 18707
 18709
 18710
 18710
 18714
 18717
 18723
 18723
 18725
 18727
 18734
 18739
 18739
 18744
 18745
 18746
 18748
 18749
 18752
 18757
 18759
 18763
 18767
 18768
 18770
 18772
 18782
 18784
 18785
 18785
 18787
 18788
 18794
 18794
 18795
 18797
 18798
 18799
 18799
 18805
 18808
 18808
 18810
 18812
 18815
 18815
 18816
 18817
 18818
 18822
 18822
 18825
 18826
 18829
 18831
 18833
 18834
 18835
 18836
 18840
 18841
 18843
 18844
 18846
 18850
 18850
 18850
 18854
 18856
 18856
 18857
 18857
 18860
 18861
 18862
 18863
 18864
 18866
 18866
 18868
 18870
 18873
 18873
 18873
 18875
 18876
 18878
 18881
 18882
 18888
 18890
 18892
 18892
 18896
 18898
 18899
 18899
 18900
 18902
 18903
 18904
 18907
 18908
 18908
 18910
 18919
 18921
 18921
 18921
 18923
 18926
 18926
 18928
 18934
 18935
 18937
 18939
 18943
 18945
 18947
 18952
 18954
 18954
 18955
 18966
 18967
 18968
 18969
 18970
 18973
 18973
 18974
 18977
 18978
 18981
 18983
 18985
 18985
 18989
 18992
 18996
 19001
 19005
 19007
 19016
 19021
 19024
 19032
 19049
 19053
 19054
 19055
 19056
 19057
 19061
 19061
 19061
 19062
 19066
 19067
 19067
 19069
 19069
 19069
 19071
 19081
 19083
 19084
 19084
 19085
 19088
 19088
 19091
 19091
 19092
 19092
 19095
 19098
 19099
 19099
 19106
 19109
 19110
 19110
 19110
 19115
 19118
 19118
 19124
 19125
 19130
 19130
 19134
 19134
 19137
 19137
 19137
 19137
 19138
 19142
 19145
 19154
 19156
 19162
 19163
 19164
 19164
 19168
 19176
 19177
 19179
 19179
 19181
 19184
 19184
 19185
 19185
 19188
 19194
 19194
 19199
 19202
 19205
 19206
 19207
 19207
 19207
 19211
 19213
 19213
 19215
 19217
 19219
 19219
 19222
 19223
 19224
 19226
 19227
 19229
 19231
 19232
 19233
 19234
 19237
 19243
 19245
 19245
 19249
 19251
 19253
 19253
 19256
 19259
 19260
 19260
 19260
 19266
 19267
 19270
 19270
 19272
 19276
 19279
 19279
 19281
 19281
 19284
 19286
 19287
 19287
 19288
 19288
 19289
 19292
 19295
 19296
 19297
 19300
 19303
 19303
 19303
 19304
 19307
 19308
 19309
 19312
 19317
 19317
 19317
 19317
 19320
 19327
 19330
 19331
 19331
 19331
 19332
 19333
 19339
 19341
 19343
 19344
 19346
 19349
 19356
 19357
 19359
 19362
 19366
 19367
 19370
 19370
 19372
 19375
 19376
 19378
 19380
 19380
 19387
 19388
 19389
 19392
 19393
 19401
 19401
 19404
 19405
 19406
 19407
 19408
 19408
 19410
 19413
 19416
 19423
 19423
 19426
 19428
 19428
 19436
 19437
 19438
 19441
 19443
 19444
 19447
 19450
 19455
 19457
 19459
 19460
 19460
 19461
 19463
 19464
 19466
 19468
 19469
 19472
 19475
 19475
 19484
 19490
 19491
 19493
 19494
 19496
 19498
 19508
 19508
 19512
 19513
 19514
 19520
 19520
 19521
 19521
 19524
 19525
 19526
 19527
 19530
 19532
 19537
 19538
 19538
 19542
 19543
 19543
 19547
 19552
 19559
 19561
 19561
 19562
 19562
 19563
 19565
 19565
 19572
 19574
 19574
 19575
 19575
 19580
 19589
 19594
 19597
 19598
 19601
 19601
 19604
 19611
 19611
 19612
 19614
 19620
 19621
 19622
 19629
 19632
 19632
 19634
 19638
 19638
 19639
 19640
 19641
 19644
 19644
 19645
 19648
 19649
 19653
 19659
 19660
 19661
 19664
 19664
 19665
 19666
 19669
 19670
 19671
 19676
 19679
 19679
 19681
 19683
 19688
 19688
 19690
 19692
 19693
 19693
 19703
 19704
 19707
 19708
 19712
 19712
 19716
 19720
 19725
 19727
 19730
 19730
 19731
 19740
 19740
 19742
 19742
 19748
 19752
 19755
 19764
 19765
 19768
 19768
 19770
 19784
 19784
 19786
 19790
 19794
 19795
 19796
 19797
 19799
 19799
 19801
 19804
 19806
 19814
 19817
 19818
 19819
 19819
 19819
 19820
 19821
 19822
 19824
 19830
 19835
 19836
 19837
 19842
 19849
 19851
 19852
 19853
 19854
 19855
 19856
 19856
 19856
 19857
 19859
 19860
 19860
 19861
 19863
 19865
 19868
 19868
 19869
 19870
 19872
 19876
 19881
 19885
 19886
 19892
 19897
 19897
 19901
 19904
 19905
 19908
 19913
 19917
 19920
 19920
 19925
 19926
 19926
 19926
 19937
 19940
 19946
 19950
 19952
 19952
 19954
 19957
 19966
 19968
 19968
 19971
 19975
 19981
 19985
 19987
 19989
 19990
 19992
 19992
 19993
 19995
 20010
 20011
 20017
 20021
 20021
 20029
 20031
 20032
 20039
 20041
 20043
 20047
 20047
 20048
 20048
 20049
 20052
 20053
 20055
 20057
 20058
 20066
 20066
 20068
 20068
 20070
 20071
 20071
 20074
 20074
 20075
 20079
 20087
 20097
 20097
 20100
 20106
 20106
 20107
 20110
 20111
 20116
 20117
 20118
 20121
 20123
 20125
 20132
 20133
 20138
 20140
 20144
 20147
 20148
 20148
 20148
 20150
 20156
 20162
 20163
 20164
 20167
 20168
 20171
 20172
 20172
 20172
 20177
 20181
 20183
 20183
 20183
 20183
 20184
 20189
 20202
 20204
 20205
 20206
 20207
 20208
 20213
 20213
 20221
 20223
 20228
 20232
 20233
 20233
 20234
 20235
 20242
 20243
 20248
 20249
 20252
 20256
 20261
 20265
 20266
 20277
 20277
 20285
 20285
 20286
 20287
 20287
 20289
 20296
 20298
 20298
 20298
 20300
 20302
 20303
 20304
 20306
 20311
 20318
 20320
 20329
 20332
 20332
 20333
 20334
 20335
 20335
 20337
 20339
 20341
 20342
 20342
 20342
 20343
 20343
 20345
 20353
 20354
 20361
 20362
 20363
 20367
 20371
 20376
 20377
 20383
 20383
 20389
 20391
 20394
 20394
 20401
 20402
 20406
 20415
 20417
 20420
 20422
 20424
 20431
 20433
 20434
 20438
 20438
 20440
 20440
 20444
 20448
 20456
 20461
 20461
 20461
 20462
 20463
 20464
 20466
 20466
 20467
 20470
 20474
 20476
 20481
 20484
 20484
 20485
 20488
 20490
 20494
 20495
 20497
 20501
 20501
 20503
 20504
 20507
 20507
 20512
 20512
 20518
 20518
 20523
 20524
 20526
 20536
 20536
 20540
 20541
 20543
 20543
 20551
 20553
 20555
 20556
 20558
 20561
 20565
 20576
 20577
 20581
 20584
 20588
 20592
 20595
 20597
 20602
 20603
 20606
 20614
 20614
 20616
 20619
 20620
 20624
 20625
 20629
 20629
 20632
 20633
 20639
 20639
 20640
 20644
 20652
 20653
 20654
 20662
 20663
 20671
 20679
 20691
 20692
 20692
 20694
 20694
 20695
 20696
 20699
 20700
 20701
 20704
 20705
 20707
 20709
 20709
 20709
 20712
 20724
 20725
 20730
 20732
 20732
 20733
 20736
 20739
 20740
 20741
 20745
 20747
 20749
 20752
 20757
 20757
 20766
 20768
 20774
 20777
 20781
 20781
 20784
 20785
 20791
 20793
 20794
 20799
 20799
 20801
 20803
 20803
 20804
 20812
 20813
 20818
 20819
 20820
 20822
 20828
 20830
 20836
 20841
 20845
 20850
 20854
 20854
 20864
 20866
 20868
 20870
 20871
 20874
 20877
 20881
 20882
 20885
 20885
 20890
 20890
 20893
 20898
 20900
 20900
 20901
 20902
 20905
 20912
 20918
 20921
 20922
 20925
 20927
 20927
 20931
 20935
 20936
 20939
 20939
 20939
 20940
 20944
 20944
 20946
 20948
 20948
 20951
 20954
 20964
 20975
 20976
 20976
 20976
 20977
 20979
 20980
 20990
 21000
 21003
 21006
 21007
 21010
 21013
 21014
 21017
 21021
 21030
 21034
 21038
 21044
 21047
 21047
 21050
 21054
 21059
 21074
 21079
 21083
 21084
 21085
 21087
 21089
 21090
 21094
 21095
 21097
 21098
 21103
 21104
 21109
 21111
 21113
 21120
 21126
 21126
 21127
 21129
 21130
 21133
 21133
 21134
 21134
 21135
 21136
 21148
 21150
 21155
 21156
 21156
 21157
 21158
 21163
 21164
 21170
 21170
 21170
 21172
 21173
 21176
 21180
 21183
 21188
 21190
 21194
 21205
 21210
 21212
 21217
 21224
 21225
 21228
 21231
 21234
 21236
 21237
 21237
 21239
 21241
 21242
 21250
 21252
 21269
 21274
 21284
 21284
 21284
 21286
 21287
 21288
 21291
 21295
 21298
 21298
 21300
 21312
 21314
 21319
 21321
 21325
 21330
 21330
 21333
 21336
 21340
 21341
 21348
 21349
 21358
 21363
 21376
 21378
 21384
 21396
 21400
 21403
 21409
 21417
 21418
 21422
 21424
 21427
 21428
 21433
 21433
 21433
 21439
 21442
 21444
 21445
 21456
 21460
 21461
 21461
 21463
 21470
 21471
 21471
 21475
 21477
 21477
 21478
 21481
 21482
 21492
 21497
 21500
 21504
 21506
 21511
 21511
 21520
 21521
 21521
 21522
 21526
 21532
 21537
 21539
 21545
 21546
 21547
 21550
 21554
 21555
 21558
 21564
 21577
 21581
 21590
 21595
 21597
 21601
 21608
 21613
 21614
 21616
 21618
 21621
 21622
 21626
 21626
 21627
 21628
 21634
 21636
 21639
 21641
 21645
 21653
 21656
 21658
 21660
 21660
 21661
 21667
 21674
 21683
 21691
 21697
 21703
 21711
 21718
 21721
 21721
 21722
 21731
 21738
 21741
 21741
 21744
 21746
 21752
 21753
 21762
 21772
 21772
 21778
 21779
 21795
 21799
 21803
 21804
 21811
 21811
 21821
 21823
 21823
 21825
 21826
 21833
 21835
 21837
 21840
 21841
 21842
 21842
 21859
 21862
 21862
 21866
 21867
 21868
 21876
 21877
 21886
 21892
 21895
 21898
 21904
 21906
 21907
 21910
 21913
 21916
 21917
 21917
 21917
 21922
 21926
 21929
 21929
 21936
 21937
 21939
 21944
 21946
 21947
 21948
 21950
 21952
 21955
 21956
 21958
 21959
 21965
 21967
 21968
 21969
 21969
 21973
 21977
 21978
 21981
 21982
 21985
 21990
 21994
 21998
 22002
 22004
 22008
 22014
 22022
 22024
 22025
 22027
 22032
 22035
 22036
 22036
 22036
 22040
 22042
 22043
 22055
 22056
 22062
 22062
 22064
 22069
 22072
 22079
 22087
 22096
 22097
 22098
 22109
 22111
 22111
 22114
 22117
 22120
 22121
 22132
 22133
 22135
 22143
 22144
 22144
 22146
 22146
 22147
 22148
 22148
 22150
 22156
 22171
 22181
 22196
 22204
 22205
 22210
 22211
 22214
 22220
 22224
 22230
 22231
 22233
 22233
 22236
 22236
 22237
 22249
 22250
 22250
 22251
 22252
 22253
 22254
 22256
 22257
 22258
 22268
 22271
 22271
 22272
 22273
 22274
 22275
 22277
 22285
 22289
 22293
 22294
 22298
 22300
 22307
 22310
 22312
 22314
 22316
 22328
 22335
 22339
 22339
 22339
 22341
 22341
 22345
 22356
 22356
 22363
 22367
 22369
 22371
 22371
 22381
 22382
 22388
 22395
 22395
 22403
 22404
 22406
 22409
 22411
 22420
 22427
 22436
 22438
 22439
 22454
 22458
 22460
 22462
 22462
 22463
 22476
 22481
 22487
 22494
 22494
 22494
 22503
 22505
 22525
 22526
 22528
 22532
 22533
 22535
 22537
 22550
 22552
 22557
 22563
 22578
 22582
 22588
 22593
 22597
 22598
 22613
 22614
 22617
 22619
 22620
 22620
 22628
 22628
 22635
 22635
 22639
 22647
 22650
 22657
 22660
 22665
 22666
 22668
 22670
 22674
 22683
 22684
 22691
 22698
 22698
 22701
 22705
 22709
 22714
 22715
 22719
 22719
 22720
 22726
 22732
 22735
 22736
 22738
 22738
 22740
 22742
 22745
 22755
 22768
 22779
 22800
 22813
 22814
 22815
 22820
 22823
 22823
 22829
 22834
 22838
 22841
 22843
 22846
 22876
 22879
 22880
 22883
 22884
 22884
 22884
 22887
 22895
 22897
 22899
 22906
 22920
 22921
 22940
 22942
 22944
 22952
 22958
 22958
 22966
 22968
 22984
 22984
 22990
 22990
 22995
 22997
 22999
 23001
 23002
 23019
 23022
 23028
 23031
 23033
 23034
 23036
 23045
 23050
 23051
 23054
 23058
 23066
 23075
 23079
 23081
 23083
 23087
 23091
 23093
 23095
 23102
 23110
 23132
 23139
 23146
 23147
 23153
 23172
 23172
 23176
 23179
 23180
 23187
 23191
 23195
 23207
 23210
 23220
 23222
 23223
 23224
 23229
 23229
 23237
 23237
 23244
 23252
 23255
 23256
 23256
 23262
 23262
 23265
 23271
 23272
 23281
 23291
 23295
 23299
 23301
 23301
 23306
 23307
 23310
 23315
 23322
 23322
 23324
 23328
 23333
 23336
 23337
 23338
 23338
 23344
 23353
 23356
 23362
 23371
 23372
 23375
 23384
 23392
 23397
 23399
 23405
 23409
 23417
 23422
 23424
 23430
 23432
 23432
 23434
 23437
 23441
 23461
 23483
 23487
 23492
 23510
 23512
 23518
 23522
 23524
 23537
 23538
 23539
 23540
 23548
 23550
 23559
 23570
 23576
 23581
 23582
 23602
 23609
 23609
 23618
 23620
 23623
 23623
 23631
 23634
 23644
 23645
 23645
 23645
 23646
 23648
 23652
 23659
 23666
 23669
 23672
 23675
 23682
 23682
 23682
 23690
 23691
 23724
 23732
 23738
 23739
 23753
 23754
 23754
 23760
 23774
 23792
 23803
 23811
 23812
 23845
 23856
 23857
 23860
 23863
 23864
 23865
 23866
 23867
 23870
 23875
 23877
 23878
 23879
 23882
 23883
 23884
 23886
 23887
 23912
 23922
 23923
 23926
 23926
 23932
 23934
 23943
 23943
 23946
 23949
 23969
 23971
 23973
 23974
 23975
 23999
 24001
 24006
 24007
 24007
 24017
 24030
 24031
 24032
 24033
 24034
 24034
 24043
 24061
 24065
 24069
 24076
 24077
 24081
 24091
 24093
 24095
 24098
 24107
 24108
 24108
 24112
 24123
 24123
 24125
 24128
 24128
 24130
 24131
 24138
 24140
 24147
 24149
 24158
 24161
 24165
 24170
 24182
 24185
 24190
 24190
 24195
 24201
 24202
 24216
 24218
 24236
 24242
 24242
 24244
 24254
 24262
 24263
 24263
 24273
 24277
 24282
 24285
 24286
 24287
 24292
 24296
 24299
 24302
 24308
 24308
 24315
 24316
 24320
 24325
 24329
 24329
 24331
 24338
 24342
 24345
 24348
 24353
 24355
 24363
 24364
 24365
 24381
 24386
 24390
 24393
 24393
 24396
 24398
 24426
 24426
 24426
 24435
 24435
 24451
 24459
 24462
 24468
 24470
 24473
 24483
 24492
 24493
 24495
 24499
 24501
 24503
 24522
 24523
 24529
 24567
 24578
 24584
 24589
 24592
 24602
 24602
 24608
 24612
 24616
 24621
 24627
 24635
 24642
 24643
 24648
 24651
 24651
 24654
 24660
 24661
 24662
 24664
 24670
 24671
 24675
 24683
 24685
 24685
 24686
 24687
 24689
 24691
 24694
 24702
 24703
 24704
 24706
 24712
 24713
 24714
 24714
 24715
 24725
 24747
 24755
 24755
 24756
 24765
 24767
 24768
 24769
 24773
 24774
 24777
 24780
 24785
 24787
 24814
 24818
 24824
 24852
 24852
 24853
 24858
 24873
 24874
 24874
 24875
 24875
 24879
 24899
 24909
 24927
 24934
 24938
 24941
 24942
 24946
 24947
 24948
 24951
 24953
 24966
 24981
 24998
 25013
 25029
 25030
 25035
 25044
 25055
 25060
 25061
 25065
 25066
 25077
 25090
 25090
 25102
 25140
 25150
 25150
 25157
 25167
 25169
 25180
 25186
 25188
 25200
 25210
 25210
 25215
 25228
 25231
 25235
 25248
 25250
 25250
 25258
 25264
 25271
 25289
 25302
 25305
 25334
 25337
 25338
 25340
 25345
 25346
 25352
 25353
 25360
 25368
 25370
 25384
 25389
 25390
 25404
 25409
 25413
 25414
 25421
 25432
 25438
 25452
 25457
 25470
 25478
 25479
 25479
 25484
 25491
 25492
 25492
 25501
 25501
 25517
 25540
 25540
 25553
 25581
 25583
 25615
 25619
 25625
 25625
 25629
 25654
 25654
 25666
 25679
 25691
 25714
 25720
 25723
 25734
 25742
 25743
 25749
 25760
 25763
 25765
 25770
 25771
 25776
 25777
 25791
 25802
 25827
 25836
 25843
 25853
 25871
 25873
 25885
 25890
 25897
 25902
 25911
 25913
 25923
 25924
 25929
 25938
 25979
 25984
 25999
 26008
 26020
 26025
 26029
 26033
 26037
 26040
 26049
 26052
 26055
 26070
 26075
 26083
 26089
 26108
 26109
 26114
 26116
 26121
 26122
 26124
 26131
 26140
 26154
 26166
 26168
 26172
 26173
 26174
 26176
 26177
 26189
 26200
 26202
 26203
 26205
 26208
 26220
 26220
 26224
 26240
 26247
 26256
 26258
 26262
 26270
 26290
 26297
 26315
 26325
 26335
 26341
 26347
 26354
 26360
 26373
 26374
 26384
 26387
 26394
 26412
 26414
 26419
 26447
 26456
 26458
 26470
 26477
 26496
 26502
 26502
 26515
 26517
 26521
 26522
 26526
 26528
 26534
 26552
 26585
 26600
 26604
 26620
 26623
 26634
 26650
 26669
 26676
 26691
 26712
 26730
 26733
 26754
 26759
 26768
 26769
 26809
 26833
 26847
 26848
 26851
 26859
 26861
 26877
 26901
 26925
 26947
 26957
 26970
 26988
 26993
 26994
 27005
 27014
 27054
 27062
 27073
 27094
 27096
 27098
 27117
 27119
 27120
 27129
 27156
 27161
 27169
 27182
 27216
 27262
 27272
 27274
 27279
 27312
 27324
 27326
 27360
 27412
 27429
 27440
 27489
 27518
 27530
 27537
 27537
 27546
 27552
 27557
 27566
 27568
 27574
 27575
 27587
 27591
 27591
 27592
 27610
 27625
 27630
 27644
 27678
 27703
 27751
 27757
 27793
 27798
 27798
 27800
 27806
 27830
 27842
 27851
 27868
 27885
 27885
 27908
 27934
 27938
 27969
 27983
 27999
 28040
 28072
 28089
 28093
 28112
 28121
 28121
 28128
 28161
 28177
 28203
 28246
 28251
 28255
 28261
 28269
 28280
 28282
 28283
 28304
 28349
 28358
 28396
 28408
 28417
 28421
 28445
 28446
 28481
 28558
 28567
 28581
 28598
 28607
 28608
 28625
 28656
 28658
 28660
 28681
 28716
 28722
 28766
 28775
 28830
 28846
 28927
 29018
 29027
 29069
 29078
 29095
 29103
 29111
 29113
 29151
 29156
 29290
 29418
 29455
 29532
 29604
 29632
 29660
 29690
 29720
 29856
