 4168
 14613
 17943
 13080
 9060
 8627
 7117
 6309
 3723
 8176
 10646
 2919
 299
 18428
 22
 9379
 18921
 10418
 5894
 18395
 11914
 18098
 12953
 18183
 5048
 10194
 10366
 15431
 2690
 9009
 12008
 15320
 8677
 12364
 7277
 18693
 18666
 11252
 16300
 4384
 11952
 18943
 4787
 4465
 4044
 1983
 11072
 13198
 17357
 4176
 2310
 17004
 12581
 17397
 8082
 12213
 18501
 486
 12654
 6842
 8392
 19267
 3077
 9322
 14772
 1292
 3752
 2564
 3836
 3411
 8209
 7530
 10313
 4530
 16231
 8375
 1273
 10586
 19393
 7954
 2408
 9195
 9934
 5763
 847
 6987
 4148
 13541
 3115
 17681
 9240
 6492
 17664
 6721
 8221
 714
 15837
 6045
 7152
 16925
 16065
 4345
 548
 1898
 12382
 20079
 4345
 3040
 2237
 7221
 2531
 18134
 17730
 1004
 6536
 10183
 1137
 10714
 5033
 9792
 13585
 4186
 1093
 19670
 10065
 2579
 7546
 19069
 264
 18566
 17069
 7799
 18241
 2508
 10604
 18281
 8439
 15264
 11699
 10645
 14109
 5784
 3148
 11171
 1986
 7961
 2458
 4033
 13106
 1643
 1431
 2157
 12384
 8011
 10684
 12688
 7619
 8961
 13506
 4141
 15294
 9169
 3527
 16698
 2949
 1109
 787
 19343
 5917
 10891
 7899
 1629
 8227
 2155
 14565
 19137
 19920
 9564
 11245
 9336
 15035
 2055
 231
 309
 2527
 17227
 3687
 12881
 9278
 15507
 1982
 7554
 3174
 15461
 3589
 11695
 5236
 1501
 11391
 17923
 1719
 2298
 12986
 7457
 18390
 6966
 16918
 5975
 9588
 7067
 15177
 7445
 7666
 16212
 7906
 13023
 5878
 12738
 5580
 8609
 5387
 2769
 15669
 3876
 12233
 6186
 10288
 9118
 6006
 19786
 7833
 11502
 11597
 1491
 6807
 616
 9790
 16225
 8230
 18573
 16822
 18400
 18037
 9664
 3137
 19292
 10509
 13716
 12077
 1049
 5044
 3722
 8753
 6052
 7921
 14009
 11342
 4617
 5393
 6318
 6932
 8518
 2344
 14967
 4616
 9472
 19644
 7387
 10084
 6229
 4415
 2925
 6303
 3250
 12347
 19392
 1583
 8453
 4755
 5980
 11309
 14262
 6727
 14161
 1880
 4338
 11672
 1804
 2685
 17928
 4941
 1672
 2773
 2232
 3350
 7847
 4847
 11143
 8815
 9537
 11087
 4184
 8199
 2428
 17719
 5208
 12129
 2749
 8997
 2841
 12474
 5278
 12605
 11778
 15085
 5825
 5897
 18596
 4980
 8515
 1758
 7824
 8175
 7348
 9057
 6375
 6089
 1542
 7978
 11474
 14841
 8163
 1543
 19284
 5735
 3429
 9604
 9628
 20144
 19648
 1066
 12511
 15084
 4483
 12774
 11365
 5005
 3935
 9931
 13475
 9322
 1734
 4602
 1609
 8606
 18233
 19937
 13917
 3691
 3163
 4705
 2728
 5282
 14313
 12661
 9935
 2759
 5838
 15504
 5765
 7888
 11025
 8710
 2271
 4655
 6642
 16398
 3624
 18417
 16438
 8966
 8373
 7461
 4767
 7800
 12188
 8481
 8543
 6492
 8737
 8865
 18926
 11805
 13841
 10898
 11130
 1504
 18227
 2895
 18047
 7810
 2939
 15593
 11608
 1474
 6145
 5612
 6676
 19679
 19217
 447
 10604
 451
 13604
 5580
 12787
 6784
 5295
 18785
 751
 2266
 9467
 17750
 19688
 6597
 15509
 3953
 11711
 13136
 998
 9350
 14785
 19459
 10534
 17762
 18843
 5829
 9069
 7498
 11376
 13825
 7178
 10496
 16425
 4297
 6999
 2214
 5613
 19227
 12268
 12006
 11121
 4963
 5651
 13297
 6481
 6946
 16796
 18214
 1247
 16782
 18770
 3221
 955
 11162
 3534
 4869
 9509
 3479
 10731
 19443
 3247
 16122
 3833
 3932
 3222
 11808
 4534
 1020
 13234
 1648
 18969
 9368
 5868
 9216
 1585
 9113
 12208
 4027
 19598
 16186
 7651
 5825
 1278
 10725
 11639
 2479
 2523
 16120
 8636
 1984
 7267
 1229
 11129
 4404
 9416
 10394
 3035
 5681
 2472
 10775
 4749
 3879
 15168
 830
 8841
 6584
 18013
 5624
 12718
 7864
 18643
 9109
 12627
 16113
 13010
 3195
 15482
 7978
 8149
 4996
 2280
 9673
 4029
 10529
 6805
 17046
 13150
 2724
 7231
 9379
 2455
 12604
 4964
 3529
 10696
 10626
 8303
 18324
 4895
 19444
 10194
 17953
 1492
 9727
 6134
 14887
 3830
 17090
 9615
 1076
 19428
 8177
 4755
 7961
 2817
 6295
 6699
 18505
 930
 13568
 2667
 4990
 6410
 12758
 17791
 4285
 2680
 650
 17383
 9850
 8639
 1237
 9765
 5407
 14071
 19520
 17460
 11849
 3890
 8449
 3035
 15732
 2673
 9382
 4162
 13497
 20183
 9207
 6341
 1012
 13182
 6007
 4454
 11530
 7177
 8139
 11783
 4843
 4922
 10911
 11929
 3509
 4870
 12325
 8431
 1881
 9605
 8703
 5846
 8098
 7022
 3967
 16617
 13682
 9794
 8301
 9632
 12623
 10823
 8457
 9736
 15647
 8697
 4625
 7033
 4944
 19580
 9701
 5668
 8283
 20213
 777
 8812
 11338
 18426
 13611
 6135
 12343
 14151
 16229
 9860
 7191
 3506
 2693
 1407
 2743
 11073
 20588
 18546
 10309
 16954
 2196
 1695
 8499
 19099
 15510
 20332
 16407
 2123
 4586
 2813
 7158
 2481
 7727
 18696
 2307
 3364
 9422
 9157
 4002
 4899
 15322
 3557
 16850
 11142
 8795
 5861
 4042
 11316
 8940
 2083
 13987
 4470
 2625
 8272
 18967
 16076
 6253
 2534
 2952
 831
 13987
 3995
 12867
 11254
 6907
 13271
 2311
 10189
 18135
 13954
 1217
 13571
 15174
 7554
 14490
 13106
 11561
 10308
 19251
 13701
 19253
 5209
 783
 8485
 12600
 1859
 12531
 9684
 7647
 11151
 9609
 19870
 2519
 9093
 10123
 13356
 7731
 5246
 14174
 5851
 1550
 7158
 3356
 3021
 6481
 5186
 1687
 7327
 19863
 12484
 10587
 7002
 11695
 2844
 19219
 13325
 14561
 12257
 15215
 17275
 10293
 6416
 7268
 18161
 1616
 13700
 4181
 1211
 8352
 2824
 4881
 4824
 1051
 1737
 17564
 3403
 15907
 6350
 2482
 6483
 5996
 7532
 809
 12829
 15169
 14773
 7511
 19768
 1604
 13906
 13588
 7337
 2452
 15121
 2049
 11073
 6132
 12512
 8073
 5612
 8426
 6298
 3879
 6954
 3141
 19137
 9832
 10468
 4387
 14734
 19538
 8631
 9073
 2469
 4293
 7317
 7316
 10732
 13569
 10573
 11944
 4189
 7529
 2887
 12199
 12313
 4231
 3188
 10509
 10400
 6447
 11877
 10809
 13151
 4776
 12379
 4982
 14377
 6696
 5567
 1594
 9513
 10751
 12116
 11631
 14486
 10424
 3273
 1744
 7016
 9467
 4947
 17846
 6826
 10230
 10843
 10805
 1297
 6558
 8308
 8768
 11340
 6192
 3695
 18164
 12957
 10876
 12146
 17780
 5415
 8005
 2886
 5936
 10887
 5410
 6192
 10251
 5416
 16361
 20803
 11869
 946
 11436
 11316
 7767
 1251
 15428
 12654
 11045
 11937
 7630
 16679
 11128
 15022
 13043
 10355
 3589
 10780
 4108
 19287
 16168
 7619
 8614
 3904
 4557
 12850
 2498
 2101
 12176
 14498
 10880
 20074
 1539
 5329
 10941
 14551
 2512
 13230
 10170
 8137
 19968
 2352
 6815
 7767
 14620
 20235
 20512
 8439
 7218
 5477
 7167
 3282
 7130
 2694
 7763
 14005
 6104
 17647
 3463
 20298
 2533
 12845
 10533
 19622
 16106
 12302
 10837
 8740
 2476
 11475
 9280
 4402
 7822
 4454
 9338
 17482
 1395
 3182
 8192
 5669
 5156
 11392
 1374
 2827
 10001
 13592
 14164
 13101
 7963
 1321
 15610
 4918
 13265
 1745
 5185
 10815
 2425
 9488
 3676
 9955
 5938
 9339
 19199
 12467
 6359
 12876
 2887
 3722
 4262
 4700
 8986
 9827
 9474
 2196
 4976
 5834
 9239
 11296
 8146
 19472
 9020
 13702
 1474
 2083
 6973
 14357
 12475
 5085
 8857
 12768
 6170
 5180
 9065
 12045
 8606
 17874
 8835
 1578
 12076
 13598
 10078
 8576
 10806
 15995
 12054
 14282
 5917
 16663
 19954
 8039
 10580
 11462
 11364
 1806
 13287
 7128
 11377
 14018
 8892
 12233
 19730
 17350
 4728
 16151
 7610
 2226
 5029
 11769
 4473
 5543
 11219
 17902
 1888
 12160
 7645
 3156
 2438
 10601
 9069
 1658
 4075
 15156
 17347
 5784
 16891
 3050
 9137
 11837
 21013
 8703
 11467
 9353
 8108
 1161
 2685
 13820
 15213
 5458
 16541
 10895
 9538
 2476
 13251
 9410
 9559
 1284
 12342
 4821
 9980
 2362
 3465
 10843
 1418
 8624
 15941
 6444
 10697
 19266
 2345
 4442
 13840
 18261
 12240
 4678
 1326
 1458
 20306
 20052
 17866
 6420
 11757
 4828
 3494
 9408
 19109
 4578
 8074
 8117
 7209
 5640
 7230
 14565
 13368
 8994
 16918
 14595
 1636
 3051
 6613
 11613
 8694
 20695
 20172
 5483
 7635
 6504
 15458
 5448
 14782
 4229
 6680
 1665
 19837
 3207
 14541
 18860
 8352
 7382
 3072
 7771
 6175
 10324
 8244
 7697
 1667
 11800
 20633
 11092
 10248
 3582
 12744
 2275
 17057
 1724
 2671
 12266
 3549
 10424
 2542
 12436
 13001
 6648
 10657
 16224
 8790
 1274
 5151
 9911
 3004
 12710
 12546
 7229
 10942
 10881
 1352
 8806
 20944
 16931
 14969
 6316
 3671
 3307
 13162
 8926
 4305
 8945
 9122
 3450
 10261
 15932
 16123
 4445
 13243
 2358
 11147
 8698
 1630
 12636
 6531
 4362
 2017
 4666
 1304
 10884
 9297
 3223
 5312
 13198
 13481
 4045
 20223
 7570
 4347
 3100
 13443
 8563
 4238
 14686
 5197
 2978
 13059
 9822
 11249
 10060
 3485
 2853
 9087
 13399
 7455
 5430
 18627
 16109
 15736
 9339
 10346
 7767
 9565
 3326
 18694
 17198
 12950
 3708
 9043
 17870
 8028
 9431
 7899
 8141
 9280
 13260
 8919
 4970
 5008
 11717
 11704
 6121
 6934
 3311
 1605
 10974
 8673
 18926
 10117
 8999
 9736
 9263
 7487
 4319
 7852
 14462
 10496
 18161
 8253
 14010
 6429
 6570
 5472
 3302
 12346
 6706
 19856
 2657
 3434
 8188
 3555
 6840
 10007
 17723
 19886
 13658
 19876
 5015
 8235
 19693
 18418
 6209
 8217
 10655
 18432
 4388
 6341
 11039
 16759
 14460
 12456
 3949
 20804
 5964
 11825
 2384
 18567
 18794
 15013
 15622
 4236
 16029
 21156
 13249
 20183
 16522
 6637
 7504
 5734
 3755
 16869
 12667
 15218
 13634
 3380
 7252
 14006
 10925
 13296
 7530
 9490
 5498
 10015
 11743
 14642
 12988
 4470
 11644
 12619
 7198
 16263
 21348
 4710
 2072
 10811
 14599
 12225
 2432
 2876
 20440
 13361
 20066
 4151
 10080
 8172
 16499
 13280
 16468
 10151
 2594
 11990
 4005
 9435
 4465
 7848
 10359
 13837
 3683
 19640
 3348
 9294
 14038
 9279
 5473
 10592
 11762
 18833
 14610
 10394
 3618
 13987
 4506
 9294
 4227
 12970
 8069
 6441
 15515
 11205
 12169
 2395
 4397
 11774
 7833
 18840
 7273
 2573
 10909
 11102
 9801
 8574
 13663
 6584
 11385
 9428
 2855
 5506
 15190
 17613
 2601
 7693
 7579
 2280
 13725
 3493
 11159
 8453
 4528
 7922
 5187
 14604
 10201
 16924
 17043
 2544
 10287
 1458
 1932
 14965
 4793
 9805
 2197
 14128
 13285
 2288
 10640
 9006
 17565
 5427
 5386
 7320
 7958
 13089
 11761
 19765
 5803
 19966
 20422
 7344
 8491
 12013
 8275
 17852
 2862
 12272
 7583
 20277
 4397
 17009
 6399
 9961
 1555
 5665
 1903
 8631
 4046
 10176
 11458
 11702
 2890
 11452
 1718
 14201
 11201
 17053
 20172
 9841
 7659
 13376
 1751
 14164
 9052
 21314
 8562
 12253
 4431
 12097
 6006
 15956
 14333
 6717
 10732
 14960
 5491
 19524
 1825
 1561
 7842
 7214
 1752
 9203
 8568
 9798
 12036
 12280
 14608
 4330
 10613
 5605
 15429
 3509
 16754
 19512
 8141
 5467
 16393
 18808
 20100
 5173
 6947
 19413
 17094
 13310
 2171
 21522
 4577
 17340
 17808
 11872
 19401
 17411
 8761
 19053
 13550
 6262
 4985
 1661
 4364
 2864
 3604
 9847
 7234
 9731
 4448
 1764
 6053
 2847
 4831
 2675
 9813
 12628
 4140
 8257
 9743
 15483
 5588
 18135
 14309
 10194
 12039
 10132
 6284
 13511
 2446
 14028
 13236
 2839
 4928
 10225
 6717
 2103
 11760
 9522
 12104
 2067
 14025
 12609
 3147
 20565
 6269
 5945
 2730
 20712
 19801
 6175
 7714
 13437
 10269
 2984
 2791
 8750
 9644
 9148
 8881
 16993
 13791
 11065
 17778
 2800
 13630
 4699
 20747
 5767
 10417
 8507
 6592
 2893
 8244
 9814
 19849
 1702
 3050
 13167
 11691
 13560
 9715
 17399
 13734
 8876
 10369
 18412
 3951
 7096
 20391
 6112
 5953
 18075
 20339
 4027
 8240
 5608
 11966
 6820
 5599
 13543
 3169
 13148
 5394
 19704
 11114
 6155
 14950
 3610
 2383
 20287
 18752
 7659
 5378
 6706
 16131
 6704
 9990
 16459
 9862
 18903
 5921
 7688
 16325
 8475
 15123
 16475
 20438
 10312
 10982
 4402
 11551
 8320
 5702
 21180
 3495
 12350
 12978
 13256
 20074
 12376
 8659
 12944
 7953
 4618
 4621
 12182
 21601
 11633
 19797
 6094
 1810
 10196
 10818
 4925
 11651
 15882
 4966
 3360
 13868
 15544
 6366
 5807
 16181
 5562
 16424
 7267
 14021
 5797
 14357
 10518
 6909
 10058
 18367
 20939
 12550
 11165
 13757
 12462
 4136
 11574
 11477
 20444
 3069
 17656
 11537
 11110
 3653
 2256
 10485
 14866
 4475
 3360
 11215
 5475
 2663
 3933
 14768
 8538
 12086
 2902
 14874
 10652
 5511
 5750
 10715
 16534
 3943
 6380
 19897
 5023
 3328
 10408
 17742
 2333
 13357
 17544
 16407
 5611
 7953
 11061
 2247
 12569
 8489
 8168
 3265
 5620
 7007
 18065
 13957
 6280
 2016
 18873
 9866
 12451
 6000
 4517
 11470
 16155
 6589
 7230
 18634
 9587
 11601
 11823
 19562
 4282
 8844
 4015
 9467
 21109
 14705
 3424
 8453
 2206
 14751
 16727
 4891
 14540
 18051
 9629
 8240
 5941
 17357
 14037
 6541
 2482
 4096
 7391
 14657
 13154
 3086
 3036
 4664
 17489
 6979
 2707
 11695
 2970
 7680
 3572
 21094
 10827
 19660
 5819
 21718
 10280
 12390
 20918
 15878
 2770
 10237
 3499
 7353
 2666
 8099
 13844
 3978
 7857
 2816
 9676
 15323
 10577
 10787
 21007
 2858
 15073
 20318
 18684
 4389
 19237
 4467
 7838
 4607
 14069
 11401
 15148
 6756
 3615
 14212
 17742
 13417
 10767
 10836
 18817
 13127
 14062
 6220
 8860
 11434
 14536
 9078
 2644
 9541
 2866
 5189
 7933
 2728
 14764
 2539
 9650
 19989
 16388
 3020
 6326
 5199
 12379
 4114
 9820
 3764
 17036
 2243
 9316
 19341
 2922
 19952
 3464
 4579
 16361
 14607
 9238
 15572
 3488
 4331
 4606
 7174
 6925
 14842
 8494
 5660
 9529
 10160
 8700
 10791
 14654
 16371
 20900
 5470
 11686
 4814
 4211
 6736
 9526
 14953
 2883
 20121
 8011
 10521
 14055
 12820
 8259
 3668
 8554
 14929
 14528
 8392
 17075
 13575
 9352
 6444
 12492
 3211
 5648
 5303
 8739
 2882
 5659
 14000
 5776
 12659
 12925
 13349
 12504
 17920
 9765
 12800
 10802
 19638
 9819
 8311
 3176
 11683
 12613
 14723
 19968
 5448
 2480
 13907
 10299
 7888
 2605
 15906
 2077
 11584
 2714
 2918
 20335
 16142
 3491
 21835
 13058
 4183
 10345
 2399
 19317
 13355
 5058
 12687
 17784
 6412
 10976
 4690
 3217
 14328
 9206
 3844
 8991
 13250
 13785
 20822
 8798
 10280
 12676
 13892
 17291
 4384
 8094
 5255
 13864
 11476
 11935
 20556
 7201
 16561
 11505
 17476
 10768
 10106
 3476
 20733
 13662
 19138
 21892
 3858
 9771
 9402
 13055
 10783
 11792
 10791
 4354
 12983
 5827
 14712
 5875
 9209
 10524
 12630
 2468
 18464
 10133
 5276
 6166
 14523
 10550
 9258
 4509
 9692
 7250
 20725
 6179
 19508
 6156
 15617
 13519
 2847
 14398
 13809
 12263
 4508
 4124
 13470
 14483
 8768
 10612
 10631
 16516
 10955
 12056
 13672
 5365
 3227
 9760
 20494
 18289
 10080
 5033
 20841
 3541
 2992
 12355
 4323
 2327
 13563
 2570
 3824
 2888
 11521
 2930
 3782
 15702
 3203
 12393
 14096
 6709
 4920
 13879
 14045
 3070
 19137
 18985
 13342
 11320
 5823
 16559
 8337
 2871
 4483
 16002
 12823
 17794
 6918
 11178
 13804
 5241
 11130
 8095
 9144
 20343
 5345
 2703
 18273
 10868
 7036
 17055
 17348
 7950
 11015
 20629
 3684
 13706
 2979
 11830
 16577
 8181
 10900
 3083
 13805
 5872
 15276
 2857
 5819
 15307
 5543
 3089
 12025
 19632
 2425
 5813
 8832
 11236
 12613
 17020
 2793
 7722
 19856
 14760
 5315
 14601
 16693
 19062
 17602
 7982
 20921
 3462
 5721
 9877
 10402
 8924
 10155
 8484
 18148
 8421
 10622
 4664
 19612
 3422
 21170
 5445
 6880
 5618
 10321
 12536
 14454
 10690
 11111
 7615
 14725
 21738
 4724
 9131
 9962
 11650
 22111
 7925
 20619
 6338
 7757
 5343
 14641
 11337
 18899
 17756
 10769
 15104
 15432
 2226
 11627
 9018
 4446
 14015
 7607
 8063
 20147
 3450
 12061
 10025
 5251
 14363
 21156
 6575
 19712
 12862
 11662
 4064
 11780
 12484
 6178
 16338
 7078
 2363
 8457
 20156
 8108
 8735
 12796
 10432
 20320
 15968
 15230
 19917
 13318
 19142
 2471
 6052
 7789
 14802
 4992
 4537
 6563
 3175
 3414
 8509
 11822
 22121
 9929
 14554
 7737
 12005
 3684
 16158
 12715
 9265
 13362
 15643
 6879
 15093
 14798
 19822
 2767
 16106
 4123
 3199
 7505
 6018
 5782
 17608
 7367
 12425
 5641
 10778
 11890
 17258
 9442
 6364
 14471
 6549
 11267
 13494
 13829
 19295
 15674
 6381
 3877
 14922
 5396
 12335
 7027
 5735
 9326
 8273
 4892
 11705
 4844
 7447
 6056
 15068
 2765
 5877
 17642
 8230
 6463
 8499
 13558
 5676
 3631
 16854
 18483
 9096
 7780
 16605
 13233
 4090
 21133
 5480
 18876
 8749
 13431
 13504
 12465
 8188
 3683
 11443
 11760
 6836
 9528
 11679
 3507
 12571
 11701
 11889
 22014
 14673
 11049
 4494
 15992
 7190
 17895
 9041
 4857
 13260
 11636
 10038
 4612
 5823
 8259
 18744
 6199
 11778
 4707
 11158
 9824
 5212
 3319
 4570
 22002
 9955
 10374
 9181
 2649
 20039
 3476
 10725
 21291
 10291
 4753
 21521
 6335
 3023
 22289
 4343
 13698
 8617
 7835
 14219
 13191
 2549
 7238
 14883
 11742
 14514
 19297
 18808
 12297
 3727
 8433
 13552
 9963
 6223
 10720
 7514
 12834
 15913
 9268
 6425
 13687
 8626
 4062
 18309
 18292
 18559
 8852
 7598
 8053
 5286
 6978
 5538
 14145
 7556
 4700
 9425
 13275
 6308
 4567
 5935
 15796
 14814
 2905
 18331
 14627
 17951
 15661
 10205
 18904
 2792
 11163
 4309
 9293
 9305
 11064
 7857
 21054
 3343
 11610
 10463
 10075
 21163
 12495
 14660
 7515
 5525
 10959
 8556
 5971
 9825
 11790
 9060
 8328
 6481
 18134
 15043
 6849
 9691
 14197
 3984
 12256
 5740
 6003
 5888
 8371
 18029
 15143
 4671
 17606
 16613
 8266
 22481
 12091
 12992
 20652
 8217
 3293
 16367
 3845
 10810
 15185
 15503
 13999
 15133
 7853
 14734
 3666
 19410
 7662
 19307
 2624
 8153
 12549
 8446
 7075
 12259
 3057
 15512
 11283
 6453
 11955
 7308
 18508
 5550
 11070
 12526
 20543
 21577
 18030
 18618
 12104
 7077
 12602
 12632
 2593
 5378
 4429
 15903
 11028
 12270
 2737
 10744
 15606
 12450
 20461
 17061
 11347
 4103
 8433
 8545
 20068
 5180
 9134
 15753
 5704
 6684
 8620
 3132
 6866
 4380
 9302
 13279
 13695
 11667
 12857
 12739
 20107
 22525
 18061
 7083
 13733
 6817
 9619
 8489
 15103
 8113
 4928
 7433
 17770
 5521
 18680
 17232
 22146
 21564
 15199
 4742
 7974
 3556
 9292
 10418
 14380
 22233
 10175
 12740
 21330
 20172
 7988
 11737
 10839
 5268
 8088
 9530
 8971
 14129
 8795
 10343
 21444
 7887
 14215
 6802
 7282
 20204
 5392
 9454
 3766
 5053
 4461
 13994
 7119
 7886
 11206
 11608
 16212
 22250
 13038
 4628
 18633
 4378
 14675
 15009
 4684
 6576
 9332
 3125
 15919
 10407
 12626
 9112
 15019
 13251
 13770
 12105
 11730
 9727
 4801
 11938
 4006
 19367
 17793
 7389
 6921
 7586
 20964
 6167
 5556
 20277
 5774
 20724
 11212
 2884
 8703
 12323
 2673
 15385
 10409
 8515
 10201
 4202
 10880
 21990
 14589
 14423
 13904
 9973
 10482
 15249
 16083
 13653
 14779
 11425
 11554
 5736
 14845
 4616
 11499
 12406
 8435
 13666
 4517
 4206
 13891
 17713
 8800
 2920
 13136
 9367
 8192
 4973
 3890
 21956
 5196
 8409
 13443
 3121
 7649
 11199
 21050
 8587
 4749
 7949
 13598
 9653
 3129
 19538
 7571
 11591
 18694
 21950
 3705
 2971
 4731
 6249
 17942
 4938
 11101
 3191
 17232
 20466
 6113
 8697
 11040
 9691
 7390
 13879
 8771
 7034
 14599
 3502
 8467
 13909
 12023
 10420
 10805
 3977
 3693
 16228
 9300
 6248
 10298
 14198
 21358
 21319
 17369
 3885
 3853
 4055
 3615
 6232
 21721
 3825
 3091
 5585
 14924
 11320
 6687
 4458
 5063
 20890
 4295
 4298
 8675
 7735
 12698
 22738
 4042
 13061
 18215
 20164
 9606
 11443
 18706
 9094
 13146
 6733
 14407
 9379
 8561
 6912
 18989
 9523
 6195
 14398
 11839
 18461
 15263
 3107
 4183
 12282
 12405
 9849
 3916
 7931
 5139
 4473
 10046
 19885
 7619
 17075
 14383
 12636
 12819
 16848
 6484
 18198
 14725
 9814
 16076
 6386
 3752
 4940
 20048
 5553
 3079
 12031
 13324
 7075
 15456
 4740
 11149
 4493
 13719
 6110
 5052
 20138
 19468
 3650
 6442
 17391
 4842
 12154
 6444
 19091
 5250
 8327
 13609
 15311
 3511
 18826
 21936
 13795
 12027
 20228
 14256
 12889
 10395
 21917
 22307
 20877
 6422
 17186
 5194
 12621
 11988
 10610
 4159
 21886
 8020
 4380
 14439
 4096
 10150
 8705
 9670
 7442
 4122
 5791
 6392
 13080
 6361
 21841
 14269
 9116
 5203
 7217
 20948
 10644
 6232
 6911
 21803
 20707
 15531
 4839
 5174
 4897
 8563
 7486
 7646
 5535
 16372
 3661
 12924
 9382
 3583
 20337
 7590
 22528
 8645
 5345
 6857
 19162
 6353
 10130
 21913
 12327
 22614
 18233
 22404
 5704
 14278
 9679
 8621
 9867
 8294
 17209
 10744
 13938
 4862
 7912
 8481
 5910
 13781
 9149
 9266
 3179
 12476
 7698
 17524
 20581
 20010
 4374
 8902
 12827
 3240
 9239
 9196
 7564
 8974
 5188
 12778
 9343
 3822
 10547
 7825
 3055
 3278
 3393
 10040
 7367
 13436
 19032
 7887
 21994
 11486
 9782
 9936
 7030
 9767
 14636
 5048
 20298
 10321
 9219
 11060
 15589
 4071
 13446
 7007
 8657
 9281
 5116
 10859
 9537
 11446
 22420
 5502
 22966
 9965
 10375
 4767
 18888
 15829
 9496
 13649
 16931
 9942
 3455
 18815
 11952
 13991
 12038
 16760
 4534
 6434
 7507
 14814
 20576
 21492
 20232
 14489
 6368
 6681
 5703
 12850
 11412
 4872
 8634
 14300
 5385
 7050
 17490
 5109
 15518
 10257
 9454
 9038
 16330
 13287
 22111
 4423
 7807
 3748
 21225
 13055
 18609
 11653
 10285
 15210
 15922
 8217
 6885
 11812
 15616
 19069
 14223
 5124
 9570
 6346
 14029
 9589
 6863
 9677
 14732
 20353
 19279
 15000
 12260
 5583
 9958
 7640
 8351
 12687
 5006
 3239
 10558
 15347
 6467
 5730
 8184
 15776
 15845
 22557
 13892
 7397
 8250
 13557
 23066
 13164
 17459
 22022
 17717
 13294
 9808
 14974
 6139
 4428
 3813
 15634
 5536
 6907
 17279
 8337
 4359
 14176
 12802
 15030
 17131
 7772
 7285
 10401
 15261
 19145
 15105
 8423
 10479
 3462
 11349
 8169
 9744
 19856
 21837
 12579
 14777
 15602
 19092
 3750
 4712
 8669
 17768
 16104
 5642
 13819
 21917
 7162
 15743
 4097
 9925
 10682
 14008
 19332
 4398
 3850
 6852
 5357
 21772
 9793
 12908
 8783
 10617
 21217
 4123
 18264
 17242
 4296
 16258
 7719
 9284
 4331
 4731
 14589
 15871
 5952
 3212
 19223
 4425
 5115
 14926
 13371
 6718
 11195
 8527
 8976
 5303
 20709
 14485
 19091
 4464
 3474
 20644
 9320
 14223
 9157
 19490
 13325
 4289
 9055
 13016
 14645
 6343
 15958
 11131
 15572
 13394
 7555
 19309
 11510
 7818
 12412
 6686
 13717
 14069
 12098
 11222
 9451
 7190
 17595
 16503
 15204
 5108
 17410
 14655
 15895
 8957
 10429
 23180
 7383
 11371
 4335
 13571
 9637
 5925
 7087
 6738
 16873
 18921
 10586
 22036
 7329
 6505
 15717
 11989
 12568
 10643
 14517
 12439
 14522
 9717
 7570
 14676
 7655
 6177
 14073
 11877
 22055
 22381
 12689
 13186
 20189
 5727
 14912
 6251
 14207
 6151
 15391
 21190
 19460
 21581
 23083
 15466
 15423
 4588
 10910
 5852
 9228
 6719
 12413
 20184
 11752
 18396
 5683
 4818
 13349
 8990
 8767
 9053
 15134
 7911
 20041
 7084
 3368
 9605
 11162
 15351
 9194
 10996
 14988
 14784
 3407
 3813
 5920
 5175
 8953
 15870
 23087
 13947
 5944
 14817
 5347
 22274
 16955
 6737
 17895
 6170
 8294
 4339
 20700
 20592
 10724
 8658
 18573
 5874
 5951
 11333
 9061
 13904
 5391
 12436
 14752
 12936
 6191
 8601
 5567
 18243
 18710
 12772
 6560
 14297
 11300
 13538
 12942
 9724
 6971
 6878
 4916
 17556
 4209
 20168
 10840
 7942
 18211
 10198
 10822
 10139
 7147
 19784
 4649
 10910
 5685
 13840
 7233
 7878
 9935
 5010
 8562
 4949
 5439
 22952
 12090
 4512
 4057
 14793
 7653
 7824
 6897
 6187
 16676
 15688
 6382
 13894
 11291
 14055
 8000
 9499
 15770
 20048
 18036
 9909
 5103
 15177
 8453
 8271
 21433
 8034
 6933
 22647
 7040
 15382
 3676
 10993
 6883
 11158
 20383
 11038
 13074
 10596
 21157
 3422
 6782
 9629
 8582
 14548
 14221
 12315
 11526
 13226
 21618
 19194
 14337
 11669
 19357
 5945
 7558
 12953
 8335
 8643
 14121
 18896
 13201
 4527
 8980
 12871
 5669
 9316
 21085
 8042
 7324
 15265
 4126
 7041
 18057
 6332
 18145
 13402
 4631
 23146
 8474
 4970
 18551
 10751
 21946
 6638
 7484
 9493
 8961
 14807
 8139
 22834
 7540
 9989
 4844
 5477
 10703
 19795
 8550
 17490
 11612
 12116
 6891
 18863
 22277
 22427
 15311
 12333
 18118
 6113
 5887
 15707
 12327
 12483
 13199
 15783
 18633
 18634
 15157
 22535
 14110
 4912
 17492
 16087
 6173
 7167
 5371
 16227
 6454
 14364
 15920
 19304
 7588
 15652
 21095
 21622
 12033
 19125
 19799
 12056
 23422
 10576
 15886
 7895
 4819
 5982
 15876
 7708
 12339
 10321
 9806
 8821
 19940
 9580
 9492
 6234
 6414
 13285
 18245
 9040
 22097
 16106
 19081
 10733
 3740
 18818
 19320
 5277
 9147
 9142
 9225
 15045
 13617
 10768
 3661
 19110
 14246
 12610
 4413
 12292
 10115
 4905
 8305
 13608
 15484
 13747
 11986
 7298
 16524
 6208
 12530
 17683
 10055
 14246
 11323
 20106
 4972
 15095
 9318
 20302
 17626
 15878
 16045
 23195
 18438
 11207
 11074
 4720
 18857
 18135
 7554
 5961
 14718
 18908
 16516
 12584
 19725
 12046
 10966
 14585
 9409
 4343
 10122
 4661
 18241
 14934
 9613
 6408
 6365
 11274
 6137
 18671
 9735
 5197
 10859
 16292
 19493
 15263
 20055
 21597
 8996
 16325
 16026
 17489
 8015
 16626
 4209
 8476
 10976
 8804
 12712
 14053
 8149
 17714
 5750
 13982
 21127
 8485
 18439
 8205
 9335
 7460
 8729
 21097
 4298
 19892
 11787
 6470
 15799
 15775
 5363
 8116
 23262
 12341
 4239
 8004
 16508
 8433
 8446
 12750
 15804
 19742
 14417
 4015
 20464
 18585
 19740
 5622
 8672
 20440
 13201
 9185
 5473
 11531
 5038
 17028
 15626
 14146
 20629
 3754
 3780
 9968
 12894
 18622
 15744
 21038
 6888
 3756
 9645
 18019
 11893
 12836
 9034
 15811
 15255
 6207
 5945
 5301
 12485
 8293
 17396
 14969
 5747
 3694
 9316
 4681
 12449
 17415
 19056
 4608
 21170
 4984
 11731
 22841
 10303
 21731
 7089
 21433
 11277
 8880
 15979
 16847
 10045
 23207
 12049
 6587
 5315
 23645
 7128
 22285
 17209
 17746
 19308
 13167
 8213
 12890
 8968
 6950
 4568
 21948
 16483
 4853
 13640
 23191
 10893
 7170
 16384
 22027
 18970
 22237
 4998
 7095
 21470
 22462
 11230
 8767
 8954
 4110
 7741
 22768
 18422
 8969
 5505
 12935
 20208
 11363
 5343
 15822
 15476
 13385
 4444
 19049
 5292
 5385
 14720
 5457
 18841
 7348
 15528
 5598
 8547
 9090
 12091
 5546
 22253
 12951
 22144
 14227
 10413
 10117
 18286
 22369
 18875
 10866
 21795
 21546
 6919
 17275
 14937
 3890
 17296
 12346
 9654
 18647
 9426
 8100
 10307
 9516
 8864
 10005
 6655
 7267
 12307
 11792
 7509
 5425
 6337
 6946
 4011
 21965
 20881
 17735
 12988
 6361
 4942
 14031
 17801
 5540
 14522
 15554
 12939
 11918
 14757
 5505
 23372
 19406
 15550
 22895
 21047
 5457
 13353
 7856
 19821
 10596
 16690
 15376
 13722
 18580
 6369
 9159
 21959
 14163
 7535
 9788
 6033
 11006
 23256
 10600
 16377
 8380
 4656
 20541
 10046
 8778
 5595
 7846
 8840
 8725
 4120
 5521
 5734
 8488
 22109
 12458
 5146
 13415
 20233
 10729
 4115
 21978
 17942
 12079
 15644
 8974
 16878
 13261
 11891
 23224
 6784
 13254
 14909
 3964
 14450
 10742
 7864
 13997
 4953
 14898
 20433
 8278
 14919
 19730
 10678
 11704
 15108
 4845
 11119
 9525
 4192
 3971
 12361
 4940
 15752
 7041
 10322
 6054
 10903
 10369
 15948
 16753
 4207
 9680
 14684
 13226
 22056
 7124
 8290
 19457
 12616
 15501
 7054
 10167
 17683
 7898
 5873
 7787
 11429
 17664
 7986
 8693
 9150
 5383
 4738
 21907
 19134
 7622
 16850
 8259
 12625
 9184
 7267
 15983
 16076
 11950
 4286
 5839
 12185
 9279
 18597
 22156
 13007
 6269
 8745
 6305
 8710
 22098
 17758
 7303
 20329
 4107
 15436
 20497
 5644
 7708
 7816
 12437
 10368
 11780
 11682
 18252
 6085
 5779
 7967
 17659
 7584
 7145
 5130
 12979
 12270
 4800
 13575
 4214
 7959
 22668
 5609
 4572
 12549
 4098
 7525
 5941
 8471
 5143
 9381
 4943
 23538
 9546
 11841
 13978
 16375
 6949
 5803
 9130
 14651
 7616
 12778
 23645
 8563
 22887
 4234
 16254
 9070
 7134
 4466
 12873
 16711
 7937
 17814
 8816
 14779
 19824
 7278
 18973
 14392
 13355
 15174
 16313
 20951
 10266
 16279
 10796
 10411
 12177
 6870
 21030
 6106
 11858
 16715
 8157
 11788
 12883
 21445
 9848
 4833
 17729
 6189
 7724
 10376
 11397
 16664
 4388
 7534
 4902
 16640
 12327
 14035
 10799
 12693
 4853
 17027
 15091
 17040
 17809
 6979
 14286
 11529
 17285
 5867
 7054
 5706
 16067
 9139
 4146
 9443
 5608
 15601
 16658
 21183
 6246
 10242
 10143
 7991
 23682
 5670
 19115
 6149
 4282
 7985
 11148
 14652
 15083
 11935
 11709
 4790
 15059
 14152
 13414
 13102
 15506
 22069
 4222
 20431
 11830
 22674
 11470
 6508
 7959
 5668
 6455
 10034
 18272
 22236
 7351
 8763
 16752
 10604
 11944
 15556
 11008
 19770
 15849
 19362
 20261
 6867
 4737
 21104
 14936
 10178
 10241
 6668
 22036
 11105
 16841
 12482
 12255
 6318
 22958
 23753
 6221
 20354
 13819
 20845
 11522
 4159
 13973
 16012
 13463
 12008
 9795
 6598
 15487
 19253
 12430
 10734
 9609
 16806
 15718
 9542
 14952
 10712
 4293
 18442
 11954
 8694
 11480
 8203
 17574
 11410
 12794
 12352
 15058
 18772
 22371
 12632
 13300
 9522
 14274
 6835
 14111
 20577
 16007
 10225
 11360
 6474
 8964
 5514
 6625
 6689
 15892
 15648
 17741
 16050
 17340
 7474
 9077
 13277
 22705
 10387
 14835
 19460
 10171
 9082
 14030
 8290
 5433
 19163
 8797
 5406
 11365
 22230
 18799
 20799
 10841
 8302
 4618
 11651
 21298
 7741
 23539
 19083
 15123
 23110
 11054
 11129
 9997
 12875
 18725
 17085
 9246
 11040
 8974
 11084
 15896
 16319
 9736
 10067
 6020
 17886
 8327
 14602
 10598
 4958
 10833
 5420
 18723
 17445
 11911
 11333
 24128
 5359
 8552
 13741
 11276
 15904
 14994
 18293
 16193
 6589
 7722
 6143
 19527
 5851
 10046
 9843
 5786
 16504
 23050
 13519
 5773
 8233
 14552
 19007
 16174
 16148
 22251
 8206
 6540
 23487
 16701
 5019
 19926
 8072
 11367
 9743
 13606
 16150
 14786
 17293
 12095
 11696
 6092
 7499
 13363
 5261
 13229
 5633
 8967
 4907
 5274
 9088
 8794
 13316
 8025
 23461
 20068
 22526
 19366
 23949
 18108
 15938
 20342
 16843
 4477
 9488
 15962
 8888
 8298
 13488
 6310
 12522
 11023
 5804
 23666
 10920
 13034
 16156
 13281
 16829
 7881
 7938
 21985
 21003
 8885
 10999
 14418
 11907
 13104
 10886
 4458
 8466
 8636
 6296
 9304
 8349
 19644
 10511
 9511
 5072
 11231
 21239
 12262
 20243
 15769
 4889
 7942
 18271
 4980
 9106
 15619
 8144
 5512
 6531
 7494
 8987
 24006
 15595
 6218
 11233
 8347
 20850
 14078
 11364
 8563
 15271
 22411
 12954
 22300
 17645
 13463
 22144
 15213
 9169
 13225
 19665
 15206
 17759
 6222
 14135
 5337
 14965
 5242
 21697
 23690
 19992
 10387
 12086
 16276
 12326
 19339
 14664
 23244
 10412
 7980
 10508
 6953
 7257
 16377
 21482
 15396
 10226
 5234
 10512
 4444
 21799
 14904
 21868
 17053
 13286
 21778
 9657
 7170
 17199
 10576
 9785
 6489
 7688
 9678
 19300
 10279
 6705
 22043
 11136
 4715
 4859
 12954
 12018
 15335
 21396
 13032
 14932
 15196
 7654
 16512
 14375
 18357
 14562
 15356
 15339
 18503
 18710
 13852
 11469
 14935
 12327
 6859
 16575
 16828
 14587
 11424
 11726
 7527
 7925
 14947
 21456
 24065
 7846
 6225
 15805
 14932
 7746
 13794
 13409
 18508
 13234
 14952
 7886
 20543
 17640
 23291
 20438
 21130
 21336
 8723
 19993
 8318
 15012
 14453
 10876
 5404
 5720
 17649
 13180
 20925
 8856
 16555
 11073
 14837
 23095
 12057
 15574
 5592
 23882
 17965
 7192
 15453
 19260
 16948
 10061
 11522
 4899
 14237
 20470
 21520
 14066
 15870
 9448
 11169
 21904
 18836
 17208
 8992
 10025
 4649
 21269
 5840
 17124
 17723
 10075
 16655
 19925
 16218
 13284
 22395
 5524
 22738
 11202
 23926
 14701
 20394
 22635
 15975
 4953
 14380
 10611
 9569
 9870
 6278
 9536
 24263
 11634
 16144
 20890
 17680
 5429
 11920
 7394
 7336
 24032
 14426
 11493
 9687
 20488
 14908
 6384
 4582
 8680
 4888
 10534
 20671
 10286
 4691
 8368
 13812
 4564
 22254
 10676
 21252
 7314
 12435
 23754
 12537
 13746
 16563
 15723
 9332
 13764
 5997
 18442
 9101
 15635
 7761
 7463
 12950
 19768
 11366
 17186
 8320
 14734
 6313
 16621
 10209
 13414
 10743
 11045
 10804
 10779
 8749
 17890
 7552
 23336
 8333
 16621
 16158
 5304
 6467
 7378
 15125
 24158
 16617
 7862
 17288
 8903
 16713
 20298
 20467
 5581
 4801
 12417
 6706
 5358
 19563
 16606
 23139
 20476
 9885
 21010
 13484
 21558
 15407
 6885
 11072
 9398
 11163
 13682
 21150
 14284
 6282
 13400
 6778
 24108
 15020
 24589
 7745
 15555
 14312
 24182
 19575
 24112
 21461
 10901
 9763
 13136
 24007
 9507
 5069
 11770
 20495
 11326
 21478
 24077
 23356
 9700
 16649
 15334
 12391
 21504
 21537
 17878
 12622
 14276
 7628
 21172
 13950
 11352
 7710
 10991
 22550
 10706
 10921
 16071
 5258
 6951
 9979
 19868
 16901
 6209
 13224
 7655
 9683
 14386
 22409
 14728
 18846
 4711
 15205
 11039
 12215
 14912
 22736
 8031
 23384
 22367
 10482
 8511
 14887
 24671
 14121
 12595
 17469
 21639
 8465
 13307
 12679
 14207
 5698
 9338
 13389
 13314
 19835
 14090
 6066
 12533
 15294
 11887
 6012
 11543
 16507
 17545
 19572
 15290
 7090
 7597
 12655
 14672
 6996
 19349
 8046
 16553
 13609
 14199
 5763
 17853
 6711
 7732
 5110
 23492
 16033
 14547
 15431
 16526
 10446
 11565
 21460
 12976
 8844
 4842
 8573
 10620
 19796
 10412
 4902
 6741
 19408
 21417
 21341
 18369
 9370
 5279
 5148
 20031
 16967
 6083
 13713
 10394
 13476
 16859
 9277
 17727
 5951
 6637
 8410
 13420
 16681
 17239
 14721
 20106
 8699
 17633
 13674
 5309
 8695
 16335
 20148
 12697
 15888
 23548
 21000
 12503
 15885
 5187
 6650
 14696
 11913
 6047
 18255
 7721
 17119
 18262
 22341
 8088
 15652
 9810
 10063
 10053
 17941
 22800
 7904
 10412
 17427
 10748
 9739
 9155
 9068
 16541
 20456
 12079
 9660
 24492
 15545
 6300
 12596
 9099
 21741
 8397
 15865
 17268
 15909
 17392
 19312
 15119
 10198
 14005
 16729
 6408
 4942
 6049
 6937
 5536
 17338
 23102
 14525
 13891
 14152
 14805
 18396
 10619
 15240
 17599
 16316
 23971
 8472
 8088
 6103
 14333
 21120
 17237
 10399
 10440
 21083
 9912
 15040
 16205
 5784
 15937
 10469
 13529
 6559
 23975
 22462
 15567
 8088
 23943
 23648
 13215
 11112
 12316
 9165
 16530
 15421
 10224
 22838
 10919
 19469
 21906
 9087
 23811
 24218
 18345
 6786
 12708
 20536
 20424
 7062
 17591
 12466
 20898
 7856
 6411
 9706
 11039
 18314
 8614
 6720
 6960
 10916
 16854
 17172
 9152
 7177
 6762
 15119
 24715
 18676
 10722
 22271
 18131
 7538
 13284
 19202
 15409
 13226
 7665
 6150
 15945
 16986
 13719
 13421
 11393
 11267
 13352
 19830
 6323
 7144
 13227
 23002
 7200
 19378
 23857
 12309
 10184
 11544
 4939
 22726
 16856
 17437
 17979
 8504
 10083
 7995
 11336
 15745
 7604
 14847
 20885
 7691
 13666
 21428
 11860
 9489
 10949
 12773
 20791
 7501
 24616
 9373
 10791
 13744
 20736
 16241
 20793
 10545
 19388
 7457
 9214
 8137
 17918
 9658
 9273
 7678
 10185
 24767
 12150
 12255
 7898
 8170
 21626
 7279
 15420
 15853
 12118
 14086
 16887
 6910
 17151
 8405
 14281
 18739
 22755
 18952
 17431
 12873
 17908
 22096
 16453
 15116
 21641
 17218
 18501
 15570
 12102
 21658
 6573
 11016
 9976
 8644
 10284
 10482
 21126
 6620
 7678
 16268
 7429
 11060
 14782
 6839
 14538
 10582
 19387
 15057
 8933
 5675
 9870
 8643
 14668
 11228
 7403
 8033
 18805
 24567
 24694
 19565
 21481
 24660
 13720
 7677
 10197
 8023
 24242
 12159
 7075
 23609
 7089
 13690
 16329
 18531
 11235
 8182
 12575
 7194
 15881
 13151
 14742
 24161
 15501
 8774
 19752
 5627
 21205
 11337
 15659
 19057
 23609
 15732
 23338
 8787
 16274
 8999
 19957
 13314
 5811
 6041
 9144
 10189
 9405
 23518
 17418
 10586
 19405
 10726
 14566
 9288
 11577
 13926
 7359
 6162
 16187
 20954
 18288
 19799
 11468
 6859
 19985
 5527
 16149
 9549
 5585
 18497
 23522
 15309
 10304
 10635
 24824
 7433
 13452
 16193
 20553
 23392
 14896
 15586
 15173
 16716
 7495
 14727
 10003
 24365
 23399
 17702
 18657
 9800
 17387
 18902
 23672
 13583
 12401
 23091
 18707
 14499
 12582
 16132
 14929
 14711
 6815
 14843
 13833
 23031
 9801
 9341
 23870
 17032
 5795
 17859
 20979
 19794
 13098
 17568
 13792
 6460
 8469
 8004
 12358
 9623
 15075
 20448
 13472
 12733
 13586
 14059
 7002
 22683
 10673
 16389
 9062
 15853
 18968
 22298
 19181
 16457
 22742
 9705
 14563
 21471
 12747
 23237
 7518
 23295
 22328
 13147
 22984
 8283
 12083
 7797
 13299
 13359
 9663
 7071
 13932
 11614
 15356
 22249
 19475
 15903
 22650
 19084
 14666
 13464
 10772
 10864
 13772
 8265
 13275
 22476
 18017
 14284
 5680
 6288
 6511
 7483
 9815
 5760
 22258
 18451
 11048
 9313
 20207
 21944
 17607
 13754
 17221
 10842
 16822
 5747
 21126
 20118
 7754
 9152
 17893
 22815
 11835
 7140
 13231
 8702
 11616
 25200
 11487
 13592
 18427
 10315
 10701
 9551
 19408
 13750
 13703
 11660
 7772
 13520
 11139
 14939
 17347
 6136
 5683
 6039
 22698
 5841
 25210
 16520
 14439
 23883
 16766
 12490
 17366
 6463
 6974
 17712
 17197
 13307
 22406
 10825
 6578
 12895
 6625
 23618
 16940
 13351
 16814
 17612
 10263
 10122
 12406
 14367
 16539
 16674
 19069
 17215
 10527
 10861
 6007
 12158
 13146
 18451
 6717
 24386
 22635
 5673
 10976
 6632
 20362
 14582
 10077
 16265
 9631
 7572
 9074
 13500
 24689
 5913
 15728
 17629
 13825
 10327
 11345
 6413
 19288
 8480
 21772
 6617
 10685
 12334
 18822
 14847
 10764
 13153
 13356
 8174
 21284
 17578
 16702
 16493
 11744
 21929
 11214
 9664
 8840
 16626
 13865
 14406
 21384
 17909
 6453
 15270
 12130
 14078
 10780
 6955
 11680
 9786
 22823
 9806
 6380
 16059
 12751
 5491
 17859
 7869
 8624
 6838
 7015
 16490
 11104
 12488
 20117
 6139
 7166
 22388
 22135
 11073
 17838
 16775
 7738
 20931
 7940
 12944
 11682
 10056
 5630
 8803
 16252
 15639
 8663
 21188
 11957
 11037
 12377
 12995
 12521
 13135
 7412
 22211
 6366
 5457
 5996
 15039
 9010
 17590
 22231
 6351
 9202
 8968
 18856
 22439
 8142
 18923
 11013
 13601
 11817
 8445
 20768
 16157
 11989
 17280
 10372
 10181
 10750
 13308
 16077
 17654
 10981
 19071
 14781
 18364
 11472
 14566
 10381
 15965
 11168
 17312
 7041
 14008
 13635
 11568
 15807
 10159
 14507
 13716
 11137
 20739
 24703
 8165
 7625
 8448
 19857
 7230
 16437
 19513
 15536
 14879
 16019
 16692
 9758
 6452
 9366
 18217
 14533
 24338
 25353
 11239
 10245
 13154
 22403
 18360
 20785
 21634
 8604
 21158
 24123
 6727
 6720
 23934
 8109
 16871
 11426
 9268
 17274
 6967
 7218
 17991
 8083
 16496
 12626
 9798
 10750
 15639
 5509
 25235
 6117
 16797
 14729
 19303
 24651
 23620
 6534
 11254
 19908
 10660
 10951
 8052
 14565
 10028
 22505
 20536
 19865
 16493
 7346
 19137
 18102
 24787
 18788
 14967
 14064
 13173
 14578
 20819
 16140
 12112
 9426
 23424
 9623
 8239
 16116
 15523
 9240
 12334
 9522
 6778
 7556
 18878
 19272
 13154
 14321
 15275
 6181
 13979
 16173
 19389
 15426
 15503
 18191
 21340
 13555
 7569
 6445
 15895
 24348
 17763
 19024
 6471
 17510
 10107
 15749
 18159
 8147
 12198
 20854
 22503
 24398
 23405
 18649
 20794
 9317
 15703
 13863
 24780
 17307
 15471
 7759
 17728
 5658
 19975
 9835
 7928
 11334
 11774
 16564
 17150
 18200
 11102
 14482
 19971
 18025
 8681
 13558
 13095
 10477
 13013
 7244
 7992
 10530
 9077
 15403
 6878
 17865
 11867
 20111
 7670
 5620
 9530
 22025
 6878
 7361
 9393
 14548
 15441
 9350
 11333
 23051
 12626
 15117
 22701
 21274
 7918
 11106
 17556
 24947
 10013
 16555
 9658
 23682
 22250
 22999
 16124
 18402
 16339
 11642
 14742
 21969
 16499
 12728
 19526
 8129
 16478
 12575
 19219
 15825
 25421
 15003
 23310
 15676
 10587
 6180
 16887
 12912
 9038
 25370
 8451
 17410
 5690
 15316
 19676
 16351
 16611
 15989
 6346
 8294
 22657
 15008
 7121
 12021
 10633
 17646
 11067
 13601
 12138
 7134
 7383
 15306
 6228
 14796
 18082
 18734
 16960
 12420
 14917
 19356
 14412
 23001
 24702
 5740
 12870
 9489
 15844
 20653
 7531
 8323
 13158
 24095
 15280
 16741
 8723
 17603
 20097
 24031
 8607
 6032
 8200
 16195
 8740
 14919
 9648
 25409
 6567
 7656
 11946
 14198
 9437
 7014
 14704
 9125
 19118
 15865
 7496
 15594
 15097
 6739
 11052
 14538
 10520
 12118
 12392
 10478
 10661
 24195
 14499
 25714
 17148
 16917
 13281
 9337
 15075
 7504
 7048
 15395
 5768
 10708
 17249
 7362
 15562
 11511
 11234
 20745
 16122
 8242
 12554
 12870
 11299
 15673
 6636
 15506
 12936
 24273
 13680
 19814
 6509
 17566
 14102
 8400
 22233
 13978
 11965
 13766
 9563
 7885
 22147
 16250
 7690
 10681
 10541
 14319
 18097
 17685
 17673
 25035
 15147
 7229
 12530
 7117
 8010
 23271
 7796
 22273
 8223
 18073
 13105
 7666
 6773
 21626
 5988
 15200
 22719
 14374
 10339
 6642
 10612
 7334
 9322
 5805
 10423
 7039
 10998
 7429
 7708
 6825
 25583
 21044
 21703
 24483
 22345
 10697
 20183
 9030
 24236
 10530
 11972
 23863
 15059
 12445
 6117
 7808
 7891
 13867
 10773
 9793
 23229
 11686
 8022
 6339
 22533
 17605
 18134
 21006
 12067
 16686
 8594
 22204
 6106
 17995
 14616
 11725
 16727
 13152
 18001
 21660
 19708
 20603
 11391
 12049
 18206
 13581
 14435
 18457
 15436
 9560
 6339
 10291
 6961
 20874
 6826
 14605
 13628
 11529
 10000
 24942
 17629
 16495
 18043
 23540
 8275
 24216
 13254
 11810
 20836
 8890
 10273
 11858
 8620
 22997
 15929
 11409
 15482
 17066
 14713
 10667
 18295
 12080
 20977
 13220
 13832
 7205
 17911
 18282
 19574
 15938
 24043
 11271
 25836
 20595
 15808
 7003
 13473
 10981
 10295
 7657
 6871
 22272
 8269
 14001
 10499
 20087
 21113
 10782
 10254
 24381
 10703
 12448
 16795
 21403
 8488
 14301
 10410
 24704
 7397
 12739
 9692
 19992
 13298
 25250
 16344
 16511
 18568
 23512
 13742
 14200
 6197
 22252
 15770
 16985
 12959
 11679
 17227
 11658
 8551
 24608
 12932
 18030
 17547
 19327
 9154
 16608
 8751
 9316
 11999
 8418
 18333
 15329
 18423
 21330
 9642
 17733
 17545
 14494
 12699
 14898
 15168
 14425
 7495
 16946
 24435
 19438
 16703
 23237
 25802
 14901
 14860
 7390
 9890
 14308
 7319
 17743
 25938
 6952
 14959
 25186
 17103
 7188
 17926
 14314
 12557
 16696
 25501
 12409
 6567
 11350
 8737
 12211
 20032
 24081
 6806
 25923
 11275
 15367
 21555
 17932
 18344
 11649
 15502
 19234
 9009
 10536
 9018
 16122
 17300
 19098
 8078
 10592
 24033
 18109
 17544
 12712
 22310
 13011
 21074
 18567
 9273
 12143
 6915
 14018
 17430
 18536
 18985
 23430
 23434
 18763
 6501
 14235
 9327
 15605
 13720
 25843
 6904
 19521
 8573
 12103
 16816
 11583
 20694
 18116
 14302
 6534
 16556
 9985
 11948
 16299
 15409
 20021
 13032
 8498
 18856
 24263
 14346
 17797
 10504
 9317
 9559
 6339
 7453
 12601
 11110
 16186
 18831
 12985
 8929
 13400
 14375
 7006
 12110
 7582
 7631
 7640
 18158
 17143
 7417
 14815
 9157
 8295
 22563
 17260
 13948
 14759
 11417
 14410
 22884
 20976
 22843
 9031
 19804
 12438
 17249
 9936
 13940
 16376
 15165
 19260
 14706
 7028
 6208
 16903
 6997
 25984
 9791
 11874
 12889
 11799
 16119
 12329
 8443
 17072
 15439
 12533
 16861
 19061
 10077
 12371
 7499
 22899
 16331
 8085
 7519
 15821
 18427
 12359
 22114
 7638
 25897
 21636
 7060
 21823
 20784
 8778
 24879
 19245
 8624
 14668
 6215
 9998
 8975
 16871
 14964
 13646
 7485
 6455
 20882
 16101
 8316
 15274
 17768
 17491
 6303
 17589
 13097
 14575
 17682
 22438
 16120
 7773
 14747
 17145
 15855
 7454
 17280
 9903
 8738
 15532
 24426
 21628
 12895
 8422
 20296
 24769
 13464
 13672
 19926
 18009
 8325
 10526
 25470
 11159
 21155
 8859
 6944
 8720
 12898
 15045
 11407
 24725
 10494
 24756
 18748
 22884
 8619
 7387
 13495
 12926
 17751
 9349
 19731
 22268
 10890
 10308
 8554
 16030
 12113
 11910
 12832
 20709
 8540
 11849
 16108
 8354
 17476
 12977
 20213
 11022
 19249
 10135
 7385
 7451
 15963
 11204
 15475
 7083
 18224
 13342
 15230
 25248
 12373
 23682
 15925
 13395
 17968
 12691
 21917
 7113
 13126
 11601
 21286
 6434
 21312
 6766
 26189
 18868
 18899
 23229
 14150
 14104
 11520
 15468
 21400
 13603
 10073
 9908
 10281
 25271
 15205
 18062
 6907
 23483
 16486
 15080
 14935
 10185
 16793
 8089
 19946
 14759
 9374
 9553
 19213
 7128
 13465
 21300
 24138
 25619
 15479
 10408
 11803
 13172
 17813
 20461
 15092
 9842
 15486
 9997
 12900
 18577
 17139
 15316
 15417
 20696
 19088
 15810
 12002
 15110
 15373
 15582
 24664
 8321
 18850
 25517
 8319
 25871
 20558
 9731
 22537
 11816
 9626
 22714
 7837
 10731
 16665
 8321
 25334
 19281
 19987
 9078
 9774
 13727
 12034
 12663
 11805
 19168
 8765
 24470
 10141
 16242
 6611
 16971
 22256
 17439
 19130
 23886
 16387
 7503
 14121
 20133
 10900
 11580
 14402
 7450
 24691
 13190
 19188
 23281
 20389
 19784
 9248
 18328
 24495
 24747
 20474
 13152
 11281
 10393
 24755
 15372
 18448
 20021
 8757
 20616
 8600
 22665
 11214
 13691
 18978
 13536
 19952
 16063
 8435
 8245
 9688
 7633
 12581
 14252
 6926
 25060
 10986
 12895
 14060
 24635
 10125
 16795
 13475
 13623
 17052
 9549
 13114
 9165
 19331
 20183
 24953
 8668
 23738
 19303
 10149
 14141
 17731
 14474
 19820
 7644
 11276
 19901
 26020
 12614
 13340
 7684
 8462
 7171
 19243
 22143
 12033
 13990
 11346
 9561
 10788
 17475
 25414
 19330
 23324
 14977
 15743
 16064
 18152
 18767
 17406
 19106
 7176
 10780
 9294
 17493
 16997
 20481
 6953
 15547
 13517
 21922
 11038
 18392
 22814
 9686
 9746
 14734
 11429
 15330
 20614
 6636
 11975
 18061
 20663
 13346
 11680
 22735
 18411
 12600
 14505
 9579
 16266
 17504
 7584
 17631
 14699
 17066
 16259
 6745
 18225
 13398
 7420
 12492
 8598
 18575
 16036
 22628
 24007
 12630
 18401
 23926
 10927
 18908
 14258
 15292
 11256
 14420
 17901
 10847
 9679
 22024
 14438
 13558
 23912
 11915
 7315
 15054
 17219
 7727
 25581
 14090
 19245
 13656
 26394
 18669
 9481
 26033
 22921
 15349
 14928
 8701
 18685
 10763
 14135
 10096
 9134
 15640
 9809
 14592
 15756
 16827
 14132
 7702
 14341
 16952
 8096
 14505
 14665
 13586
 26205
 15149
 19981
 16732
 13860
 12968
 10381
 21133
 17697
 24165
 14229
 18226
 10647
 10573
 10369
 25929
 24325
 16754
 15139
 15531
 18632
 7886
 9669
 15593
 7969
 20300
 17647
 15962
 11800
 22820
 15820
 8403
 11553
 12301
 10441
 17145
 22846
 17198
 15517
 9043
 23333
 16437
 14991
 24355
 17924
 9548
 22196
 9687
 7202
 13801
 15704
 17947
 9735
 24774
 14719
 6705
 9630
 8848
 25452
 11651
 23866
 14691
 9314
 12088
 16472
 17749
 9450
 13286
 16676
 8658
 17524
 17896
 24254
 11913
 18977
 18928
 18749
 11684
 15263
 14173
 16244
 16221
 6838
 19664
 26517
 19407
 7268
 12668
 9172
 9676
 18660
 15037
 8366
 18862
 26037
 21866
 24713
 15663
 18231
 15213
 17212
 11644
 11704
 26131
 11635
 12487
 23153
 17087
 19276
 6716
 15787
 14468
 25478
 11831
 20518
 12947
 14843
 20692
 7098
 15089
 24426
 10246
 14143
 10925
 19066
 13292
 14763
 19601
 26108
 10273
 6746
 15702
 16017
 14132
 9555
 11293
 22732
 12888
 24296
 26075
 17048
 20828
 15102
 11988
 15005
 14045
 24686
 16620
 11967
 13978
 11882
 7449
 13768
 18088
 10276
 10685
 15592
 10695
 9388
 17332
 18266
 11413
 13689
 21321
 7112
 18850
 9387
 13869
 9809
 13444
 22382
 15850
 17610
 14956
 24128
 11092
 18243
 9112
 8790
 12226
 10380
 8298
 13340
 11708
 8887
 8025
 8637
 21173
 12799
 7462
 8930
 26203
 24874
 21746
 12030
 6892
 23147
 12206
 7401
 26220
 16747
 21779
 18890
 17396
 17897
 20948
 17211
 8013
 10847
 23344
 16552
 7870
 13959
 12972
 13848
 16161
 14782
 18785
 10608
 10268
 15240
 16433
 11988
 20303
 17396
 16768
 10703
 13802
 19233
 17056
 19380
 25345
 16897
 16654
 16806
 8258
 19005
 18172
 15509
 21926
 25625
 21422
 14890
 18215
 16282
 9928
 13670
 19281
 9765
 23623
 20774
 6875
 18857
 19664
 15049
 18360
 13376
 12039
 20148
 18921
 7410
 11009
 11766
 18421
 7995
 16891
 22312
 14236
 11726
 24140
 18071
 18344
 24858
 8088
 24998
 15110
 22316
 14151
 12653
 18643
 12693
 6933
 12454
 13690
 9293
 13963
 12490
 18205
 10903
 7023
 19543
 12914
 23879
 8119
 16117
 11728
 15554
 14147
 8633
 9385
 9317
 23884
 21833
 25723
 9673
 26456
 24034
 9730
 12261
 11535
 8534
 7536
 15732
 20402
 13242
 8896
 16345
 14283
 11039
 13383
 21376
 22944
 24030
 14700
 14535
 26124
 10810
 7257
 25629
 25679
 17729
 14322
 16425
 26116
 23315
 24390
 8974
 14164
 10662
 7044
 10478
 24426
 18633
 11120
 18829
 14086
 19464
 10005
 12279
 15862
 17008
 9309
 16740
 12162
 15795
 16991
 14970
 17510
 17645
 18873
 17588
 8806
 7528
 12383
 14627
 8764
 16925
 12082
 10514
 12758
 17820
 7507
 18254
 9918
 10926
 19194
 8005
 25338
 10649
 10019
 13518
 19317
 20132
 23272
 9482
 14333
 12988
 20757
 19401
 18447
 18006
 19543
 11344
 26447
 17461
 13463
 15193
 18973
 16654
 16710
 9820
 18308
 16107
 25368
 13805
 8789
 18509
 18966
 22598
 9876
 13365
 10191
 13414
 25553
 9732
 15504
 18170
 20249
 15266
 13524
 10043
 14317
 18396
 25180
 12888
 14356
 15698
 21250
 26325
 7565
 19920
 12523
 10196
 12488
 8698
 10363
 19508
 11030
 8525
 9517
 22487
 9021
 15684
 18340
 15016
 26384
 7481
 25340
 14684
 7998
 25484
 25540
 7736
 25258
 15977
 9104
 15988
 13884
 11909
 14921
 20383
 25654
 10953
 16712
 19331
 8105
 14738
 11555
 12970
 8616
 9848
 12871
 8096
 18621
 16109
 17767
 12763
 15612
 18473
 15060
 25913
 8501
 13540
 13614
 15785
 9549
 21955
 16505
 13261
 19215
 24503
 14676
 12189
 9726
 24642
 23878
 21616
 19727
 16571
 13497
 10423
 9973
 19860
 10155
 18698
 18429
 7418
 11107
 23559
 10715
 14620
 26049
 17592
 23812
 18064
 15578
 8885
 12990
 10963
 17218
 19561
 11829
 13391
 14506
 7961
 11023
 15458
 7724
 18595
 13058
 10813
 14532
 10563
 7204
 12138
 18210
 23036
 9955
 9425
 10942
 21237
 16695
 12956
 9867
 16001
 10517
 13657
 17519
 9732
 25061
 9985
 24017
 21363
 24342
 14455
 16660
 16379
 17232
 22995
 17667
 21284
 26634
 8351
 8493
 16247
 7165
 27073
 14676
 14238
 11385
 19611
 21952
 16556
 9462
 8399
 15481
 7965
 10798
 9191
 19317
 14110
 11690
 11124
 8783
 12912
 9434
 25077
 9945
 17513
 18024
 17499
 16691
 12316
 19055
 16043
 15772
 12794
 13160
 15715
 18440
 13209
 15429
 9728
 11538
 11668
 14146
 8223
 23732
 26387
 17977
 16738
 16342
 18572
 13557
 26070
 20803
 9002
 18153
 24147
 25890
 26669
 19521
 16035
 10723
 14866
 21753
 23943
 17784
 24149
 24941
 8694
 14726
 14164
 20401
 13031
 8124
 16726
 25090
 10354
 12868
 19179
 14364
 15410
 10519
 12757
 15022
 17165
 19542
 10504
 23307
 19287
 22582
 17774
 11522
 13555
 15868
 27119
 17296
 21916
 24201
 9487
 24244
 14531
 18935
 19095
 17444
 24282
 19461
 20504
 18622
 26768
 25776
 13102
 11713
 20286
 12035
 19842
 9661
 11874
 10799
 18834
 14376
 14089
 19134
 7221
 18579
 15667
 7333
 18873
 10012
 15793
 25720
 19376
 9253
 19634
 11107
 16075
 23301
 21439
 16022
 21477
 21982
 12867
 15520
 15459
 10767
 15183
 17632
 23322
 13034
 17245
 8855
 15953
 15368
 26419
 10146
 8329
 14460
 9258
 17735
 14938
 20902
 7376
 14061
 26848
 14601
 24459
 15921
 13719
 14782
 16735
 9302
 15042
 9930
 23634
 14269
 14098
 8942
 18189
 14006
 7461
 11613
 18213
 27094
 17132
 15892
 22876
 16777
 11346
 23845
 10178
 24329
 26202
 12724
 12735
 14735
 16328
 9670
 25654
 15466
 19491
 27062
 11138
 17358
 26297
 8138
 11940
 9903
 10179
 25413
 17824
 27182
 15147
 26623
 12068
 10771
 23724
 23922
 18795
 21212
 17912
 18934
 21089
 14548
 16864
 19375
 9448
 21511
 14703
 14757
 19450
 16469
 10327
 22613
 27120
 13734
 11729
 24262
 15778
 16637
 18175
 10494
 15184
 11440
 11733
 15734
 19520
 20854
 12087
 14732
 11017
 13890
 17668
 10071
 9776
 20463
 18900
 14816
 18289
 9181
 13021
 12143
 14432
 15835
 14780
 22275
 10352
 25765
 23058
 15174
 25492
 18864
 13101
 14560
 9028
 14851
 19498
 18604
 9794
 17416
 17431
 16424
 12350
 13508
 26109
 7888
 9143
 18787
 17598
 13069
 21539
 13560
 12027
 13322
 17072
 22339
 14713
 19720
 26315
 21811
 10629
 21427
 16546
 25615
 10518
 20820
 25157
 13744
 19346
 13031
 13842
 25169
 22740
 8240
 17106
 18089
 13964
 13930
 17213
 18104
 17094
 12064
 15749
 11488
 23856
 26240
 11730
 9398
 14231
 15916
 10921
 11257
 20017
 18323
 16755
 16099
 12065
 10848
 18107
 12702
 12950
 9873
 16664
 11768
 24308
 23946
 13868
 8378
 8887
 18955
 9900
 22709
 10997
 11488
 13441
 20830
 15876
 8055
 9582
 13372
 21821
 15735
 14354
 11743
 8191
 17615
 17360
 8628
 19926
 13517
 18382
 10102
 7837
 25360
 21148
 23974
 11745
 15680
 21653
 11678
 9928
 22940
 9930
 16003
 10067
 9396
 8637
 13242
 14080
 17913
 12459
 16956
 8211
 11346
 15534
 14700
 9045
 14736
 10882
 11689
 16829
 23299
 17990
 10879
 13999
 10478
 15301
 18723
 15202
 8409
 19286
 23550
 18599
 15078
 16224
 26025
 14534
 22214
 11330
 15867
 12459
 18637
 14546
 13023
 15745
 14979
 22117
 19817
 11709
 19868
 18799
 11178
 18815
 20266
 23210
 9922
 11124
 18194
 19484
 17590
 18144
 12701
 16021
 7810
 7802
 8239
 8982
 10992
 10712
 20893
 13016
 9642
 10861
 9499
 15147
 17388
 16240
 10003
 16030
 13342
 11167
 26877
 16639
 17632
 8003
 17323
 23524
 8679
 17525
 19620
 19177
 19559
 24578
 13652
 15386
 7601
 18443
 15585
 11828
 26528
 23760
 14753
 19463
 16526
 11599
 24522
 18686
 19436
 18663
 19851
 9634
 24242
 17633
 11609
 10588
 20691
 21521
 14668
 9914
 15157
 19514
 20620
 10516
 22719
 24592
 13030
 15183
 16020
 17282
 22883
 13505
 27360
 21079
 18714
 19638
 12272
 19447
 14180
 21939
 11494
 8686
 8017
 7865
 8045
 12717
 19130
 26412
 18474
 15346
 16407
 7637
 14548
 9257
 9042
 16453
 20870
 16050
 14363
 10874
 18258
 13541
 16188
 15111
 18392
 8916
 22224
 16783
 15351
 12272
 12624
 12338
 10531
 9134
 9135
 13323
 14072
 13258
 18183
 7769
 22670
 20461
 13938
 12381
 16910
 14156
 23646
 17827
 19683
 22897
 19547
 10501
 9460
 13374
 18006
 17324
 21937
 21295
 18635
 17336
 16332
 21471
 21526
 24130
 23691
 17838
 12363
 22880
 21595
 27489
 19496
 16201
 20679
 19466
 18727
 19641
 15016
 18538
 17944
 7831
 16703
 16852
 16078
 25302
 24098
 19860
 21752
 17017
 12179
 18320
 8595
 27546
 15735
 24302
 13471
 22220
 17221
 20406
 25231
 14911
 21981
 7801
 10245
 12836
 11772
 17202
 13373
 8115
 15437
 10891
 16360
 23081
 19649
 15716
 11516
 15253
 24899
 13008
 8362
 12341
 13477
 20640
 11121
 24093
 20639
 20484
 10257
 23864
 14778
 8527
 8098
 16529
 22087
 14586
 19589
 11156
 19861
 17356
 20540
 18001
 25763
 16632
 10838
 14241
 13650
 17831
 19021
 9068
 15615
 16985
 15220
 10410
 14832
 9446
 19755
 17928
 11917
 21129
 15669
 11438
 17425
 12735
 19692
 23582
 9792
 21325
 20371
 8064
 13499
 11392
 15723
 18236
 21842
 18104
 17002
 9863
 8474
 14856
 11818
 15265
 8255
 11191
 16158
 19614
 17115
 12010
 11946
 8741
 13160
 12582
 17171
 19669
 16403
 18577
 20501
 20654
 19537
 9496
 27412
 20047
 16950
 9622
 14484
 19260
 13315
 20116
 19693
 16386
 25760
 26220
 21497
 27262
 8619
 13650
 8688
 11770
 11375
 16149
 19671
 17722
 20057
 25346
 16980
 13943
 9287
 19370
 22148
 13833
 15714
 17509
 11985
 15946
 15277
 10135
 16286
 20248
 10846
 18866
 27429
 19836
 17324
 10205
 19716
 18281
 16298
 12083
 10610
 11046
 13300
 17454
 26040
 22032
 25479
 14085
 20990
 26458
 16598
 12820
 21859
 10710
 22042
 9628
 14578
 15257
 14793
 18794
 9585
 9114
 26122
 20252
 16252
 16891
 12392
 12866
 18193
 10283
 26373
 16673
 10637
 26730
 8753
 17597
 21463
 20335
 14395
 10392
 24315
 20071
 16263
 18870
 16922
 22079
 23265
 23652
 12127
 24292
 15377
 13080
 12277
 15272
 19088
 27098
 13112
 16584
 19289
 13571
 12554
 8427
 14947
 8996
 13927
 20462
 9935
 24331
 14714
 12798
 20029
 21090
 11281
 9990
 12547
 10777
 24687
 25770
 12384
 10469
 16320
 12786
 19854
 12712
 11250
 9643
 10711
 19154
 26947
 27530
 9290
 12232
 20181
 17683
 24685
 27557
 27625
 19001
 17525
 20415
 21867
 15559
 23860
 11627
 22666
 9310
 18194
 13411
 13643
 15584
 10655
 8967
 9758
 17292
 22920
 9026
 24529
 26347
 15752
 20334
 15907
 9003
 18305
 27610
 9596
 13449
 13739
 20555
 8092
 14229
 13003
 14689
 10129
 26256
 8392
 17148
 21228
 17945
 12283
 8350
 19574
 14057
 18661
 16659
 9791
 17787
 9446
 21134
 22968
 13776
 9994
 9782
 21826
 18161
 14118
 20705
 22150
 18166
 21284
 13119
 8134
 8680
 19099
 9306
 14003
 24034
 22691
 9724
 26177
 19229
 16839
 14322
 11096
 25228
 19707
 20752
 24685
 8293
 8944
 8693
 10256
 21825
 10246
 25264
 21287
 13445
 14690
 11363
 19259
 24706
 13056
 20071
 9777
 18939
 24875
 14193
 13595
 16773
 18538
 11123
 13168
 16083
 20221
 12294
 20730
 14642
 10889
 10918
 17454
 26258
 15567
 24670
 10146
 16359
 8804
 27014
 14554
 15023
 22620
 12746
 15171
 25749
 17513
 14861
 11491
 25013
 16803
 12590
 21840
 8321
 14280
 27274
 12609
 9315
 19270
 9314
 17218
 11044
 23093
 15454
 20332
 8716
 8107
 15345
 17524
 11979
 24523
 19423
 23875
 11575
 25150
 13021
 9734
 17175
 22436
 26168
 26502
 26496
 11532
 26585
 17274
 16797
 9282
 13800
 13052
 19317
 24393
 25742
 18746
 22984
 22698
 17887
 16462
 23353
 15531
 20311
 14576
 17555
 17283
 16580
 15177
 20741
 26925
 19205
 21164
 9135
 11100
 19601
 18945
 20866
 24814
 20507
 11265
 9059
 18403
 10485
 23337
 17136
 21711
 9715
 18024
 9446
 9870
 13137
 23739
 24675
 18680
 19703
 16316
 17927
 22454
 9500
 9143
 14208
 17236
 26089
 22205
 14982
 27798
 12159
 22171
 25188
 15344
 17531
 15245
 13465
 15825
 26809
 10448
 26174
 9216
 15448
 13366
 10920
 18570
 18588
 9277
 17840
 15802
 21433
 23362
 19441
 14730
 13359
 17362
 14321
 15544
 14545
 23969
 15108
 10621
 23306
 24286
 19950
 20922
 21378
 26247
 8808
 18452
 9181
 8889
 22181
 9539
 17701
 8683
 14932
 18245
 10249
 23867
 27592
 22552
 25030
 21929
 17175
 11527
 13029
 18947
 15776
 20420
 18757
 10400
 25873
 25911
 9435
 17073
 19688
 22294
 16311
 26901
 19224
 16982
 20936
 11308
 18798
 22720
 11778
 15182
 26676
 12136
 19359
 20285
 9333
 19226
 25029
 18296
 14946
 16822
 10311
 11154
 18389
 20606
 15150
 18274
 12373
 13804
 11097
 8764
 15129
 12074
 12674
 19904
 20976
 8668
 9571
 10641
 14784
 26208
 11832
 15209
 11150
 17274
 14087
 20523
 18046
 17993
 9278
 24345
 10842
 10078
 23932
 18759
 27096
 9486
 17299
 17200
 8439
 9926
 18540
 9575
 11051
 27518
 15819
 13552
 15674
 13489
 25044
 17969
 8485
 9323
 19790
 11171
 16555
 13412
 13992
 17485
 19370
 26733
 11706
 12019
 18919
 10088
 9548
 17451
 19184
 17853
 15484
 9616
 14945
 9226
 26172
 11706
 22884
 16059
 22715
 8974
 22588
 25210
 21477
 26354
 8899
 24329
 12589
 25540
 18130
 19629
 21098
 24363
 12994
 19661
 14015
 11630
 21969
 11132
 12512
 10436
 9831
 13907
 17138
 9100
 15961
 22146
 10866
 25501
 11181
 17000
 25337
 12896
 20799
 11394
 9918
 10845
 17380
 9824
 24316
 19156
 8781
 10494
 8821
 12494
 27566
 13938
 11224
 13554
 24287
 15745
 22335
 19067
 19331
 24951
 19164
 10986
 11528
 20150
 20885
 8825
 16078
 27054
 8973
 19344
 19819
 15087
 11109
 10171
 27630
 20123
 18531
 25691
 26754
 14367
 18578
 20732
 13014
 25827
 11658
 13767
 18907
 20256
 25457
 12217
 20333
 21234
 17314
 8980
 14261
 22958
 26957
 23220
 21134
 20341
 17760
 20709
 23432
 18665
 9956
 12275
 11241
 8640
 17642
 18881
 15194
 13399
 17640
 13310
 15457
 14537
 16959
 15541
 20363
 14784
 18015
 9669
 17837
 17643
 27885
 15152
 21674
 9617
 11203
 12215
 11191
 15620
 25305
 9446
 16925
 14457
 21059
 19852
 17695
 26200
 24602
 10830
 17053
 12463
 15744
 20285
 15064
 18379
 23774
 26052
 11928
 17706
 20304
 13190
 14730
 20939
 20484
 8872
 11085
 21895
 10974
 23019
 12815
 9060
 9600
 9149
 14323
 14119
 23176
 20976
 10519
 21034
 22906
 20939
 11251
 22990
 19552
 11551
 22660
 18611
 20367
 27005
 12841
 28421
 9548
 26534
 11789
 15289
 18031
 22339
 8551
 28121
 9479
 17590
 21087
 8700
 23645
 10705
 12850
 17562
 24765
 16774
 16664
 18782
 9363
 19742
 12675
 17437
 12658
 22829
 14187
 28358
 22779
 18470
 9384
 14586
 18204
 24364
 9375
 27806
 18455
 26121
 23328
 12111
 10692
 8802
 27279
 12757
 26521
 25066
 9538
 12955
 11209
 13749
 28203
 24190
 26859
 12304
 16023
 9283
 22813
 15216
 10709
 25390
 20361
 20584
 23803
 10417
 17351
 16096
 25734
 11938
 11298
 10850
 11712
 17008
 11679
 24277
 9479
 11319
 17851
 14320
 17387
 27793
 12053
 18695
 16792
 17711
 13292
 14826
 13653
 20265
 20234
 17327
 12876
 17651
 10241
 19084
 14315
 18385
 14997
 14825
 18698
 11308
 13883
 19990
 13199
 15909
 10271
 28089
 9198
 17417
 17804
 27851
 12597
 19525
 12072
 9315
 19207
 26140
 12638
 10802
 24966
 13143
 19296
 15921
 19222
 12188
 28396
 12536
 26176
 9219
 8846
 15633
 16757
 14180
 16839
 15373
 14324
 21237
 10157
 20757
 21998
 23187
 19859
 13411
 18407
 24927
 21898
 12529
 22879
 19211
 9415
 14866
 18098
 24468
 11303
 18048
 26173
 11762
 18577
 12342
 27842
 20206
 19067
 10047
 20749
 18996
 18576
 13359
 17592
 20905
 17488
 24785
 26861
 18174
 23576
 18816
 19562
 16262
 20163
 24473
 14825
 11300
 26993
 8944
 9920
 11817
 17256
 21667
 9735
 18237
 10616
 28269
 9272
 24123
 24451
 18812
 16636
 16066
 23581
 14212
 21475
 9384
 28112
 19124
 22356
 9330
 16291
 24714
 11238
 12354
 11356
 10499
 14413
 28656
 10980
 27798
 18810
 21021
 22314
 13954
 11036
 10883
 9354
 24612
 14700
 27537
 13487
 11886
 9960
 20342
 9654
 25492
 18717
 9403
 9270
 19176
 24938
 21014
 25885
 10121
 15651
 14748
 20732
 17944
 24435
 27703
 13062
 11787
 19110
 18937
 21333
 24069
 21862
 13615
 11246
 16805
 11556
 18041
 17126
 28446
 22458
 24185
 27908
 27591
 10798
 24714
 17896
 9556
 23417
 9459
 19085
 21349
 16520
 17084
 19404
 12286
 14499
 9504
 11009
 19639
 19437
 13444
 20561
 24852
 20812
 27751
 20524
 27575
 21545
 11482
 12176
 11348
 9913
 10130
 24462
 26502
 20701
 27324
 20625
 9632
 11719
 28304
 17628
 23079
 27999
 10185
 20946
 26526
 19333
 19764
 10364
 11842
 11607
 18983
 14247
 11127
 17141
 12020
 16429
 18018
 22339
 17501
 16213
 25432
 25999
 19818
 24285
 21047
 14612
 23034
 28246
 9684
 21661
 28598
 9328
 20053
 11278
 9740
 15864
 10112
 24320
 14362
 9984
 12788
 14476
 12713
 22494
 14166
 19690
 17021
 15351
 22062
 13114
 19530
 25438
 24755
 9506
 17833
 12887
 15652
 18521
 18667
 28481
 21977
 24643
 26029
 15315
 22617
 9054
 14156
 18822
 8941
 14429
 28283
 22036
 14165
 10099
 18355
 20639
 14457
 15187
 16299
 10389
 13699
 14549
 10952
 12978
 19819
 17115
 15094
 16326
 22035
 21621
 22072
 18745
 15221
 9953
 13692
 24493
 13945
 14455
 15634
 14179
 18123
 19748
 19455
 19232
 18797
 20342
 27885
 28177
 8936
 15480
 9733
 11788
 25289
 16061
 10016
 14425
 10346
 25090
 11002
 13969
 23054
 9071
 9352
 20614
 14577
 19231
 16555
 11844
 17279
 20417
 21862
 23223
 14756
 15485
 24909
 14828
 11268
 11963
 14302
 21532
 9292
 24768
 20148
 19270
 16488
 10266
 17689
 9532
 18038
 14815
 18524
 18497
 21627
 13073
 23172
 12593
 12726
 12004
 22532
 25666
 26994
 23075
 19855
 16938
 26847
 21968
 24621
 28161
 20066
 11531
 11631
 21288
 10891
 25140
 15007
 18634
 18088
 22356
 15964
 22210
 22745
 18329
 26341
 10365
 20740
 14561
 21683
 28417
 20490
 12922
 18636
 9262
 11993
 20070
 12118
 17700
 17155
 17412
 10440
 19110
 20975
 27117
 14919
 23262
 12783
 11037
 19184
 14528
 15410
 15187
 20624
 18835
 24602
 21722
 22236
 21645
 21744
 10440
 11294
 27678
 10678
 13447
 22062
 17553
 12318
 10547
 14946
 17582
 17658
 26851
 18854
 20868
 15379
 17227
 13007
 14661
 14302
 9249
 16652
 13841
 12140
 18654
 15710
 9944
 14657
 27272
 24170
 26650
 26055
 11886
 10509
 12433
 18083
 21236
 14640
 20466
 28072
 9615
 12891
 11120
 11243
 18739
 16526
 27169
 17495
 20171
 22990
 19621
 20162
 9992
 14333
 9540
 10335
 18623
 19054
 15767
 18709
 24076
 14743
 25771
 13457
 13275
 20551
 14433
 21176
 10760
 10074
 14009
 19423
 13893
 24299
 11472
 15550
 28349
 14761
 12295
 19905
 11926
 10221
 19207
 15361
 17532
 11019
 13441
 13812
 22460
 16743
 20699
 20704
 19118
 21194
 12712
 11030
 23255
 23669
 9590
 27644
 21613
 17781
 21967
 17675
 14268
 15768
 14264
 17435
 21608
 16735
 9374
 16955
 13812
 19380
 16945
 23045
 14019
 28445
 26833
 10289
 26270
 28658
 18825
 24873
 24501
 15404
 21721
 11454
 11977
 15902
 17977
 27161
 11273
 13513
 26970
 28660
 12059
 14922
 19279
 20202
 16798
 15799
 13772
 19659
 12045
 12330
 20526
 13877
 12263
 14684
 22619
 27552
 14893
 10166
 15627
 26360
 24683
 12196
 27591
 25777
 12794
 21547
 14897
 13078
 22341
 15965
 19428
 9346
 15627
 10410
 28766
 10835
 17317
 9945
 12475
 13563
 19881
 28567
 29027
 9433
 24654
 27983
 14247
 13447
 27440
 15964
 24584
 9525
 9238
 18267
 11193
 19575
 18866
 25924
 14278
 13499
 17001
 10169
 10293
 16765
 9300
 17440
 16363
 11070
 11686
 14574
 20242
 22578
 12079
 24773
 16762
 13273
 15936
 23999
 22942
 21424
 26224
 16235
 17801
 13481
 18399
 19416
 26712
 9560
 21017
 20912
 12513
 14672
 28093
 9639
 16596
 20781
 18910
 13939
 12641
 11859
 20777
 16958
 12378
 10679
 26600
 16953
 14970
 10940
 21511
 23028
 28775
 10530
 27830
 9420
 24308
 15482
 13678
 9924
 23338
 19740
 17111
 21111
 10152
 23132
 28040
 26988
 28681
 24091
 11793
 24396
 23397
 20602
 10582
 27312
 10266
 14676
 15677
 16606
 13516
 18892
 16362
 10005
 19594
 12645
 17576
 20518
 15603
 27537
 18315
 10407
 29113
 12492
 13747
 14914
 10214
 16330
 27156
 19475
 11900
 27757
 18484
 21554
 13057
 15611
 24981
 14957
 15834
 9744
 13043
 29018
 10263
 15569
 13360
 20043
 23792
 12481
 16751
 15554
 20110
 10870
 24061
 11656
 19853
 23022
 26262
 17273
 19872
 20927
 20871
 21762
 23222
 20140
 16560
 26414
 15740
 28255
 20205
 26620
 11555
 11123
 15637
 20501
 14467
 28625
 10498
 20125
 28608
 14814
 13682
 16040
 24875
 10386
 18861
 29103
 17453
 26604
 11496
 18627
 17696
 12804
 24202
 13153
 14622
 27969
 19565
 19303
 22494
 15276
 17607
 19206
 25979
 19653
 14666
 18392
 12312
 14933
 25352
 21876
 16290
 10020
 12667
 17279
 24948
 18507
 10243
 15589
 24353
 24108
 22257
 17673
 17485
 17057
 15589
 15897
 11388
 18035
 9779
 10502
 14064
 20940
 23659
 28722
 15437
 10702
 10073
 11051
 19679
 15045
 26154
 14327
 27934
 19611
 13968
 21136
 26769
 13035
 23623
 15826
 23537
 22008
 25625
 19666
 17199
 20766
 20287
 11346
 12121
 9961
 23754
 15154
 28121
 13189
 17185
 14121
 9566
 29078
 10539
 15093
 16607
 17033
 13487
 29455
 19645
 14091
 12122
 19426
 13704
 19288
 24001
 17469
 11301
 14070
 24648
 18119
 11727
 29156
 21442
 25491
 21500
 21741
 21241
 12820
 13729
 16417
 14897
 13459
 11320
 28581
 19016
 20927
 12832
 14346
 20289
 12803
 26374
 27868
 10401
 10526
 11587
 11804
 14265
 20047
 10022
 12432
 23877
 27568
 12884
 14969
 14548
 14501
 19213
 18662
 16266
 20692
 15185
 9767
 18626
 20503
 9730
 14148
 21656
 27216
 15019
 13486
 10150
 18396
 10849
 15414
 20813
 19372
 24874
 16030
 15190
 14960
 17084
 14829
 16601
 16340
 14950
 20167
 18526
 11951
 11029
 11611
 11587
 20377
 20944
 28830
 17021
 9822
 16068
 10777
 18882
 19185
 26759
 26335
 13479
 13826
 29111
 16802
 16869
 13618
 13251
 24934
 14369
 16551
 15949
 19061
 17612
 28251
 18062
 24852
 13576
 10522
 16026
 9846
 11469
 18348
 10854
 12880
 14922
 9999
 13223
 29069
 14320
 24777
 15804
 12291
 24107
 9628
 10511
 12166
 20818
 21947
 27800
 22395
 10050
 11036
 10627
 10224
 10438
 13679
 10355
 29418
 23322
 13070
 13831
 9918
 23375
 16564
 19995
 23172
 16753
 10419
 11858
 12457
 11400
 11265
 12371
 14436
 22684
 26515
 24946
 20011
 23644
 19597
 22064
 14279
 12833
 22040
 23973
 10086
 14574
 18485
 24125
 25167
 16507
 12626
 11841
 13979
 21811
 12474
 20376
 10178
 26522
 23409
 15949
 17203
 16755
 21409
 10835
 25065
 20512
 11534
 15622
 13370
 17835
 10065
 20980
 15665
 11206
 10595
 21084
 14943
 16558
 15096
 15829
 25389
 21461
 28558
 21842
 17013
 17247
 15622
 22628
 13586
 11661
 18706
 10017
 12405
 18521
 18992
 15268
 18457
 15713
 21910
 19061
 16410
 11847
 25102
 19179
 18081
 26008
 29604
 25902
 26691
 18892
 24190
 18850
 19819
 11630
 23179
 12321
 19604
 21660
 18271
 25384
 29532
 19185
 25150
 24661
 12758
 20801
 21590
 21135
 19806
 22597
 12274
 12326
 18898
 28408
 10253
 13757
 22271
 10432
 22148
 10150
 20058
 20049
 14703
 21804
 20177
 23887
 23441
 16150
 29632
 15762
 26477
 18667
 10600
 21231
 14524
 18257
 13021
 21973
 15036
 13595
 21823
 22293
 14667
 13026
 12364
 18981
 24853
 20434
 18195
 15558
 10410
 24393
 9836
 12773
 22132
 19164
 29095
 29151
 20935
 21210
 26114
 16233
 14553
 16661
 11358
 15055
 23252
 22494
 19092
 16379
 18954
 13040
 20900
 28280
 20233
 12080
 17775
 10999
 10959
 24627
 19494
 24818
 25055
 14209
 14721
 18544
 17460
 20632
 16725
 16232
 24662
 14228
 28128
 19561
 23371
 21550
 22823
 23033
 19632
 22371
 18626
 25404
 21224
 12950
 17109
 17464
 10291
 19256
 12323
 26166
 9955
 14215
 27326
 19532
 10315
 18485
 27938
 20345
 18233
 20075
 24131
 11824
 28261
 16941
 27587
 19897
 29290
 28607
 17993
 12660
 22133
 23432
 10415
 20864
 10748
 27574
 10810
 13563
 23570
 13795
 22639
 14922
 11480
 15702
 13764
 13371
 20597
 14957
 15541
 17129
 24712
 28282
 27129
 14976
 10013
 17163
 22004
 18434
 22463
 21103
 20781
 16554
 13870
 17301
 26083
 21614
 10225
 17015
 20507
 18186
 23437
 26552
 17117
 23675
 20662
 10825
 20097
 17897
 20485
 23602
 14724
 22120
 16492
 25743
 25215
 29856
 11142
 23256
 16185
 12332
 21298
 26470
 22620
 19681
 22593
 16147
 10086
 16944
 10605
 16610
 13921
 10829
 17901
 28927
 15284
 13104
 21958
 25479
 22363
 11484
 20901
 16011
 17205
 18974
 21418
 17105
 19869
 12984
 19207
 29660
 18844
 25791
 17994
 16301
 18620
 12130
 20694
 19913
 19712
 28716
 23865
 25853
 26290
 17804
 12377
 12864
 11196
 12626
 15312
 29720
 14748
 15933
 21242
 18784
 13074
 23923
 15597
 16712
 16251
 18768
 11944
 18589
 13219
 13443
 13007
 24651
 20343
 21877
 23510
 14624
 12313
 16459
 15772
 21170
 10999
 28846
 29690
 10852
 15582
 20394
 14459
 23301
 18954
 12627
 14479
 11834
 25250
 23631
 21691
 15837
 21506
 13967
 24499
